2.208368893087208
32.11804571253632
29.196963708242535
19.853728735309332
19.36707858763051
35.96603892975324
27.632146556665965
10.271328944341601
9.461622241451838
17.32139803968251
30.96697819986494
22.3880112757106
32.96043855885208
35.848160117505955
35.850561292219254
16.611695462945544
15.282412782938618
26.32598266148358
33.78088447114821
22.729481627451968
19.050026520387224
5.167347315304619
26.904255177768412
19.112219747043618
18.695898861106606
19.97407084619858
20.21904018477722
12.415086544046995
30.148138396072248
0.5906490225311352
34.94069569621789
35.91308056436487
23.608392338036854
33.22212634902007
28.43936373800191
12.775404760302212
16.86013694040129
0.09201984078173098
18.01953648646397
4.158114299675265
11.652606941383208
35.115651920501826
35.39551396424922
26.248164463891815
16.050986629635908
34.441021331160776
10.314461342029505
15.908077939822526
28.91556899729025
7.679071176896594
29.740707831033973
4.261626616533496
22.71838372099233
51.30874939300843
54.439973070109566
66.72663198811829
63.69899444760363
44.89347880112444
43.374865336582424
71.10760711139844
59.60001255713813
54.07631698129413
72.56691364695604
48.531339462894714
41.8249627962625
59.77343632117531
42.136657907468376
58.5026035110751
55.508982796360904
68.57801287502275
41.023699144660505
65.48552111646228
66.12391425948861
67.97648934064382
40.68110774359394
39.066045249624636
69.97018137610223
56.12877361627109
66.60394267763328
38.35368454897431
50.59096393549086
60.687633407351726
53.90628131714842
54.60961884079625
57.25781815910143
54.37905561231566
54.06098013672474
47.439731136802585
71.5770228830481
55.58261298646396
56.78098782199622
63.98132012489529
53.55892722638315
47.6160089127049
63.803208580386496
16.897532470344004
3.948095346760323
8.045499103112885
0.35976129042072813
11.5809235120843
16.717032022984284
7.234492670900464
17.62364134166964
1.8302026024519726
1.3428404592526775
21.181269574649093
13.072584885709214
19.88201806740728
2.863908077492633
4.990503749506427
17.26333673747205
9.410020921207463
20.32051750780764
13.679683780099683
16.931603170253208
7.715174265491369
8.04879450256251
21.94082230793272
10.385927949327096
15.019039943384131
2.604537195455986
11.805149418006252
22.263751381391195
12.391404572857668
2.352992890376843
10.22884290474397
44.346134550609335
37.79934278614193
35.47654935215451
24.300924704515374
44.58992784552958
27.71177928583986
42.28643212771703
34.772303485400336
30.153699515146023
35.3428003083133
24.042620172456996
29.63788587513292
23.710736863364314
31.097827899651996
27.42402671867646
36.57198099613681
32.77544906782049
25.166126456807447
29.46747717475209
32.88487393106793
35.35943351113953
37.41218174323725
37.29707561497459
45.92361706042185
26.69457713396423
28.766093070464965
30.385929951037806
39.396812073727624
33.07502737901421
43.244660800220466
23.826663691283116
24.954906817818014
45.36260918826301
40.95783459306428
38.018162019757185
40.97371715210655
34.97954797003813
26.35691727084989
26.222943413611446
44.94561678083951
39.958510754868726
32.67007271234647
28.168975118791245
25.510736766011398
24.426694531351792
32.77867725301467
32.06222916706478
39.6707740561082
34.419507869615146
43.84871727945001
27.991548852501367
53.62252191046449
55.87720865159396
54.40694700782763
66.1821214936727
68.37703764387389
59.95387982223097
64.20802849609971
54.96933689784548
58.4488529581838
59.85137663850648
68.81877373632084
50.960918301920984
60.73960315927634
51.154755706621906
60.32233081521315
58.85430564972515
66.44725087424982
59.79280435982027
62.97095156614284
62.53116940744184
61.074318032060305
54.62565177372503
65.74276336577357
60.69869716869969
49.374680532525055
52.710119957219824
46.5181224434641
49.793299689570134
68.72262882462466
68.69154157571157
62.978310635309626
46.22273391422072
66.10331398101641
59.677979668066925
57.39647176152096
68.58567367451148
58.1758318850091
55.48367219089633
64.78218519752835
54.99009711674577
61.655425284797694
65.12982805175034
51.658066267322745
62.58130899477214
53.65339745055065
51.26304377230935
51.78301405186391
50.62239362235679
63.87055773299922
54.97365918974004
55.33963701999154
59.78321465438406
12.302812132345235
6.791942993628788
21.96645956874964
11.504272779361429
24.78975746915411
25.312573451552453
12.589019653112464
4.080080895229704
18.81904107908202
5.464676835858171
4.0374624827125185
5.457696832591237
14.460801531768208
8.090101365182067
6.716581002495956
13.191531604112505
21.973731675328978
8.084706194850387
5.745455720732796
3.0608655762982693
10.989927732261847
8.443148993655246
20.899536269058252
1.2200642847907712
13.893108468135015
3.5850662655183925
16.676195963491676
1.3671625075198168
10.019936099776489
0.9981039284973701
14.000782952175808
18.314406122118626
4.476449001632462
15.946275530365952
17.616788430339778
16.425767305852066
7.771917988461687
0.8651367400370553
7.240538392142049
20.48697136356849
16.54998539380477
31.248133357066223
30.64529051581926
32.12404585521244
29.69526902981575
35.6021621691135
40.83371799290519
30.423820218723346
35.90236717391953
46.79407821392785
27.71932499095787
33.51593005841313
48.038642036010856
26.164375093393033
40.46283439116881
50.960675975167504
43.07219532740652
50.28734671008705
52.749021300913874
47.94559739467867
46.69514985204523
28.64270203072163
41.63156477522013
52.87332771988588
48.037867313515285
45.30579696304477
50.34248915775809
48.99358064507878
52.869087529060614
43.35036237947065
36.15710951193561
32.66061720533476
50.79939214050847
38.18486535611382
33.63879245716656
46.43796588649058
34.04965672084145
30.73468024676674
29.8466482650152
43.8092355390238
37.13741211186456
38.43265079944217
31.040269870976264
9.809678907690902
9.738738917468973
0.3027644362547006
4.357574546352059
10.94413254983977
5.661819355169149
10.639821747545268
6.551552372464381
1.6868872800358545
5.753858668933757
3.4014709316175487
1.295893232523543
0.19402215040631
9.201604863222112
2.0512163031187693
5.9807448356092126
2.047022910717957
9.625615330125262
8.981527593515352
4.236571060454102
1.3844494810320263
2.3940651999529283
4.415151012877013
7.252381445810686
2.624779769195153
2.124589186932451
4.688955050603915
6.161666443738592
6.880382885024851
2.2975655280658196
2.0089569537871865
4.104062677422518
3.525527830424946
5.781154488339176
4.317409727250897
5.864186271157051
9.806340186785274
4.941308151006395
3.121696231736444
3.6247294413894395
1.6794418681567795
8.823045865997193
9.499283579527116
3.979709284133953
1.7789540872879757
4.909958343787812
4.8387490188441395
5.479416574142332
5.696811162970107
3.1834057515729057
4.547431284038297
5.0719146729743585
0.6242946259745548
1.5362839556755348
10.875482341526341
8.214907673892176
3.3787727111855714
10.867713960135129
7.016709879816204
4.031771013095374
10.175098411096037
17.76471807770069
30.50443702218623
15.932287834050245
20.130056377640535
30.98429536206278
31.63121056141113
18.359616431485364
15.843928177058284
16.767595709395852
29.734162914303724
16.913379284049334
18.458228400758877
18.601710206555687
20.145872430886524
14.435568437905848
18.764384787930222
22.560220708064865
19.56056193619149
23.958057038813163
15.949922561455423
30.76011901388275
21.611604555751768
24.37196672974619
27.066515535016826
52.55393224191108
43.20559069773211
40.86648015673573
55.01455354958315
47.67937453989523
43.60269555997037
53.15478715627213
53.71869191821974
46.36293655245511
43.569371139113485
38.77155092259103
55.30155872302961
49.962742353874624
