24
24
29
11
51
69
37
42
45
78
38
44
33
10
66
24
12
55
31
24
94
98
80
66
49
37
20
12
52
29
45
46
112
53
10
94
40
57
39
58
102
64
86
88
42
71
20
69
40
55
36
78
106
80
107
24
51
60
40
38
43
26
21
76
40
55
85
55
99
22
41
58
90
82
16
20
13
15
68
27
15
12
27
52
81
64
91
102
82
84
49
12
20
39
47
12
25
17
34
84
43
29
28
76
32
20
35
52
12
56
14
22
35
37
22
24
48
63
9
17
71
48
48
48
48
48
48
48
17
38
74
15
80
