113
64
53
19
39
20
20
40
20
23
57
39
96
27
15
72
80
17
10
30
59
132
48
86
57
56
10
27
21
55
30
95
36
21
90
14
25
102
60
90
69
109
51
62
53
63
35
52
27
104
90
24
67
52
54
80
53
69
97
63
21
36
126
52
42
81
39
51
100
88
35
101
80
65
72
40
67
30
28
117
80
108
74
25
113
42
27
67
16
36
36
12
12
44
78
95
106
122
100
77
85
24
20
24
15
109
134
55
64
73
24
18
52
46
44
29
32
20
40
37
15
41
19
49
21
20
32
21
61
77
38
22
104
29
27
42
