34.49333450438701
42.88886459770798
19.208673977399467
28.527233191376823
26.63246744961079
32.38355633304506
10.26632263215088
24.80526833366064
35.42601836557697
11.680324900536927
39.21821742614653
1.4589356716653565
43.007344414365
8.86752141532105
19.312127367928433
52.21308105912148
22.036155596277723
42.89751930814136
0.21967816707827836
27.31658730017224
44.199040521716306
14.840616426662772
6.7918841883185355
6.05952969694263
7.087654533862133
12.24659452705992
29.41913547632283
25.667691073282406
20.91081251372848
36.67760161041407
41.46177926277806
16.910932831974197
33.442246017536114
43.254374459315166
11.849091082222783
4.463677089667561
48.839607839035395
17.553886414645394
30.62543703820621
22.701664505469996
17.461056451171345
11.061446825563268
34.9314251021253
48.740615046609534
50.28427580030015
19.820554715128182
5.219186591195912
31.61971842343676
51.348781867787785
36.85546977004257
16.83598555407555
15.505592271676703
26.868335395407748
42.55171535631222
14.087240734944533
34.92680344339418
21.34265482213427
0.37931724341641804
9.217701458703466
9.761097811531112
6.35024338613883
12.489448195098948
39.37965902392549
30.812244291770618
18.08279137084207
48.217615124044926
18.952057144881948
21.23849467785802
2.439006540976033
47.78252691658366
18.15394580406141
21.55405598388605
10.003793843030767
29.0756603187006
7.988400657829612
16.398849285666177
16.265896414053305
41.28586523288628
34.58927356597189
28.177557718052725
28.560821946734983
7.397562283249115
39.12622825652891
9.55566831973957
25.388927733844895
47.83161929550941
30.806256699673405
11.260391644464443
40.968847469142446
45.10175667208839
16.47276173030333
23.882717695745665
21.197608982577503
5.405541741862017
37.79559504836492
1.0807971071786042
49.24818456432837
5.502895967939418
13.203388654521302
34.48290562837519
16.60653016374086
19.206333843197065
26.692814137557157
11.074255764648615
9.225336563376182
7.052456487621468
9.461678513025529
40.0107358672468
36.64538467495198
31.890369933480883
40.687433057340925
28.981271125119733
43.06719249901206
44.799185543001414
12.521624379926479
1.9912468210350518
25.430969510873688
33.62307472201961
29.814080144751223
35.48036067448196
0.31661567441171634
40.5016228527875
14.24059755362023
42.162356592392804
2.0787330761172065
33.05615496689833
40.45008658181489
10.83627878497384
52.71148080420143
34.99470542488687
8.529051472229213
30.34091209715517
8.198347559717995
36.683818103508
6.04891111032067
0.5123174293564698
38.38765347812919
18.451374774149908
19.562812901438612
23.5128256139107
23.4643737847748
48.74399891388206
25.827800257845723
14.319512864877996
8.383101546971272
8.870223810222361
45.40493522598022
25.233914162323575
39.26276133927926
25.961253520973422
11.433570686592917
43.48518264275436
16.4865682591959
31.02309444756628
36.73002741946573
31.966407732795876
8.286075259418354
28.13041905051907
25.40582070539258
38.539862931048184
13.082809789292012
26.616540568771427
48.65170063986754
21.900376455720497
37.00149169554953
5.516592421355742
0.17385869914494378
44.81500963624053
5.692419125500585
40.55418176596981
16.492328578463344
9.453673274650416
45.733007875782555
5.358274405966287
0.1951676515234375
44.58168615954593
32.00252756032272
44.84296706805487
23.776843537906416
7.886695619980134
5.916550834679314
28.4553378684693
5.8326227340961765
29.35704382701754
23.74978261104975
16.94122559982395
6.221677035835979
7.337246369189042
25.82609980599706
31.418233158499294
12.851035341680287
23.24487543247492
14.721194058183002
6.379072804695032
58.550463897386344
11.477481208932584
47.36307702047677
8.102991475530871
16.43130959360555
25.00208316389552
13.078790684890485
10.739537801385355
43.823669608696086
16.540611374021843
69.89592816023142
46.925867217266735
18.04702488266408
9.34729302722912
60.963285033159664
8.990670426060873
19.859445404360738
16.335480838398208
1.6758165011706474
30.878800225378665
35.03018199412992
19.27336856994444
10.01960872155875
62.86811393456098
46.269127504776996
26.226095711559868
66.31193974452896
65.03762561213695
56.895808659218766
1.4905350005792144
62.44426693913857
40.13023802687326
36.51496512590673
34.94122156447631
22.024714948946105
19.173561278807778
71.5191239513737
56.776849073426526
54.242451667022834
25.810937143761464
37.05578637192308
28.541146320986137
63.84470352123895
18.613002226409403
7.9713848890923416
64.87387750456452
22.261838845950518
12.539750163482188
63.15589902913008
32.97558787411705
40.87202912368367
35.68259705716699
0.9177472594119784
42.30521093185968
9.161352491048783
64.73694916329241
1.560164327671167
15.057983771639064
34.412465147097
69.72688991515504
6.661724285237517
6.55533344468145
31.401080140827187
6.271282065431333
35.701693916066574
7.624511234127585
15.648063086361354
58.648990030237236
12.057671245039973
2.143269157377601
35.40301169664319
11.789902002602046
50.19676624466155
40.36425059996421
72.55028089534328
70.60881576142022
55.733831370639244
59.4413407919741
12.696901657476406
64.48162355942036
18.41158210884891
60.533492454526375
39.12157546239664
12.049248820658342
11.618096671086516
20.341297402202798
69.30696519517994
51.2697137918511
56.109572379721584
26.311934221986984
10.179805699403076
60.63812744082371
20.43526192234243
9.513487411542185
30.701854983483543
49.01832991351715
12.174164846666365
19.18347428439683
8.404103316848616
44.3334123815372
62.53609589020921
23.59208096057867
6.855393869930078
58.353347987569514
72.0565778647831
16.823203421467188
54.602397628792225
20.512387668253517
6.317712722701122
2.2815808194501503
46.50132388796566
55.554519577000065
26.25360364572517
18.865433648442313
10.885834803194344
15.500153978893374
27.45500592970744
31.65472730840792
8.110819359630947
4.204639394530657
20.830477409840697
22.110987364057394
23.33565312148103
68.08871493682253
2.944322269670524
47.55117500636958
30.294883601645815
16.813941620863567
5.929703089963745
48.1623162891171
0.4504614234230928
43.280181191545694
46.904822338069295
43.87419800645779
10.28979898854448
14.757813180014091
11.526002959322149
61.533818405439774
25.293492817109584
39.41866494297817
24.896793312841865
11.258358386305535
28.045242224574956
61.398773239568996
15.535867749749542
63.016618253987666
10.936016456801479
28.827906413463175
59.06106675114871
28.835318560257065
52.16574248254283
45.942418338516184
51.35624874747214
20.344388945152136
53.21309318683877
72.71878818780422
30.50480734742111
7.35031673252637
14.385273414997156
39.819137806079915
11.845695825654643
72.75565807885053
0.9173276368243233
51.38916636481412
51.261786545688004
8.050437596129584
31.867790757666764
38.82121556086933
51.370163803674764
60.35646823224299
9.76372529607674
38.41012508817633
33.52518266811397
40.16891222624613
28.85122642608709
42.087490129019436
67.18505021384055
8.471776475689445
66.08373259600666
7.288277885905066
39.026688350248016
32.955172811939356
39.18864819435804
37.97718266300461
25.643635406862728
43.000568784934416
47.30181686424745
47.925558152427215
32.38347393484494
37.59707769436773
37.198517290452486
61.57643124599127
45.85086625804302
5.0520685222792885
27.408706381482833
4.298047099131147
32.12293487659579
42.9057467039442
58.6124597058562
56.13811717696857
6.433941083849048
44.72799661907537
16.675661347495783
30.212792584340512
6.574060587656947
35.25935195911953
61.780843346685884
54.57264137972461
17.748842980079562
44.84413152618593
62.18626891666763
51.09956362597082
68.64101774948871
52.94768617350927
46.680042909081884
52.92263298626008
34.038287472596096
65.93887634134143
50.92067438516422
36.99730349735836
41.05567991840575
44.49567392369877
54.47937876190048
16.633685291469835
62.59218499998956
26.2316572259608
33.8631079194044
34.26061857165714
13.393096891598876
9.705935683574376
35.130239884921316
45.89509296993373
7.114906440871711
47.23418931880124
45.672721516776164
68.80996296696549
32.97588229482045
31.008854326066295
13.82655173559679
30.805360548986343
60.58970849826947
27.639040327522324
62.28658073211086
3.548348662995209
17.5632719625983
63.38323074758168
32.25814908314605
62.71303697551514
61.03953171374531
43.955423701423584
9.292628767959982
15.907799479244083
2.2655967671819788
61.90742661253752
53.120926858045976
40.533834575601134
37.13831527830315
37.274284420576706
51.82957895786653
57.86361660307509
53.07819100420673
28.390050521463237
62.0167151501886
19.724939212199402
30.168946511298348
45.90258629147924
31.816977996630474
30.241573790483095
59.372557665589504
66.29133817809462
64.54052578665537
14.332751924305397
10.470182486142411
27.395650398449884
10.024050691591189
56.39565209168942
40.98841479822424
51.948214746270885
38.237641237584164
36.473264166518284
38.038691561176236
66.70368562419391
18.696417927855272
57.58219740488171
56.47353533488862
48.62098453522894
16.51474826140831
46.42210987302615
12.279480359397468
12.627788234236498
1.8631991055709314
6.36521903060286
41.760836713804935
52.75582295473902
54.980312350992236
31.82734311265263
43.45282186308125
28.74499267950988
59.204271538101146
63.79740698368134
25.159283216461642
25.564709085236714
54.11845569161606
48.250651564908196
13.6449157431524
58.98639469305026
66.147300970904
0.5624460565848892
39.95841462349053
37.987773773094744
56.1698112472703
31.8921707440223
40.18455020457516
7.438756803414921
38.48579539756703
33.649732022845754
62.43548510563152
4.182588379282227
66.57994875692926
57.49071104845504
41.43856335018609
38.78457326289425
25.52660143350699
34.04089441711022
9.61569125982728
13.499703469546525
29.947669311760198
2.2218797868877926
0.07020957627067581
6.204018951904541
10.028075760255787
4.225006347507631
5.9829823445764285
5.2421017604901685
1.0952771912546018
14.531544454034876
4.978476829185526
10.444745090743282
29.510907818218314
11.864538049980478
8.986928095109018
7.60734828157991
11.674842286760933
48.93223703183841
12.518036545160157
12.091373587328086
10.217542948062171
12.951060036334955
