64
51
60
35
48
111
50
39
118
111
75
33
103
131
37
103
78
38
94
84
98
52
88
76
64
98
80
64
36
104
51
113
89
50
111
31
41
128
32
80
66
82
117
44
103
105
58
41
91
124
34
40
42
131
52
45
46
112
35
53
83
75
35
35
66
114
131
92
127
43
67
88
45
48
32
36
42
33
33
112
111
73
66
41
108
78
130
54
109
86
99
91
37
47
84
96
82
48
57
40
58
89
55
137
96
135
56
37
81
44
55
41
95
66
51
45
49
95
36
57
36
49
34
79
62
50
