147
136
131
131
156
194
143
210
130
133
157
130
122
128
181
119
130
205
123
125
206
156
140
134
124
171
116
141
182
139
136
120
160
128
140
134
150
129
146
139
141
146
155
147
127
117
139
151
184
115
138
130
157
126
131
147
157
174
152
139
136
133
151
124
129
130
156
152
166
145
165
126
133
160
190
136
169
170
148
138
121
142
122
167
157
144
202
171
120
116
115
146
153
176
160
135
133
184
127
148
125
178
163
179
149
206
163
128
135
169
176
148
174
171
144
118
184
206
118
205
194
153
175
194
180
125
183
132
124
148
135
122
186
200
164
123
193
117
150
121
156
161
178
210
158
147
121
178
160
124
128
132
135
187
184
147
119
115
185
177
136
171
166
121
185
158
173
169
131
149
180
156
172
133
165
139
151
169
147
136
205
172
209
163
159
161
119
145
183
120
123
133
180
