107
39
12
48
24
36
24
36
48
12
42
24
8
4
12
4
12
16
8
8
24
12
8
8
4
4
8
4
12
13
3
4
8
24
24
24
24
64
24
24
24
24
8
24
39
19
24
24
24
313
24
24
24
78
14
14
23
29
11
51
68
23
61
7
23
60
18
28
13
105
132
13
9
52
9
17
42
4
263
14
14
30
60
54
3
53
19
89
17
22
24
431
16
17
4
44
35
5
60
24
35
69
37
7
42
39
45
78
38
44
147
136
22
13
3
31
7
25
22
56
6
26
4
4
122
48
22
5
16
111
46
8
4
4
20
24
24
20
8
8
16
32
32
20
8
7
32
32
32
12
12
12
12
12
8
8
12
12
69
19
57
12
10
6
50
30
10
107
79
52
6
19
11
19
20
21
62
24
3
28
21
283
80
17
10
8
6
30
59
16
62
13
4
42
76
132
6
118
7
29
25
10
77
65
11
10
28
15
47
20
111
75
134
47
33
131
125
56
115
69
33
103
131
20
37
24
52
9
23
64
42
48
86
142
57
84
62
64
64
96
62
67
104
13
10
12
78
156
93
59
75
44
26
50
38
76
44
78
12
37
87
66
24
11
4
12
205
76
48
13
10
10
13
57
131
65
2
23
35
12
4
20
194
34
104
98
52
143
30
23
74
60
20
21
6
12
13
12
12
9
11
5
4
25
3
3
4
6
4
4
3
5
4
4
4
27
2
4
3
10
11
11
8
11
2
4
4
7
5
4
4
5
4
5
4
8
16
38
32
6
88
44
34
29
32
29
9
77
60
18
72
5
51
51
170
88
18
121
35
62
92
21
2
55
76
6
64
39
8
54
3
10
39
13
154
30
95
38
26
6
73
15
232
11
24
100
29
265
100
103
74
79
61
30
25
40
210
36
21
28
5
73
72
52
38
62
16
48
53
29
2
31
83
112
68
71
80
9
13
28
29
6
90
14
25
110
53
130
11
19
81
39
64
9
18
13
36
81
12
26
13
19
101
40
45
81
133
109
42
19
87
18
104
51
113
89
50
24
7
26
8
44
3
89
157
130
27
14
48
75
113
4
93
67
51
91
65
132
66
24
14
12
93
46
103
14
8
69
144
76
102
60
107
44
86
34
126
95
55
2
31
24
94
98
122
25
49
22
24
12
39
67
23
13
111
27
96
31
41
128
32
181
33
36
67
27
56
45
27
50
63
35
119
45
25
59
58
106
3
102
11
108
89
130
53
111
63
18
69
61
17
99
41
4
205
123
51
125
83
91
101
90
115
51
117
44
103
105
58
44
90
248
30
5
42
25
37
74
9
61
72
38
20
71
176
162
86
27
206
57
15
49
41
109
39
37
46
32
48
91
39
108
22
50
87
44
49
59
2
90
69
166
160
158
109
51
62
53
26
79
57
92
156
106
140
44
60
47
134
24
71
124
34
84
171
54
116
297
107
5
57
90
77
15
54
82
22
61
22
76
71
53
60
19
34
116
8
136
21
52
101
65
28
112
28
102
74
40
24
47
74
141
28
182
139
81
63
35
52
27
72
104
90
158
135
281
57
96
113
136
56
93
43
120
55
40
42
29
160
4
128
51
37
140
74
74
20
131
27
39
93
43
280
56
60
22
34
134
37
85
9
64
56
150
125
44
23
38
8
129
146
12
142
189
169
286
139
141
14
24
52
29
45
46
112
66
67
144
31
125
53
146
155
147
38
127
69
86
10
94
29
12
24
4
12
4
16
4
4
13
34
13
13
12
12
12
13
4
48
11
12
21
35
3
20
34
19
35
4
31
14
43
117
110
139
54
106
10
31
151
49
53
39
102
27
41
13
184
26
48
88
23
115
63
175
50
69
80
53
93
9
23
55
33
18
10
148
53
138
96
24
130
114
63
157
69
23
34
83
75
126
47
31
66
131
162
7
50
87
77
91
17
75
147
113
142
62
82
97
63
32
184
157
27
174
27
152
94
139
84
71
136
57
39
110
55
133
83
52
133
58
151
269
77
124
130
41
36
113
62
120
29
248
32
249
156
33
132
86
151
30
49
35
12
6
96
152
59
28
21
36
140
223
87
7
166
93
55
10
99
143
162
20
30
123
52
11
130
102
145
132
31
95
17
108
12
165
171
16
154
57
68
166
353
126
111
154
257
52
42
81
39
51
66
29
14
4
133
36
35
17
51
17
97
26
27
91
37
59
160
8
190
100
6
88
35
4
83
136
35
183
65
85
169
170
69
41
2
66
114
131
92
148
125
21
11
20
138
166
45
90
33
100
121
151
136
27
25
2
62
12
127
142
39
42
39
54
86
72
51
49
96
27
35
111
88
42
164
20
151
105
16
310
116
39
113
35
79
12
45
46
122
22
84
122
37
173
65
72
40
67
167
37
52
157
92
42
34
154
127
43
67
88
1
2
4
5
132
40
52
12
4
8
4
6
52
2
2
4
4
52
4
4
4
8
52
2
2
4
52
36
12
52
12
5
8
5
52
8
9
22
52
4
4
9
52
17
26
52
8
9
4
56
4
4
4
44
44
5
71
37
18
37
40
45
32
48
60
20
17
41
7
34
21
33
66
46
20
20
21
5
8
24
16
22
25
5
15
27
49
20
48
69
6
22
8
62
80
47
17
51
92
33
35
86
52
25
35
10
55
12
36
59
13
77
93
32
6
44
25
56
65
46
32
19
47
42
37
95
78
21
33
33
52
93
36
46
91
96
7
58
80
144
161
35
55
202
85
46
43
92
96
45
112
111
78
75
171
75
74
74
234
28
117
80
49
30
18
73
120
61
116
48
111
54
78
187
115
31
33
104
146
122
97
68
183
169
75
153
4
170
112
176
180
359
118
70
59
56
173
111
107
66
41
108
68
48
30
53
137
26
173
56
141
169
131
46
160
102
139
130
54
176
110
73
78
154
101
135
5
64
74
105
65
106
80
48
61
71
131
11
133
184
62
127
95
148
94
107
20
24
125
178
232
30
74
163
51
122
197
113
25
113
37
179
49
14
49
135
120
149
22
81
61
206
60
163
128
30
5
135
35
4
151
31
60
59
152
165
70
103
65
173
169
86
165
67
104
27
72
52
219
57
39
4
40
99
91
37
47
176
6
148
13
127
1
174
97
84
7
22
171
99
188
18
6
176
115
56
150
51
4
94
187
86
60
71
18
9
95
24
192
50
45
100
144
118
62
45
273
113
154
184
96
73
206
38
43
213
131
43
38
56
213
118
205
82
48
194
270
129
110
128
153
28
35
96
52
26
21
76
56
26
95
106
40
201
58
89
216
179
175
194
173
55
11
180
125
137
110
137
329
183
100
132
251
114
124
8
136
8
140
8
116
8
100
8
96
6
116
9
68
12
205
16
110
148
216
135
86
6
174
69
122
189
36
45
142
267
117
24
146
1
186
200
213
139
37
164
66
60
172
14
222
1
86
123
4
211
102
198
81
193
117
190
5
150
277
121
137
62
99
36
160
26
59
12
57
94
13
101
3
156
100
15
27
61
64
81
229
40
215
74
1
85
55
161
26
178
99
22
240
231
44
210
158
10
166
17
34
4
147
121
178
5
160
41
57
226
124
128
38
77
132
35
92
4
37
2
135
4
239
9
90
187
298
55
23
89
55
98
72
14
47
202
7
74
89
83
82
30
8
9
9
8
9
5
1
5
4
2
3
4
5
9
1
3
4
8
4
16
20
13
13
11
23
16
4
12
4
22
9
28
2
2
4
11
11
4
8
7
1
5
2
8
28
4
10
12
12
2
11
5
15
4
12
9
1
1
35
7
4
22
60
24
16
24
12
6
14
12
17
13
9
47
17
9
16
1
15
8
4
68
1
15
4
12
40
24
12
1
47
4
7
5
2
8
8
12
16
12
11
31
6
16
1
7
8
8
4
10
8
8
7
5
8
16
8
4
8
12
4
8
8
4
8
8
16
4
13
16
36
38
26
8
24
9
3
28
2
64
6
12
4
16
12
4
20
16
12
2
10
8
53
1
1
2
4
4
4
16
12
28
24
33
8
20
24
13
16
11
9
4
11
12
27
8
4
15
4
12
27
44
8
4
12
47
12
24
12
12
54
191
295
184
147
79
6
41
95
3
48
52
145
66
28
222
80
209
88
240
79
236
3
247
119
115
242
24
28
29
172
15
185
81
64
26
91
229
51
241
177
136
62
241
104
168
100
227
102
44
25
79
38
141
310
15
45
8
171
49
95
20
245
81
106
46
166
26
207
52
25
70
82
121
36
8
63
20
34
225
128
63
72
105
185
158
24
3
31
12
12
8
36
12
48
23
265
109
134
244
56
54
316
82
183
27
225
3
95
269
173
51
107
169
131
166
3
180
156
49
161
65
41
16
172
98
148
61
11
181
89
58
27
11
72
11
37
107
14
76
48
13
133
12
12
24
23
57
20
165
16
16
16
139
20
19
21
12
19
15
25
151
16
24
161
20
21
21
35
193
21
57
36
12
61
22
36
83
61
62
17
12
8
49
13
150
20
15
165
15
16
29
10
169
13
147
106
49
98
11
10
70
36
68
33
14
35
25
85
77
17
10
10
4
20
39
245
55
5
229
136
100
4
51
123
47
12
25
17
34
247
42
79
6
19
72
38
73
121
22
279
8
79
267
66
30
18
244
37
310
12
301
68
39
26
61
84
43
208
27
175
1
46
205
172
191
55
64
230
3
17
18
22
26
191
82
118
175
34
44
163
21
13
82
267
65
30
33
55
63
29
60
79
39
28
24
18
1
48
36
35
13
22
13
34
10
37
7
42
7
12
39
40
50
11
36
8
8
2
11
24
23
16
36
12
32
8
15
15
12
1
11
12
13
24
19
38
11
24
1
11
36
49
12
35
62
24
104
52
17
29
87
9
2
55
3
285
111
209
145
46
223
180
212
265
103
223
46
193
162
61
146
36
8
35
355
163
75
76
2
326
72
32
243
83
43
9
256
45
57
36
13
52
16
326
24
313
44
5
8
44
59
159
161
246
4
401
18
19
20
29
16
46
14
70
71
20
6
18
54
26
41
35
52
52
52
52
177
262
119
12
7
4
7
8
14
16
16
22
295
41
48
48
48
48
4
89
19
12
10
34
20
79
109
88
21
26
20
18
32
15
1
144
44
103
61
11
53
142
32
1
34
33
17
33
145
36
20
32
27
39
24
44
44
1
48
35
24
24
23
4
25
3
104
23
115
13
24
5
134
153
1
37
63
59
24
21
32
19
55
1
14
30
16
47
36
56
59
54
40
45
23
32
24
48
49
34
1
8
4
19
54
111
130
37
132
22
93
35
115
79
31
5
34
53
24
183
39
107
24
113
57
23
10
16
33
39
17
80
1
17
34
35
5
17
120
38
25
71
76
30
10
12
2
48
55
9
19
8
60
61
21
39
36
56
25
13
13
8
13
27
37
74
22
18
69
24
11
24
47
28
33
41
92
2
23
30
27
9
21
80
1
55
27
24
11
57
25
34
13
12
17
12
22
15
24
6
12
8
80
28
36
21
117
151
133
29
79
56
117
135
252
10
229
123
93
12
53
29
26
35
206
28
42
133
254
27
242
2
84
68
52
52
52
52
52
52
52
52
52
52
52
52
52
52
40
12
16
16
32
8
8
24
8
16
16
24
24
24
24
34
34
48
14
24
16
12
8
12
24
8
24
16
4
8
16
16
52
40
34
4
8
5
4
9
4
9
24
52
24
20
24
96
12
180
60
32
24
148
60
32
32
19
13
27
35
52
