28.962837426444818
32.28202220082262
45.72087768527351
33.4950373557337
34.66979780649261
44.196286017852984
34.38576887010584
35.61187558551613
51.861482448134474
32.8913738909797
37.179481089696935
52.03798403313192
46.963072685892
27.36671649311711
2.028874632739859
29.629372635439132
42.822267518289834
37.168604354713096
51.0017917696919
33.171551883078536
48.63988226853212
42.56108094764832
35.02903894858886
46.15163801154365
24.168078470453317
5.520698839722988
48.00034529453273
34.572737142532304
44.86785207108978
52.61333149444065
37.18414643946049
42.13983550466619
44.760216349384564
5.323791607948751
36.46900176533684
39.617511180014795
36.02916032914536
44.31365438859735
33.169545698980464
46.60990070856475
3.531252075893711
54.206532558359484
22.058332154339897
6.4600826626401275
56.62362532413253
29.95465239266904
14.330878634225249
3.0323352450865926
35.70683075955801
7.78607330698919
26.31074943110447
29.23269607190862
7.3105326143380545
67.61309336581343
44.13015314071808
33.88961099738283
28.032243088012393
16.092892590071816
6.598857027282001
14.524214518582284
41.21238294198367
37.970579871132614
68.13325509819211
56.426224615758144
34.892782329429885
56.313162625112305
13.56241303012381
13.495589112006924
4.276945122742677
