23
14
14
3
20
2
23
30
28
19
8
4
4
49
39
57
28
47
67
29
12
4
12
4
4
4
13
13
12
12
4
11
21
3
34
19
35
4
31
14
106
10
175
62
83
52
12
6
87
7
16
29
100
6
4
83
21
45
62
12
310
20
41
10
6
78
7
49
30
18
122
97
59
110
11
95
49
30
5
59
39
4
127
1
71
18
9
56
26
95
16
110
86
6
36
137
36
3
37
2
23
8
9
9
8
9
5
1
5
4
2
3
4
5
9
28
3
24
168
25
79
8
245
81
8
105
183
27
3
65
41
16
37
57
11
10
70
245
4
123
6
66
37
39
175
1
46
230
3
17
18
26
79
24
18
1
48
35
22
13
34
7
42
12
39
40
11
36
8
8
11
16
36
12
8
15
1
11
12
13
38
1
12
35
29
9
2
265
103
2
59
7
295
4
19
12
10
34
79
109
88
21
26
20
18
1
103
61
53
34
33
36
20
27
39
44
1
24
24
23
4
25
115
24
5
134
153
1
21
32
19
1
14
54
40
45
24
8
4
19
54
111
130
37
132
22
93
35
115
79
31
5
24
39
10
16
33
17
1
5
17
38
2
55
9
19
21
39
36
56
25
69
92
2
