31
84
48
36
12
8
4
13
3
4
8
64
15
19
11
51
23
60
8
18
9
25
29
13
9
52
9
17
4
263
431
16
17
4
60
24
35
69
37
7
42
39
45
78
38
136
22
13
3
31
7
25
22
122
48
22
5
16
111
4
28
8
32
32
32
16
36
50
30
10
52
6
19
11
19
20
21
62
39
17
80
17
10
8
6
59
62
13
4
76
6
118
7
47
111
75
47
33
131
115
69
33
103
131
37
9
84
62
64
64
96
62
67
104
53
81
4
61
103
78
38
44
78
12
37
87
94
160
84
98
50
8
194
34
56
10
52
143
13
9
12
12
11
25
5
11
11
8
11
88
32
65
104
167
9
77
21
2
55
76
6
64
98
4
25
56
13
39
58
24
103
74
79
73
80
9
90
14
64
9
18
13
36
109
42
104
51
113
89
50
27
14
48
75
66
24
14
12
46
103
14
8
69
144
102
60
44
86
34
95
55
2
31
24
94
98
122
111
27
31
41
128
32
301
53
36
80
66
82
44
108
89
111
63
99
41
4
205
51
125
83
91
90
115
51
117
44
103
105
58
44
90
248
42
25
37
74
9
12
17
71
162
49
41
91
90
69
160
158
57
92
156
153
34
124
34
84
171
54
77
15
54
116
8
136
21
52
28
139
81
104
90
158
93
43
115
64
33
118
110
120
55
40
42
29
160
4
51
37
20
131
27
38
43
280
56
22
34
134
37
85
9
64
56
142
169
286
52
29
45
46
112
53
155
147
38
13
12
35
20
35
115
80
53
158
19
157
23
83
75
162
50
113
142
32
184
157
27
174
27
136
57
39
135
269
124
130
41
36
113
62
249
12
151
30
49
35
140
223
55
10
143
162
52
102
145
132
31
114
152
111
154
257
35
17
35
17
8
190
35
85
169
170
66
114
131
92
148
175
151
25
124
2
111
88
42
161
16
310
116
108
79
12
45
46
122
20
55
110
37
35
92
126
96
51
154
127
43
67
88
52
2
2
4
4
8
9
22
52
4
4
9
56
4
4
4
40
45
60
20
41
7
46
20
20
21
5
8
24
16
22
25
5
15
27
49
20
48
67
12
69
45
58
62
80
30
7
38
33
32
19
36
42
21
33
33
93
69
153
61
91
96
7
58
80
161
35
202
85
46
43
96
112
111
173
93
11
73
47
16
61
48
29
114
170
176
359
56
66
41
108
68
48
43
4
57
169
131
46
78
102
130
54
176
74
127
103
139
71
124
109
127
181
1
197
25
113
5
35
4
31
60
152
37
86
219
57
39
99
91
37
47
176
6
84
7
22
176
115
150
51
174
40
187
86
187
28
62
24
192
50
45
100
52
184
96
73
206
38
43
213
36
131
38
56
119
118
82
48
28
57
4
76
40
201
58
89
136
173
55
11
137
329
156
8
124
8
140
8
116
8
100
8
96
6
68
12
205
16
110
216
205
122
164
135
86
213
56
37
164
66
60
172
14
198
81
117
190
5
277
121
12
57
94
13
64
215
74
178
99
22
231
44
158
10
147
121
226
124
77
132
35
92
90
298
55
55
98
72
1
3
8
4
16
20
13
13
11
7
14
12
17
13
1
15
8
4
68
1
11
4
8
63
8
12
16
12
11
31
6
8
8
4
20
24
13
19
26
22
191
295
184
147
41
95
3
48
52
145
66
127
236
3
242
24
229
51
62
241
104
100
141
310
15
45
171
49
95
20
245
81
106
46
258
179
225
63
72
185
3
31
12
36
12
79
16
265
109
134
30
180
156
49
156
148
72
11
165
16
16
16
139
20
19
21
12
151
16
24
161
20
21
21
35
57
36
12
61
22
36
97
49
12
150
20
15
165
15
16
29
10
76
24
16
4
4
8
8
21
20
39
4
17
34
79
279
8
244
301
68
26
172
191
82
118
175
44
267
65
30
28
66
48
36
62
223
46
193
36
355
163
207
76
2
326
243
313
44
5
330
85
16
20
6
52
48
15
1
144
10
50
9
24
80
25
71
12
2
21
