13.340394502853467
0.9132652138571595
2.390282160708149
9.188127688077692
14.21023755269561
6.689559582777032
1.9742651115737777
10.797335202537482
3.718079991179776
9.037473680646674
Default
5.067640505275071
8.631653170928343
6.007233375499243
47.65676646550212
Default
12.835238195199029
19.602879364681595
9.502126413096665
6.264902572246853
24.495916255750313
2.4812439111779288
Default
Default
17.176844843621396
45.04037934875747
0.2565983294595222
5.651361964272818
8.029207224247546
7.5469935517369064
50.145420829760724
9.79087860548178
4.43988048911857
7.067494132600289
10.476729078834618
4.129593106963096
0.7612433525446596
5.711685251333004
6.58368129392883
19.095336691054957
1.520605914414114
0.36482110848251637
8.858942440895301
1.3459619258933069
Default
10.380973541749869
0.34689094563452283
5.219142426760479
53.47886268027998
7.667422200635942
3.2417807238223046
10.671558108807734
7.805586683966645
12.116439176281357
9.586470890591274
7.019051812566856
0.8210632851951081
53.09003709096917
5.237833398958756
6.8005284535076616
35.87479310608512
12.575070494087864
3.174170833772206
1.0279111694152645
7.965571723838998
24.49402125658905
10.856932216663584
2.522089611979367
30.820054522903412
23.571006612064835
4.280288607988442
5.709074784270977
4.45568771777916
59.766529088794
Default
8.626243442485789
5.239391471458614
4.8567819358117355
14.611600370362623
1.9125324203298586
11.564647810525049
7.430464468038428
4.113726020447912
Default
7.694052282003722
7.173288357085428
10.153642681996574
14.738356555760607
11.363542946352979
2.456612078432042
7.408129484084076
12.014002432293921
Default
5.039037838768021
39.31214188611958
3.818144780576282
5.664849920179656
22.98490867610734
13.524668051725254
8.199577963671187
12.891282600271891
26.400816781728533
10.350505242816235
4.243770311475798
20.72214116296438
38.87173145103809
7.771814626899304
10.289270609510119
1.7392324609129677
6.078572263761364
25.063241183275615
46.66684935361275
42.1197708582845
3.4880300642504545
22.768378283127024
50.20064966820183
9.372000757949658
25.553092023988295
21.810081832494447
14.917365405631429
6.829992027208694
2.0365327979217653
11.669993267713249
14.308868022871163
5.558466415073492
23.710913000420764
Default
7.717425919295337
29.538675048249956
28.298066918077172
1.6474996581039285
4.348391206786573
6.983566802506099
16.932934038797313
0.2546327176961585
44.49790856053548
12.966052755404633
1.0426934578784035
8.58559318497905
1.5396914204338064
21.192344531509846
5.7400866969508435
5.218357702257557
14.739100791332678
Default
34.46359812596044
0.08991108703315742
48.387870656217586
11.42104030614032
Default
13.046453319150142
10.101382753440076
12.395518970520088
8.508554787650068
5.627919730943852
1.2026546447581703
Default
9.993614752007577
42.57280017502431
19.03745500003713
Default
5.424618062660432
19.445755971740656
10.537866746159159
7.419336788983515
12.126945093981336
7.483871550277708
48.207081519543216
46.558338299179745
26.622145411991994
17.557907522679244
12.523008340573865
0.9809623413142052
4.368486049395254
Default
24.415817356980046
7.342226792488217
4.661308167670884
6.730104981023465
2.3454587520937675
1.1102296421302196
57.92469945012772
1.6794484039720272
10.40858783144261
15.99425038122298
50.6944518796067
10.539340098209893
1.7993794649283492
0.23021057370868014
6.604922560148242
9.789216960939553
6.827520047701602
0.7216100161650365
7.279936579941832
3.06997855657129
40.27442805217137
9.220824880937098
9.647065527921313
12.185196718863192
58.07557747683212
9.729722727092268
7.5867122258218505
39.735515551702974
12.43736353473859
5.94906684997836
4.310889772920732
8.540811968425215
Default
9.243339176730036
4.656714432801215
21.704813705391377
14.456710029665002
11.658713300575657
2.167745356907094
12.189694467165078
9.056239668755769
Default
14.531558934018493
52.187782675302216
40.58984952976395
5.338418363401836
4.406859528047883
22.812012666025346
0.05751370201378059
47.16085282899746
7.470576211062948
17.096053327480345
6.704190210254459
2.571389405325207
Default
12.292871406690697
5.457025096766809
12.54946052825251
9.663226725919337
0.48772744430336434
5.402722146579941
5.000538653471885
8.783729283497888
21.468053580631214
11.39773941362862
5.636173611921758
16.212157923935322
3.467842672605096
26.671814400295887
5.0536086308747565
39.57529279843546
10.691461375829519
8.659111951336024
1.6880339488475284
3.5546755060294135
Default
22.684883047128004
2.814559131132854
5.983950815009382
29.35704345175012
22.428359111576334
10.80140243795169
8.999468970046482
4.992314826749384
8.971401824403607
49.67933274221203
16.976787460174833
Default
2.5986251298082657
25.246469855596224
14.501614434504528
3.637782879289117
26.7886343257466
11.064481002978
Default
6.15285506220006
7.486763138708887
3.4644697302224596
Default
3.795461530906
5.31713161213337
8.727878253444098
6.291948044490039
18.488544780762577
6.474374936587026
11.837362597625043
9.431985139961196
Default
Default
Default
9.834555023610196
Default
1.5737769398497283
21.977526695158517
4.460321107101896
10.134686507358165
Default
5.587702717489161
0.6925800369645057
11.67119792999842
23.2031709342514
16.15851112184763
14.838395728276577
2.203554236157447
9.050981645886054
13.723013407569901
8.939166613889707
12.256192491449578
Default
36.30364450196517
8.34443254140087
35.86884037304202
5.222282347069234
9.756259133253472
2.5003477283098574
11.082943592369773
13.10568409178893
24.69165707490063
27.890657141703088
8.628538751241674
1.0668486383392928
24.134565054538356
0.6044779388697457
13.2875746053249
53.917534018343595
14.803209740830486
5.535799372073274
12.221709267772843
1.3274091603451748
1.7002443318941811
14.51312664173535
10.812990709978228
4.951808684059779
21.72168779449304
28.377904220855342
4.063355727738516
2.6799104353752057
1.9835361046165714
18.864563381800398
11.865092033079897
53.858818470946325
46.870797956186536
17.633248925245756
12.291308608193813
7.80680377013518
9.874913607368281
10.90455676657875
59.17793935688647
3.671173897535078
5.672194249379963
4.0634808848816055
3.510439274979243
14.859169453982158
20.624906230493295
3.7025320631361645
5.423731828118928
8.034624949894116
13.612754087556247
23.021580352026255
3.705087123467854
9.95395745039111
7.414194835102068
39.046325921608044
10.100246860935993
10.8911774226046
28.12605516445141
4.401160933619303
5.1764686584547075
6.389780877181744
8.765380609320085
10.463162750946593
4.166650998732237
9.378840167091735
3.3173844597232858
12.834999147434857
5.484161610700696
37.12383525415712
10.211133127254431
Default
28.256521650414086
25.72488552802451
10.34605420654467
3.0043931767898986
24.57491535015154
1.6807684015158548
20.8993601503303
4.606740741489534
30.349634641944853
3.320962644640006
13.378034887984454
12.657297362708274
6.258055285674713
5.594659929658391
12.903422738630983
12.695237067955164
27.254364023397237
10.057774163422662
19.269552810800516
15.358315444587786
2.530607951842266
9.014258677917478
46.82252254488266
Default
22.23366006736385
11.9069356646473
10.87328264999049
26.413858682016915
40.41690048789217
10.09019766196542
Default
13.216918314706238
11.550238869635052
0.39295068328065685
3.50321057938514
20.949511562179286
10.627436891768944
Default
13.930038730878703
8.237155187107893
37.925968513286534
13.997958009369938
11.979633546412689
30.898632197694823
4.105940456672538
7.210813358032925
4.631753800598938
22.993790706512552
5.108614599822099
5.129688308776472
4.728360394363513
5.158942757801325
6.183595897181881
0.8375461484660374
3.596578937716111
9.995406407839614
6.147958680524391
Default
Default
43.74159768784887
5.007557773053539
3.570333243045664
5.155443378611551
21.990682285316066
22.191069293602855
6.3109283989442835
56.840913098979826
2.448489445535122
37.68006096996762
3.3285707986810498
2.1409474302381364
24.63050018424054
24.639212306400616
2.141297176602544
4.580770766248444
24.677258118031126
6.018918557033959
0.16871926631083145
0.4551090135040674
7.844523753580869
10.003327736055155
1.88867383270604
14.078611284338686
25.248736428013284
8.968618206173161
12.551197804991308
11.333564351529073
5.151975116034012
Default
1.8774568513788719
8.436862369859139
4.8022714218306195
3.6420251607425684
5.282499468557187
6.530026074850488
4.975251912645334
22.652311732922634
16.651068048106694
19.51981289181797
0.9651717326788436
11.758689607816233
7.331503590637508
2.215887664017301
17.880900051042318
8.99363889054035
8.446679209299818
13.292507783414916
17.13638235070612
9.558201424430479
12.127905738168025
41.43765251260649
3.1986399685918916
6.363892516551672
22.810494197407728
54.383009567274144
16.130431604322037
8.036096510906303
12.410774803086088
8.961470169201768
5.073132311651629
11.71301014011105
14.725046834754565
14.401410123963439
26.34901604750511
7.606906772705507
17.892748210642
13.115467363938386
41.75880593283857
21.174785515876312
54.85150862944219
20.012524760439756
42.908374130623486
14.7777162586912
8.360733261536108
5.414392818738998
19.138931781113925
21.134581818376557
13.602118997316866
6.165399822656029
1.8283570188722464
1.3896117853277907
4.217993262339201
16.339354066481828
13.655548322200513
3.174092457771759
15.840007570400905
6.895490254876231
6.9985341608121026
15.52991154957352
10.04840804913315
2.3471431185342286
12.209430145145827
4.408168790156258
0.05212927082955865
11.923653651305447
12.081518712758543
29.9976379120597
35.69273014605457
9.077982535171994
14.097696986191577
5.635310967484758
14.232968168161161
19.91386096218242
5.5774089195062535
1.5509760881745702
Default
25.106824530930222
1.8237300607959286
10.226491855351494
0.3511509968633595
4.296268623891469
0.4785114321996975
37.89867142244493
Default
4.228821323856835
6.240663545143373
13.217427304433622
0.047215220423560744
5.633050751667784
8.182704584713786
3.6752448016783537
12.130281352440429
10.572949743972154
19.03259460683624
17.091798814017444
8.765066766292676
7.606376878211167
4.8110360864294055
6.937030599688377
5.046283446134035
13.33864808854688
43.74937259681465
13.748347812520635
5.345361204863595
8.876020093117559
3.807729299664955
10.929248732147187
41.087424081487455
8.834307973233955
19.881167339869037
2.855805607992327
6.7344604384106335
6.9291054548344455
6.352357059959344
3.1230318390026333
0.0027393394232326784
10.681145146977274
12.606001753363131
0.37117693382951256
2.991228267732896
7.5048627907623615
6.5841813591585945
41.43948091800129
17.299947711872626
0.6336075779078207
4.5066182855052785
5.707635517989676
9.775896754867707
1.1667191289385936
9.31084145901383
55.696778339829066
4.272667082268138
26.722428071506975
1.290022804124619
31.208416256729507
1.1585855075219014
Default
10.65699396495243
58.27299325329988
18.056257043198773
12.04673394602619
4.453368573609355
7.907783385870861
11.967775898892794
10.728070970968691
17.340836573353354
9.92054191621585
5.3619562291727965
7.851822470041136
2.0007892601941046
3.5547451738982976
5.403542401990112
12.643155605798832
3.9976595198056195
6.529717674651347
11.176510063964324
12.561425650978144
13.954884972306578
9.064330058314217
8.304155055375151
29.122559098496982
2.668035644691569
37.36847776164078
8.50064491564519
12.898260401576662
14.052984240048172
3.2706390630003717
15.380000219888835
14.376836804496044
3.1637932647816585
14.822643991531006
4.365032505498646
48.896500504478375
8.203948200730252
1.1147882990208497
7.918989022805209
9.189542480725654
1.8737455155716383
10.600547873773689
0.7321740146614504
12.705501833451532
3.723110367934499
2.80194766124525
5.698855718470477
29.734495973114406
9.115088653780985
10.333202239471886
9.719125280259746
14.308531291139268
7.623301144100788
5.606132655936301
44.41774484051251
13.858407362624419
46.037309548411635
6.916617992196161
1.5239380151838846
4.428701320868921
52.55510646609179
5.310120345175179
1.0100766120783131
1.7902649705356248
2.0171343103938977
26.538064598472587
3.355156461424719
12.550754976702983
26.707172525722363
4.2466205657283655
12.21472113396557
5.618947811606755
13.158695475483865
3.9034805683719473
10.025543032660005
0.5830601872500107
58.8596511089708
0.28672160806669655
2.1223282317619923
7.288934930269272
12.628114763293793
4.684298729453637
Default
9.925329537108139
8.93521434521631
11.237693738833435
14.089891281387036
Default
20.013742780608645
19.493526193983822
39.02303317292722
6.249455928927003
22.551758574544806
16.05279567266921
1.9358669798515686
12.798229952451024
11.573846434169567
4.306050766617165
6.575195624195646
9.804637593576153
17.735684799875806
6.252876859977019
4.96538418184616
8.982055860474102
23.219365759709763
6.975529545367455
14.19465870313439
4.519637824895612
3.0601928545816977
2.5721944728195396
9.89242938315239
Default
11.381042149963589
8.089062242544074
9.08929032565402
1.9959435913302555
6.745147806035402
0.15667737842497065
1.5099257836654116
Default
40.42069527914741
4.855646784323408
28.554138700766238
22.125537723065687
12.551328481366205
25.349946183309218
7.258921719138895
13.63228116699216
27.216490025643274
43.70545732149476
12.081696548553927
13.252433162231846
57.796767492512856
3.1617452169456057
13.764035519353406
6.583070623423993
8.543221053976756
9.282847889302952
12.678483375641381
5.787788962118792
14.143148366216378
13.625484064286823
8.076779866491353
13.800992119474152
5.70866184390259
1.9490595092922804
10.970206977065605
18.866541597338443
12.918653302043094
9.896514987170805
0.07303359606243465
19.131598744215673
3.8465463555860535
5.3274921352259295
47.50152729013548
12.447513989666756
5.592368176964785
1.8095465472373728
10.03186191368029
6.4411167411872405
Default
1.5552617638388364
8.903121048388105
0.8893013789291038
Default
9.77592980186167
58.687317149962766
22.493696573870775
8.086935859878718
9.913571624478886
5.10043522202621
7.515257711026724
4.1007447105470956
3.088878181773056
20.277334751044194
5.374850440431424
21.882240949998806
53.57475854692681
14.470385771234621
13.006412647247384
50.06508854023058
12.618097437680703
1.4750384825860712
5.500409838211008
Default
3.7178031863535788
6.719310607981825
2.0270241102444535
14.882360950582097
14.452174030346164
13.635520786403525
10.935055454672497
3.33307230389634
35.835347143696545
13.084491262016176
8.079910620308826
11.84346107785855
0.6196908118056896
1.781291461804348
28.189365997789437
Default
9.638859996285179
5.709994304466325
11.42944275250089
2.6755888103282945
14.144690507945796
Default
18.92063312883458
1.1729247606088826
9.251364159818705
6.167541387727947
28.15287517993881
4.055199683958646
11.64308639904841
7.744699119038559
12.354143138538504
20.450646755403472
32.5235959013661
4.978145434209749
13.276938900325856
Default
1.2372586462399466
12.778011616802544
39.763438670209766
35.39552687964346
41.30435219991372
4.897275704402325
19.71944205437716
14.978121936526602
10.984775208066363
23.12335804443727
5.7955504055717055
15.842908646553898
12.570727063995367
48.369531240966644
17.70490657206215
4.50300439731882
6.5304021338495835
5.156644020986116
11.099179041372082
28.30935076113509
9.093045318488715
6.602567496655272
3.2920906998968853
9.561672609574357
37.246572574225986
4.352623231920161
7.005698335233516
1.4953947434316248
7.13147074398258
14.439194506493514
11.939110016754539
15.20648040607223
12.131800545203355
16.994629719255173
19.922848124102767
42.94444858470837
6.556671172518451
22.620203833784213
3.3301822972874566
21.2831753476986
13.290542443234166
Default
7.36123184302763
5.927112654774974
Default
10.400712612067853
Default
7.590229970523909
11.8460131581055
8.50931261630456
14.702770005025739
6.962363801254813
34.85922284027849
4.027778104461049
3.3498207550697496
11.796948973363504
7.330510415954325
2.7338430114911896
21.63912805620045
2.715686474158831
3.7526516961179768
0.812370697703841
36.60003805315183
13.627234352662722
21.809939327374344
36.75012971274572
6.491677374901567
35.54885251114184
1.2057453866342813
12.878710040841264
12.113971967338973
7.588733432478913
6.184290206583109
14.516872085373592
24.692309831570423
8.030566927699445
12.503712033241001
34.01418321642601
8.060582208902266
13.288810026332133
12.216773808358848
12.127211795486797
24.936922185086303
51.808589826559945
24.343850199095897
3.548201933805651
11.115828159627672
23.123124143779435
1.8659106296586385
6.9742676724998125
14.344679449422127
7.5160342838787075
Default
8.883215073428973
6.370188097551981
0.4709488013297811
11.441309693753716
13.314742258186564
13.108648729597522
21.201564522100316
5.523518211678409
8.210168311061567
8.80396750241761
25.475085557256968
2.4838415429653855
27.29630041982943
4.664035381638279
29.993538219543513
8.292466989474997
2.444230291950163
9.449321722655824
14.482530756114496
5.058656943289504
12.71827228562933
5.284617485446996
11.710847309678943
4.789649099851057
6.765822188440822
12.579016827832946
5.553265473637455
12.92177717937913
6.295849862016251
8.629222023386122
1.4555937295161367
54.5914035070411
9.034521242730372
25.149852669781932
14.241464712653826
14.740086447587629
28.87827502961281
8.304572524240738
30.820920359376103
29.046812144189204
3.639761032852051
9.446445359946981
10.332433912024399
3.6158461754573743
6.914031618763446
12.039564520249357
0.22639585388223082
4.748245177625494
29.89258882055477
10.065347445357382
9.444080027861872
24.38120373356451
0.683144579100607
55.6756490112286
52.072057334787075
1.95563148674721
10.554389136197381
8.66389703835426
16.625037285033653
6.428003815406602
12.8061033272702
13.670176249204385
20.486950567229744
7.776212703067119
5.993019987543244
12.722259189825087
20.3577408035397
1.9530517692856826
3.4376872368356044
Default
14.82460160702417
0.0034489343135994943
3.90455066307966
46.82590662721336
37.3587203986382
13.092002030710995
37.93868114715924
40.34554800455279
7.708290356894994
9.384935950159859
0.5720443558478392
9.51456734767226
48.1966694078512
11.0004801623305
4.4447674539158015
Default
3.5113035446144014
16.735776444681168
5.957581035271969
6.592654272711158
24.397269809173952
Default
0.742206135013384
22.664502078274765
Default
20.639041232413483
21.13872852998027
2.4043481069675847
2.3762507499254024
6.5464846362802085
42.75999761609686
27.648344700855976
18.356391194984507
9.8009518233431
50.06763201893145
10.51282982593318
10.215804399633456
51.780307469774556
10.952311020258534
3.1506434374526666
52.68803674039481
12.760132940776865
19.543375927863547
10.681797895195148
7.530354696635007
3.355160773423999
20.747740352807778
16.093067521653566
7.0291253208816125
38.72521653470035
21.835755760832004
0.5525777249586739
9.185818029397366
10.728633511007066
7.085146208895524
4.698835163030701
2.7549505594123858
8.90580539505909
6.635614957529366
8.171995333118232
7.761451593074118
21.406617770122356
11.806134794675378
11.254611446801182
12.26268059840616
2.2678588290389614
16.228982247574816
14.3360624464332
8.073223007560305
5.190800472937262
7.4857042080307465
13.384500181939657
Default
1.3001361782455936
13.587022945345744
44.76357381835501
13.966160358086725
5.320895212955563
12.728356896920229
51.45187142514651
7.0591003602080225
6.790220553655283
13.296656862592847
7.993869790984722
8.171808056058717
51.72658378878798
41.65178978344289
2.5019094671403534
2.609856874452479
12.639039097094628
3.7734896377790483
9.494830305667598
11.611204271874097
22.801419233225317
9.716991041083562
2.901289459212661
20.047711631553902
7.344261488560846
0.31175586255362386
9.674048264198795
9.168380331560384
13.871595810099983
4.7485363126856885
Default
3.534828542085021
7.502114827126318
12.700811866513012
12.36409466551931
0.5587184677539554
25.58540271893405
8.829424537556598
8.371130969457882
27.592075530071742
