8
4
4
20
24
20
8
8
16
32
8
7
32
32
12
12
12
12
12
8
8
6
64
66
29
6
26
13
19
3
95
12
39
30
5
34
4
10
24
82
11
41
2
20
113
7
78
173
111
26
78
154
4
94
8
8
102
5
26
59
1
4
4
298
3
12
8
89
27
11
107
14
20
12
8
17
10
10
4
55
5
42
79
10
37
7
2
15
11
36
8
35
75
9
45
57
36
13
4
52
12
7
4
8
14
16
16
22
8
13
13
8
13
27
37
22
18
24
41
30
27
9
1
27
24
11
57
25
13
12
17
12
22
12
8
