24
12
16
8
78
14
14
60
18
28
13
105
13
9
24
8
12
52
6
19
11
19
20
21
17
10
8
6
30
59
76
7
29
25
10
48
86
57
37
7
16
21
55
30
95
73
15
11
24
21
31
83
68
71
80
9
113
89
50
91
65
103
14
8
69
102
60
25
49
24
27
27
63
106
18
91
105
38
87
44
49
59
109
51
62
53
71
82
22
21
52
90
43
51
74
24
34
12
13
12
35
20
13
88
50
53
29
86
30
49
35
21
36
99
52
66
114
92
105
35
79
12
45
46
37
40
44
44
37
40
45
32
48
17
66
46
48
22
52
13
33
46
45
112
111
80
56
54
61
71
74
113
31
103
65
57
99
95
24
50
106
58
89
110
8
8
24
86
81
94
13
64
81
74
44
17
34
60
24
24
7
16
12
48
52
80
88
28
29
15
52
25
70
109
98
72
11
19
15
25
83
61
62
17
15
16
29
10
79
22
12
22
82
55
8
12
46
61
43
9
52
8
48
32
15
44
104
59
55
56
48
34
23
10
39
11
28
55
29
28
42
68
52
52
12
32
8
34
48
52
40
9
60
32
13
