4
25
431
3
5
4
8
32
32
4
6
7
9
4
50
8
56
10
32
2
6
4
13
39
58
48
301
4
12
17
49
34
54
136
21
52
120
55
4
38
56
29
20
35
158
19
113
142
223
132
31
114
152
111
170
124
2
116
108
79
12
45
55
110
37
2
2
4
4
4
56
4
4
4
40
20
38
33
359
43
4
57
169
131
124
181
1
5
39
150
51
24
192
50
45
100
119
118
28
4
136
329
6
205
16
110
86
172
14
5
57
1
3
8
4
13
11
1
15
8
4
1
11
4
4
26
295
3
127
236
3
24
310
245
81
106
46
63
72
3
31
12
30
180
49
76
24
4
4
4
244
26
30
48
36
223
46
355
207
76
2
313
20
6
48
1
10
9
24
80
71
12
2
21
