4
13
3
4
8
25
4
431
4
3
5
4
8
4
6
7
9
4
50
8
56
10
5
32
2
6
4
13
39
79
9
46
8
2
108
4
12
17
49
136
52
28
104
93
120
55
4
38
56
29
13
12
35
367
113
142
114
111
2
116
108
2
2
4
4
4
4
4
4
4
40
60
20
41
7
20
5
5
38
33
69
43
4
124
181
1
5
4
39
7
24
52
118
4
136
216
86
5
57
178
1
3
4
13
11
7
1
4
1
11
4
8
63
8
16
4
19
3
127
236
3
245
81
106
46
63
72
3
31
12
97
4
4
8
8
4
244
26
66
48
36
207
76
2
5
16
52
1
2
4
49
1
10
9
24
80
71
12
2
21
