12
36
48
12
42
24
8
8
24
12
8
24
64
24
24
24
8
24
23
29
11
51
61
7
23
52
9
17
42
60
24
35
69
37
7
42
39
45
78
38
44
22
13
31
7
25
22
48
22
16
111
32
20
32
12
57
12
6
50
30
10
79
62
24
28
21
65
11
10
28
15
47
47
33
33
103
84
62
64
64
96
62
67
104
13
10
12
78
93
26
50
38
78
12
87
35
12
20
34
104
98
52
25
10
11
11
8
11
32
29
9
77
39
8
54
10
39
13
38
26
6
100
29
100
103
74
79
61
30
25
40
28
73
72
62
16
48
53
29
112
110
53
11
81
39
101
40
45
81
51
89
27
14
48
75
113
93
66
24
14
12
93
46
76
55
31
24
94
98
67
23
13
96
31
41
32
43
33
36
35
45
25
59
108
89
53
69
61
17
99
41
51
83
58
44
90
9
109
39
37
46
32
48
108
22
50
26
79
57
92
106
44
60
24
34
84
54
90
61
22
76
71
53
8
28
28
81
63
35
52
27
57
96
113
56
55
40
42
29
37
20
43
56
22
34
37
56
12
14
24
52
29
45
46
112
53
38
69
86
10
94
16
13
48
43
110
54
31
49
53
39
102
27
41
26
48
69
9
114
63
23
34
47
31
66
77
91
17
75
27
27
94
84
57
39
110
55
58
77
41
36
113
62
32
33
96
59
28
93
55
10
102
52
42
81
39
51
14
36
35
17
51
17
97
26
27
91
37
59
8
35
100
39
42
39
54
86
96
27
35
111
88
42
22
84
37
52
92
42
34
52
12
8
6
52
8
52
12
8
52
8
9
22
52
9
8
9
71
37
18
34
21
33
20
20
21
24
16
22
25
15
27
20
69
6
62
80
17
33
35
86
55
36
59
77
93
32
65
46
32
19
47
42
95
21
33
52
93
36
46
43
92
96
78
75
75
74
74
73
61
48
31
33
104
68
112
70
68
48
30
102
101
74
106
80
48
94
107
20
24
30
51
49
14
22
81
61
60
35
60
86
104
27
72
52
40
6
13
97
84
7
22
99
86
45
100
62
45
113
96
73
38
43
43
82
48
28
35
96
52
26
21
76
40
55
100
114
8
100
8
96
6
68
12
45
66
60
99
57
100
15
27
61
40
85
55
99
22
10
41
57
38
35
92
9
90
14
47
74
89
83
82
30
8
16
20
13
13
11
16
22
9
28
8
28
10
12
11
15
12
9
16
15
8
68
47
8
8
12
16
12
11
31
6
8
16
8
8
8
8
16
13
38
26
16
12
20
16
12
10
8
53
16
12
28
24
33
8
20
24
13
11
9
11
12
27
8
15
12
27
54
79
6
81
64
91
51
62
104
102
38
49
95
20
106
46
26
82
36
20
34
63
72
24
31
12
36
12
48
23
82
51
107
49
61
11
76
48
13
12
24
23
16
16
16
20
19
21
12
16
24
57
36
12
61
22
36
49
13
13
106
49
36
68
33
14
35
25
85
20
39
100
51
47
12
25
17
34
72
38
73
8
30
18
26
61
84
43
65
33
63
29
60
39
28
36
50
24
23
32
24
19
11
24
104
111
46
76
72
32
52
16
24
44
8
44
19
20
29
46
14
20
6
41
35
52
52
41
34
40
37
52
12
56
37
14
41
29
14
22
35
14
49
48
48
48
89
20
44
11
17
33
32
48
23
13
63
24
30
16
47
36
23
32
49
34
53
107
24
113
57
80
17
34
71
76
30
10
12
48
60
61
74
24
47
23
21
80
34
15
24
6
80
36
18
54
19
21
10
52
53
29
26
35
27
84
52
52
52
52
52
52
40
16
16
24
8
16
16
61
22
38
24
16
12
8
12
24
24
16
8
9
24
52
96
12
60
32
24
32
27
24
25
52
