36
64
24
23
29
11
51
69
37
7
42
45
78
38
44
20
12
79
62
65
11
10
28
15
47
84
62
64
64
96
62
67
78
93
26
50
78
12
87
34
104
98
10
11
11
8
11
100
103
74
79
61
28
73
72
53
11
101
40
45
81
51
27
14
48
33
36
53
69
61
17
58
44
90
109
39
37
46
32
48
106
44
60
24
61
22
76
53
8
28
28
63
35
52
27
37
20
22
34
52
29
45
46
53
94
39
102
27
41
26
48
63
77
91
17
94
84
39
58
77
32
93
55
10
102
81
51
36
35
17
8
39
42
39
54
86
27
35
37
52
92
52
9
8
9
71
37
18
34
21
33
69
6
62
80
59
77
93
32
21
52
93
36
61
48
31
33
70
48
74
106
80
94
107
20
24
60
35
60
6
97
62
96
73
38
43
40
8
68
12
57
40
85
55
35
92
9
90
74
89
83
82
30
8
16
20
13
13
11
15
8
8
8
12
16
12
11
31
6
16
8
8
8
16
13
12
10
8
53
11
9
11
12
27
8
15
12
27
54
81
64
91
51
62
49
95
20
26
82
23
82
51
107
49
76
48
13
21
12
49
13
106
49
43
65
63
29
60
32
11
24
72
32
24
44
8
6
35
52
52
48
89
63
36
49
71
48
74
23
24
80
21
52
24
16
16
24
16
12
8
8
96
12
60
32
27
52
