24
18
4
24
24
113
84
15
19
24
24
24
25
29
13
9
4
3
5
4
3
72
33
141
103
78
160
84
98
50
8
4
56
10
17
14
15
4
4
9
7
13
9
12
5
2
4
3
65
104
167
3
56
13
39
58
5
2
68
36
4
53
62
2
80
66
319
82
44
70
235
221
4
17
115
15
153
34
49
174
8
27
4
85
64
33
118
110
4
152
52
46
160
98
14
122
10
4
12
4
4
8
4
52
4
4
19
8
367
40
81
12
132
4
138
5
148
64
65
175
13
9
8
13
35
157
126
96
51
1
2
4
5
4
4
4
4
52
4
4
5
5
4
4
4
5
40
30
38
36
69
153
61
193
65
173
93
11
47
16
4
359
188
1
35
43
4
57
78
5
127
103
139
124
109
181
1
4
37
174
40
119
57
4
28
96
88
21
5
4
4
1
3
4
4
4
2
2
4
4
4
4
5
2
6
9
4
39
29
24
1
5
2
4
2
5
4
25
19
24
1
4
1
1
11
4
8
63
2
72
22
4
4
12
4
16
16
24
24
4
4
4
4
52
12
3
65
258
179
195
152
62
3
30
172
120
12
4
98
73
13
21
16
61
9
207
2
47
5
84
3
330
85
2
72
2
2
15
6
80
172
71
9
25
55
41
13
10
12
1
32
8
12
9
1
51
2
24
2
18
12
1
288
27
152
52
3
12
24
4
4
44
84
12
132
5
