24
24
24
24
64
24
24
24
24
24
39
24
24
24
24
24
24
23
29
68
23
23
28
13
105
17
42
4
263
14
14
30
60
54
3
19
22
24
16
35
5
35
37
7
45
78
38
147
22
13
3
31
7
25
22
6
26
4
4
48
22
111
46
8
4
4
20
24
24
20
8
8
16
32
32
20
8
7
32
32
32
12
12
12
12
12
8
8
12
12
19
57
12
10
6
30
10
107
6
19
11
19
20
21
62
28
21
283
17
10
6
30
59
16
4
6
118
7
10
11
10
75
115
69
33
103
131
20
37
24
9
23
64
42
86
84
62
13
10
12
44
50
38
12
37
87
66
4
12
205
76
48
13
13
65
2
23
35
12
4
20
98
52
143
30
74
60
20
21
32
6
88
34
29
29
9
77
18
72
5
51
51
170
88
18
121
35
62
92
2
55
6
8
54
3
10
39
13
26
6
73
15
232
11
24
265
103
74
79
61
30
25
28
5
72
62
16
48
53
29
2
31
71
13
28
29
6
14
25
53
130
11
19
9
18
13
26
13
19
40
45
42
19
87
18
51
89
50
24
7
26
8
44
3
157
27
14
4
93
91
65
24
14
12
46
14
8
69
144
44
86
34
126
95
2
94
98
122
12
39
23
13
111
27
128
32
33
36
56
35
45
25
59
3
11
89
63
18
17
41
4
205
51
125
83
115
51
103
105
44
90
248
30
5
42
25
37
74
9
20
71
176
162
27
15
49
41
39
32
48
91
39
108
44
49
59
2
69
158
51
62
57
92
156
140
44
60
24
71
84
171
54
5
57
90
15
54
71
53
19
34
8
21
52
28
28
102
74
24
47
74
28
182
35
52
27
72
158
96
113
56
55
29
160
4
51
74
27
43
280
56
60
22
34
134
37
9
64
23
38
8
189
139
14
24
29
45
46
112
67
69
86
10
29
12
24
4
12
4
16
4
4
13
34
13
13
12
12
12
13
4
48
11
12
21
35
3
20
34
19
35
4
31
14
117
106
10
31
53
39
27
41
13
48
88
23
175
50
69
9
23
55
33
18
10
24
157
69
23
75
47
31
66
131
162
7
50
77
91
17
75
147
62
82
97
63
27
94
71
57
83
52
58
41
36
113
62
29
248
32
249
33
12
6
21
36
223
87
7
20
30
52
11
102
31
95
17
16
57
68
126
154
257
42
81
29
35
17
51
17
37
59
190
100
6
4
83
35
65
85
170
69
41
2
66
114
131
21
11
20
45
27
25
62
12
127
39
39
54
86
72
51
49
96
27
35
42
105
310
39
113
45
46
65
72
40
37
52
42
34
127
43
67
88
1
2
4
5
132
40
12
4
8
4
6
2
2
4
4
4
4
4
8
2
2
4
36
12
12
5
8
5
8
9
22
4
4
9
17
26
8
9
4
4
4
4
44
37
18
37
45
32
20
17
41
7
34
21
33
21
5
8
5
15
27
49
20
48
69
6
22
8
17
51
33
35
86
10
12
36
13
32
6
44
65
46
32
19
47
42
95
78
33
33
46
7
58
80
35
85
46
43
112
111
75
74
234
28
80
49
30
18
116
48
111
78
187
33
122
97
68
75
112
70
59
173
111
107
66
41
108
30
53
26
56
141
54
176
110
78
154
101
135
5
74
105
65
106
80
48
131
11
184
127
95
94
20
24
30
74
51
113
49
135
120
22
81
128
30
5
35
4
31
60
59
65
86
27
72
52
219
57
39
4
40
91
37
47
6
127
1
97
7
22
99
188
94
71
18
9
95
24
45
100
118
62
45
154
184
73
43
131
43
38
56
213
118
129
110
128
26
21
76
56
26
95
106
40
201
58
89
216
179
194
55
11
132
251
114
8
8
8
8
8
6
9
12
16
110
216
86
6
36
45
24
146
1
139
37
164
172
1
86
4
102
81
117
5
121
137
62
99
36
26
59
12
57
94
13
3
81
74
1
85
55
161
99
22
240
44
166
4
121
5
41
57
226
124
128
38
35
92
4
37
2
298
55
23
55
98
72
14
47
74
89
83
8
9
9
8
9
5
1
5
4
2
3
4
5
9
295
147
6
41
95
3
48
52
145
66
28
80
88
3
119
115
24
172
15
185
26
91
51
136
62
104
168
44
25
79
38
141
310
15
45
8
171
49
95
20
245
81
106
46
26
52
25
70
82
121
36
8
63
20
34
128
63
72
105
185
158
12
8
36
12
48
23
265
109
134
82
183
27
225
3
95
269
173
51
107
166
3
180
156
49
65
41
16
172
98
148
61
11
89
27
11
11
37
107
14
48
13
133
12
12
24
23
57
20
165
16
16
16
20
19
21
12
19
15
25
16
24
20
21
21
35
21
57
36
12
61
22
36
61
62
17
12
8
49
13
20
15
15
16
29
10
13
106
49
11
10
70
33
14
35
25
85
17
10
10
4
20
39
245
55
5
136
100
4
123
47
12
25
17
34
42
79
6
19
72
38
73
22
279
8
79
66
18
37
12
39
26
61
84
43
175
1
46
205
172
230
3
17
18
22
26
34
163
21
13
82
30
33
55
63
29
60
79
39
28
24
18
1
48
36
35
13
22
13
34
10
37
7
42
7
12
39
40
50
11
36
8
8
2
11
24
23
16
36
12
32
8
15
15
12
1
11
12
13
24
19
38
11
24
1
11
36
49
12
35
62
24
17
29
9
2
111
209
145
46
180
212
265
103
46
162
61
146
36
8
35
163
75
76
2
243
83
43
9
45
57
36
13
52
16
8
44
59
159
161
246
4
52
52
52
52
119
12
7
4
7
8
14
16
16
22
295
41
48
48
48
48
4
89
19
12
10
34
20
79
109
88
21
26
20
18
32
15
1
144
44
103
61
11
53
142
32
34
33
17
33
145
36
20
32
27
39
24
44
44
1
48
35
24
24
23
4
25
104
23
115
13
24
5
134
153
1
37
63
59
24
21
32
19
55
1
14
30
16
47
36
56
59
54
40
45
23
32
24
48
49
34
1
8
4
19
54
111
130
37
132
22
93
35
115
79
31
5
34
53
24
183
39
107
24
113
57
23
10
16
33
39
17
80
1
17
34
35
5
17
120
38
25
71
76
30
10
12
2
48
55
9
19
8
60
61
21
39
36
56
25
13
13
8
13
27
37
74
22
18
69
24
11
24
47
28
33
41
92
2
23
30
27
9
21
80
1
55
27
24
11
57
25
34
13
12
17
12
22
15
24
6
12
8
80
28
12
23
12
56
10
229
123
12
64
29
26
35
23
28
17
133
231
27
242
116
61
46
84
42
101
40
16
8
8
8
40
24
16
8
16
16
48
14
24
8
24
8
16
4
8
16
16
40
5
9
52
48
24
20
72
12
24
88
24
19
1
13
9
35
