24
24
34
40
20
23
57
39
96
8
15
53
3
94
2
4
5
4
4
112
2
100
61
35
152
92
23
7
100
166
3
99
1
111
6
203
4
12
12
14
58
158
19
45
28
5
126
35
17
44
108
20
55
110
5
20
57
7
113
29
114
4
359
56
196
42
27
2
161
67
36
119
82
1
5
39
4
100
1
4
5
2
16
8
9
1
6
16
-3
26
22
3
156
190
31
55
57
9
17
47
2
40
284
294
2
25
4
16
12
17
48
1
66
11
35
94
29
32
28
80
19
132
11
10
9
27
6
12
59
19
63
52
12
12
4
34
