24
24
8
4
4
8
4
24
24
24
313
132
13
9
4
8
107
21
53
29
25
10
20
111
75
8
67
30
5
4
8
5
38
32
88
8
3
5
14
57
111
27
100
166
56
45
27
50
63
74
1
111
71
112
28
40
24
26
85
9
64
125
44
23
42
15
24
144
31
125
24
12
4
28
12
4
3
14
29
24
24
93
23
55
33
18
10
99
98
6
115
66
162
166
353
183
65
85
66
114
131
92
20
151
105
154
127
43
67
12
4
4
4
4
4
8
37
74
102
47
21
51
10
43
15
57
13
33
161
35
4
180
111
53
137
26
110
73
78
154
64
105
65
61
71
56
290
188
18
6
176
8
8
16
52
40
201
58
89
8
116
9
52
52
52
52
52
5
4
2
3
1
5
4
5
23
4
2
2
4
4
4
4
5
48
11
11
2
18
1
5
2
8
4
1
1
35
7
4
22
40
4
4
8
8
4
8
16
10
6
12
4
38
16
28
32
12
16
4
16
8
9
8
4
16
12
24
12
12
127
11
28
168
100
16
16
161
65
28
96
16
24
20
181
89
19
15
25
193
21
83
61
62
17
150
20
15
165
15
16
29
10
133
16
4
4
8
8
21
4
8
79
267
66
55
57
9
208
27
175
1
46
68
28
7
22
16
36
12
12
9
11
17
13
6
87
55
3
145
46
294
2
75
173
86
2
24
8
32
8
32
8
59
246
4
70
109
44
52
177
12
12
17
13
7
14
5
12
50
36
25
13
11
4
21
10
43
16
4
167
5
11
17
8
61
22
95
24
24
4
153
37
33
4
8
94
45
24
130
37
132
62
93
31
12
3
3
35
21
117
151
63
188
23
12
12
206
9
28
42
17
8
13
27
37
3
25
12
22
28
52
2
16
7
3
11
13
12
22
5
8
4
6
