15
8
18
13
9
37
7
45
78
38
22
13
31
7
25
22
28
32
16
36
30
6
19
11
19
20
21
62
17
10
6
59
84
87
77
95
71
15
8
64
33
118
110
29
43
56
134
37
9
64
50
57
135
36
113
62
52
85
25
20
35
126
96
51
7
45
58
35
85
46
43
48
29
114
113
57
6
62
52
56
76
8
8
8
8
8
121
12
94
13
22
121
35
92
55
98
72
52
79
16
11
16
16
16
16
24
20
21
21
35
20
15
15
16
29
10
16
8
8
21
36
85
52
14
51
15
22
