52
12
36
48
12
24
42
24
8
4
14
61
4
69
24
3
27
8
15
15
42
142
57
156
93
14
15
4
2
4
4
95
40
210
133
221
38
32
48
116
22
61
22
17
135
150
42
12
146
3
10
130
114
31
66
75
108
165
68
353
14
4
218
138
5
42
39
54
49
40
67
34
90
1
52
52
18
37
5
32
36
144
92
31
33
4
169
75
4
1
35
148
94
206
60
4
180
125
110
69
200
5
100
15
85
55
161
210
1
3
4
4
25
19
16
24
19
1
4
12
4
52
12
40
3
177
48
244
82
61
11
12
12
24
23
120
147
106
49
25
16
52
17
209
71
52
12
48
48
1
55
6
