24
8
4
4
8
4
24
23
107
29
25
10
75
47
131
38
32
88
29
54
10
39
28
5
73
72
111
27
44
9
84
54
141
28
141
14
24
147
38
12
3
14
33
18
10
36
17
65
85
66
114
131
92
65
151
105
35
52
154
127
43
67
37
18
37
57
53
26
110
73
78
154
74
61
71
124
109
133
56
12
24
16
28
8
16
82
48
58
89
40
52
52
23
16
4
11
9
4
11
16
8
9
8
4
49
95
20
16
28
60
32
96
16
24
20
89
21
12
21
15
16
29
10
133
16
4
4
8
8
21
136
46
28
36
12
12
9
6
46
2
2
72
16
16
59
4
109
44
52
52
7
14
28
12
50
14
25
13
11
4
21
10
43
13
32
16
5
11
17
8
71
4
153
8
94
37
93
21
63
29
26
35
23
152
28
11
13
12
