22.311963665891813
7.204865827592294
0.693463005274011
4.940142305577196
6.062835069659367
27.523414330403895
17.258978125204166
3.760447372175136
21.65474676512633
11.000496527565398
11.946304770606108
12.57689989068713
6.816790395899487
1.538400543399474
2.2210255607463747
18.372107105703773
5.238823738301802
13.473117405379515
3.7093677035326076
20.50061060154359
20.080086613696086
1.8437311801574596
10.933597027879705
23.66069863014472
26.655463432225044
7.871105155981149
17.352987095267608
3.6779577932604792
8.781152434242898
6.030419321775934
22.246133527758367
1.9390897723717773
7.850850637117525
7.717319478614579
19.938582127364672
16.240885106684736
1.6674953254402816
22.788635490548344
4.056129275741026
14.420429844809558
20.84588277358078
3.5352067961745672
6.340473487192172
4.086462029960522
4.267188606805479
20.45083893655363
17.337884907749043
0.6469321386043054
26.718773525493916
4.990733863035787
9.165539796148806
6.55446096091161
15.136167982282258
4.722654947714937
1.3291848579090209
25.180852173210123
2.326445943679037
19.80380911858389
5.615557342020198
4.171666016494034
22.458656634698862
11.9623641426297
11.496973213901114
3.1148645452833383
26.17588066910826
18.67370427630987
2.043065745033773
5.368427012881222
16.91635162327354
0.5930860201922519
6.675883094574148
10.606533468316382
10.408003279615375
6.942935252919625
6.463808075433285
25.017723256753193
6.2301168786745125
2.725097600669562
23.288263526057595
26.128807407517197
41.81069326442397
30.649248013825023
28.843482378689277
47.36228891840346
23.811421391943536
3.3514789564877185
43.12303207480965
34.742554732173595
18.854632323951208
20.915206712895856
44.66163133885169
11.348766691708942
10.27970573240605
29.191379866849168
22.90356641945384
21.318813617327177
0.5896630243173018
46.233599309470854
41.32004250725758
7.3977435536969764
51.553261572864486
9.097457302659722
21.647709480863895
7.136820635075379
39.79831462476878
35.44359372222854
35.922272426483495
21.682778494444655
6.092720013486504
18.567219002875913
39.29450971077849
32.67283864283632
11.927785682460286
20.859315915740027
10.73524624685857
25.064500039976753
52.68131350633238
51.711314603601444
24.67648723079873
37.83098618327695
36.40190203349214
36.606191470892576
4.991302895612936
23.092578892076823
46.62726570548118
14.730758027083347
21.58786635414907
40.16083273389662
32.25815766335837
41.192422145073074
14.767702412867955
11.351669746358063
39.79166570934852
24.202753040583342
27.955567734491776
32.43315735313077
12.682196594274313
46.98699005975332
37.48380484569173
51.65531985291213
33.47783702907604
37.80416420702407
8.23310254014796
36.41932594817192
6.254471087148038
7.961869645362167
5.757453720224698
1.7279578132529725
0.7582125102104875
12.44419651273833
21.78348516362664
9.26571395176676
15.34585025226988
10.932696933388645
3.0777509913899492
5.634146133506484
20.22615493764401
2.545311698156204
8.230697820073944
1.9436063081276176
3.6286353830300393
5.0895164304956655
21.26492913643445
11.988200317436021
0.7465620406001658
1.6467688852619138
7.2994132534580585
18.677589104199058
5.668901193211447
13.087527424211922
13.135525775358998
8.663678220581678
18.239523415864
6.543118945918905
19.342042595219812
8.329261851406242
18.200342379519785
0.6731918279551472
3.6713339237108866
15.46334339033444
14.717390714449735
18.105174486794994
20.275078832459286
5.07462818248461
16.815582290804837
6.780713164624208
0.6644853042323859
15.567653042087754
10.628886910784939
6.618721744309893
18.43333585495901
1.868599521903755
16.503343558848183
15.896796108982846
2.8722417671288896
6.6311246227076985
14.432318056077262
7.706546546508394
0.0661995274641578
29.986359049662035
1.168835756506652
7.639191752610445
4.084781180401518
