18
12
8
12
12
3
4
431
24
32
79
3
23
64
78
59
205
104
4
12
3
10
54
10
31
83
101
40
4
67
51
76
2
45
27
63
106
3
17
108
22
27
128
160
98
14
122
127
69
12
28
13
14
43
27
41
63
3
25
93
77
91
17
139
84
77
98
96
152
132
9
153
136
35
166
90
33
35
4
1
2
4
5
34
5
74
102
47
17
35
52
93
111
54
153
118
70
1
105
65
232
128
135
40
174
188
71
154
119
213
26
179
194
82
74
89
83
82
30
7
60
24
36
38
26
12
4
16
12
4
20
16
12
12
12
136
195
10
101
38
63
60
13
89
162
61
86
5
52
177
119
53
