16.956101211419966
6.714028077263013
10.9474903892335
25.446499864485958
19.072107000836702
20.73733743891452
2.3634246323437234
13.31959144802104
23.922055719573454
18.018109395979447
17.27938977096619
14.566992144516274
24.85757745830645
16.136026210906596
8.917788360645128
17.371909217575865
26.91277640409372
4.752361379740503
2.8217962842449102
0.8708820024223165
13.437551576325895
21.122947397289018
27.269248001654056
20.037883147529868
22.188263282324446
18.304373247375096
20.14654262357697
5.4072119167995805
15.66913865258499
5.67661924960381
15.55163245462675
2.834938021795802
12.302920665840823
4.47604203761208
24.42484677516156
6.128200865651941
22.229875353133266
18.1068962092602
11.998876871356277
11.315805132680058
12.698399567728634
25.783595402664282
26.029984067195915
0.6624491709884257
13.050515509168864
20.551802964207223
7.601259843625538
21.836558192133523
27.388279118111036
3.278908593686283
12.38277957914589
10.0300742242983
7.861920280017448
15.15779377173052
18.83985455750843
20.51480539731479
12.496856949662273
8.06940487227806
20.28976786773861
16.92221364015348
27.612077530895107
2.7666640737134642
15.521527942230946
2.9956216532898026
25.193344917914057
17.08861699438569
9.097729851265782
22.660088508578415
18.180514344964138
26.255357471424144
27.07897549618338
29.271825720613478
46.24344428841661
44.08862038616194
38.43988710538295
48.36333170784881
22.913006265752422
17.749741198364607
41.99557071621466
26.03199257280792
25.18214525224946
8.662648440947411
52.252847415665975
50.81237975544095
14.884582015113956
48.89052516387264
22.363699658816248
44.2273228785427
24.036071972736167
34.974772978777146
24.800867802439278
48.07082654434503
36.658404744802404
26.43175665497219
39.15231401643471
41.21791743031018
12.880581898439658
27.385604601843
1.5938908784942178
19.62820146026136
6.053145013548071
12.808584387060687
31.730800247143428
12.327646591552838
26.507052129736277
12.19792095626494
5.209934946286921
3.325033548628465
48.58141246859602
31.911152442557047
36.93780934375784
24.004349243230862
38.670401641128706
17.875914703162593
35.91354210346042
24.777914682776853
47.0566656391884
6.630904647186976
18.073054494136574
4.990587222440167
27.53141912916958
7.569725920244291
21.43753907290249
35.406212506007364
39.53209434036042
19.18909188998081
46.70720482754717
48.905197000167526
4.571472882006608
7.976745064755382
14.296346718389586
26.403593558986962
27.429071592440028
42.36864735546705
39.5091831692711
29.18060663830258
0.725264432273991
38.393440667568974
47.08740349591325
15.831821093202068
30.800837333835812
28.5707416746624
51.70153140509822
30.47326089981762
42.96475105284756
15.050676944936061
38.196147433311815
6.1812374828175525
6.956152242601828
18.969803079343933
16.929111805753315
3.209392380772381
1.1794904854369905
7.728997343036866
21.053983940560734
2.0404035315351052
14.544656966701346
1.9015459372702472
6.6978135318531224
13.83560080616308
17.956544611180703
8.787549228145394
18.49041584286988
1.5573820474719717
11.265451315190788
5.014299972844256
15.87940109766595
11.0121749464563
6.484791431905519
15.217622330557072
2.9314391790313388
16.427251686509347
18.542842837835664
8.977592423202488
5.343971788234031
11.995091988355682
8.386185657947731
3.457530465470564
16.813146013057658
6.197115954193854
15.888811823488679
4.3776615718072085
0.617930241548331
22.857804721287888
1.5499377373324825
17.33963868246229
1.2432329716517359
7.5454908098841145
0.4302247786415174
4.37204163003527
8.139275018418116
9.300955563760828
0.07241555545205003
5.393856237732779
4.280692370300628
10.510174611579327
8.319353837250336
20.739465729636365
7.969395639824835
14.953286499885873
7.084752674964355
0.8129687208079588
12.122066633635352
20.48556997040307
20.50109833830739
2.885414380062869
5.152873839940189
3.175797907571625
0.3348604135258517
1.3108631056358844
11.001259895712248
7.942803672663887
6.696961286468972
3.5703480223047794
11.496845613751493
13.034718192980208
6.673455666479005
9.272440291820441
5.720173700796687
8.208821303432744
12.086391194785051
10.605089104947744
8.651611091389801
17.008257983803905
14.145493349444727
6.031701929914787
1.6725860360066345
1.6199923149480489
17.856286662085676
2.9405474734775034
21.887625496628132
2.498196450228449
13.932010725593077
5.432048109493199
8.220436861266613
1.504519425302263
21.79186290154013
9.31504193710334
8.007680932797717
22.13918046895013
4.220184144482257
2.3834243336491907
17.077752090169238
7.531339709682952
15.32640076393114
7.933048077214959
15.908708267896028
5.832107367596709
21.497272445372236
14.083430335800792
17.162630386445535
18.04715117181693
7.935077230072722
5.182095267871109
15.95250868348524
1.285796637797648
15.799865763296769
11.550373341716494
3.891877919425367
22.524014410733916
13.402482854922383
18.051003843251426
8.775439330226408
2.5027754093526497
5.190401969123283
3.559413814173821
39.71384283272152
9.158081166185344
7.155258624625595
5.501661137834479
1.5752960493643906
6.92828500346839
5.888261951453027
5.234783267056404
14.291769538433892
17.28923415616845
