10.889310011125737
13.94034159607883
46.31943426905271
52.541639596789665
14.753486093935106
24.82371813169887
11.859857756564434
33.85580979662693
4.502719533386433
0.6233731107372122
16.92505761142856
20.754195192479045
51.683420713503466
33.648574134827726
21.927745701546513
12.277375718525672
69.5180260098063
17.349968990457537
21.525025510938622
65.9311212016287
57.089252557112985
33.36121396371698
19.387733124968978
5.759757824967192
42.3868876497877
29.841987046097287
29.851652600859186
20.250486979591752
32.05655443868095
50.987777672438135
70.29659310574779
20.483546454250217
59.67928895692983
9.592732608241795
44.42547601107603
42.998001170516424
29.205744944252693
12.952682514094208
68.72765426117677
52.852314043005386
23.843444681685355
47.89637165293159
14.916257832715647
2.3536083211130823
20.242330180874568
20.923602601135887
12.561473998395854
9.528183023093883
13.29932001589483
7.552416838073329
68.79266593491079
52.22285443503014
17.883049979624104
36.42354529537137
25.189376313637993
25.63402250246133
36.906427891363094
72.21136041380926
38.791492286125276
13.224016751052238
32.337592323403506
67.74113489148412
15.534299300773888
22.10119072715407
56.52512795706884
11.245697120880996
45.50712000151913
16.981783567294688
28.234895523465223
36.54756109928037
20.291284529505585
6.9356618546887
71.6969497187074
24.390714722657183
44.69275626921175
47.02282677093864
6.922968365573659
42.4768032947542
28.322339495156754
66.11923277452715
41.87987359555233
44.47906385651804
29.698955451707096
5.132156659233882
13.846649466192714
1.6706943434049926
12.099559917759725
14.839717973031163
54.081401577754164
30.28352716579498
67.16566639411732
63.6667549070802
36.97149327783842
47.730907205729515
61.1344365844844
36.94354274618664
28.686055021756893
16.658481055475338
56.64781304358722
33.452502800009285
62.40462250123924
51.656411410387314
1.9130242814163623
11.462833315640413
49.425377998105766
15.407698841570875
0.3024801552392056
62.28799027839747
56.328444620856494
15.702229148382322
43.92524202502513
53.2933585340359
5.8770314515842825
67.38741797512195
9.338831379270692
53.89960050100659
28.179672249718283
4.82098869018742
36.41629503982915
25.908418670358532
38.85375728723822
21.924257633468617
38.08540041706956
36.343711678464516
24.766059757337302
40.592258010114094
64.79078727864879
66.08698571365659
39.770604274594795
35.89799897461177
61.1538708882621
37.54427525676975
40.421645428396914
42.28058812972459
31.383352494211355
65.6256181605558
37.78041020931956
10.770889032426624
59.48391115014088
46.01393348557532
39.043988063627985
54.680376913083805
35.95013097406868
3.4918503859786156
58.67365206235557
49.5965786236752
46.406872255334406
15.374470141683078
52.92375203487176
9.658795126894944
60.88754858221713
67.92478751012348
58.61138989359597
45.247633793711834
35.65143783965058
30.046691864913033
53.533825239719796
61.41193272381913
63.3383406744793
32.814335418364394
3.1083591169241718
18.210324064076488
67.63468278156137
61.29753695028933
67.29903566300894
27.50042524521171
50.837207217670425
58.31577828320621
51.627587267661184
14.011864047556102
39.42681281964551
7.505012371128636
9.548310082067374
65.520789708008
29.73028224119363
6.405227313189702
49.09422366265553
50.68168880256089
60.60686184918244
61.47678669114573
41.48660000482369
43.98267857702419
64.07259746165758
40.83826994701811
35.55989166334907
60.44151165254201
59.93426792336123
63.63216118912979
38.128265425188815
68.65086302531718
48.95835951972524
2.609412761627345
33.391210561707574
63.180105549876615
9.089859413854999
12.911262022167993
18.54708242253779
62.390409664037165
68.57443725416724
33.79483199760863
5.451183573860476
54.51156803128961
35.89739742263037
64.39582064998721
38.05899194285142
36.1585599211917
35.24117110225761
51.49558488968811
5.877202134363468
55.81671405288228
35.36090870627527
60.04923574336435
31.35692948074051
58.23787003181405
27.50780964524627
40.54123953578287
49.963568823543376
52.2400408558035
55.29109505754122
29.9320489450509
41.01431075824256
46.68249465873407
30.145643277223368
50.60684419836748
53.127944902774296
9.76478254587357
57.72535820630792
58.517704989254256
60.31474408925066
27.409331724127036
32.03701970572662
53.17391214654069
31.55719629446545
20.762569218369556
61.46576821531899
39.014195673322135
7.970142608048585
68.21839587299617
3.189840399743293
52.686203899722784
49.329665356783266
40.67779665585564
45.211966021492756
5.448982514413306
52.77501933530857
65.02263984092873
19.917828663503347
18.349043252440467
62.341484435264974
42.24216699462916
44.662959026136065
5.766170279628255
40.41082882695425
65.94077430295732
63.20870098961912
60.74769104072772
38.507530741755005
16.214932653667997
8.704355937910005
5.22969286490809
20.271641614487315
2.2608728764255677
59.95579079548853
1.1438994970446448
5.255842885982928
7.182204106295362
8.847988811163445
9.137286799868633
6.304786986193144
23.149020166422222
6.106300167791627
1.1245191492962565
28.203199799800625
