24
24
39
19
60
8
18
132
13
9
431
16
17
4
46
16
8
8
32
36
12
8
39
17
39
59
76
44
2
23
67
30
82
9
32
96
44
34
29
60
72
5
51
51
170
18
121
35
100
61
23
16
114
80
9
72
95
56
6
104
57
301
53
45
27
63
102
11
103
95
12
15
39
82
22
102
74
26
135
281
117
66
50
14
12
12
4
13
13
13
35
20
31
84
27
88
63
175
50
124
3
25
93
83
75
108
75
162
50
113
45
54
18
135
98
6
12
162
29
9
69
41
2
90
33
124
2
51
49
35
4
164
20
52
4
52
2
2
4
44
5
8
49
74
102
47
51
92
13
6
44
25
56
33
46
18
111
187
122
97
180
59
139
81
165
26
130
54
176
105
65
5
59
152
24
3
5
176
115
187
28
62
95
24
71
154
119
213
26
137
110
137
86
6
69
142
267
208
86
9
101
3
64
81
150
70
1
154
85
60
4
5
5
9
12
4
48
11
11
1
15
4
12
40
24
12
8
24
9
3
28
2
64
6
12
24
12
12
153
40
145
66
127
11
28
74
168
100
79
45
8
63
225
128
12
161
20
21
21
35
36
79
121
22
53
75
12
55
57
9
230
3
17
18
163
21
13
82
30
68
79
48
13
24
24
7
22
8
37
2
13
4
11
36
49
5
34
12
35
52
17
12
18
88
57
36
13
18
54
13
295
13
40
36
4
19
10
34
18
32
53
22
20
24
41
44
35
25
3
115
134
16
14
26
56
59
41
45
32
132
28
13
17
39
10
24
46
55
39
25
69
10
27
22
33
5
32
12
57
25
7
5
12
114
19
27
22
5
