12
24
8
4
24
24
39
23
29
22
431
56
6
69
19
6
40
3
15
142
57
48
57
35
12
4
14
15
4
2
4
4
6
30
81
126
78
41
2
70
235
221
38
231
27
49
174
116
297
135
17
23
42
12
10
4
12
4
4
19
75
28
5
14
4
138
5
13
9
8
13
26
44
90
1
52
4
4
4
31
33
4
4
1
196
42
27
171
99
194
125
96
210
5
4
25
19
16
24
19
12
4
12
157
26
65
20
34
116
120
36
16
16
24
19
285
145
46
2
12
48
48
172
32
1
55
41
24
48
35
37
32
94
111
120
11
35
33
55
6
