21.075200916579078
6.723918378627085
18.785828872557843
21.040483512920797
3.018771576068465
15.24652877699317
18.18386010718511
20.885120755771947
22.687522173191702
2.739417453848805
6.087508654630813
8.407663771805556
10.318157108322687
11.36372595927601
5.785966943929776
22.38548542499131
6.848793474313497
27.062190402534775
20.462880762739704
20.071570241254495
17.961276807774603
7.96450628430253
20.23400050969506
1.4490364512848535
19.964608691814263
26.650179783713106
27.702459480731402
19.702647886075837
10.4066275402024
4.334318225685792
22.096309637741008
15.038759113345964
23.67730103684899
25.737038129597565
18.56967438904146
18.013941819804103
11.626643835806924
16.878789997832428
9.12176109434587
20.591444832845067
27.416083078084533
21.888814946566377
18.12953392303472
21.01297357422827
27.29655936638915
0.4176380777532973
16.13886288019509
18.826827253751514
4.224530563630101
15.496745260267547
26.46408608156526
6.431883883649276
13.574302169288572
16.374205188239095
24.29610943855792
7.771019685370491
26.229437341430863
24.963675523089297
9.921571047779224
11.982537913199055
16.222393482738163
4.691224592203875
11.141054710305252
6.01627201978476
27.971073334768235
27.699732612314776
10.591168598126579
1.9972182982426157
7.575376465676259
4.706178554201277
15.848473568234041
11.938573782396869
9.190939396823982
13.105700755498468
1.76554830873771
23.75334872608898
10.397917517754685
7.777019851963339
22.52611958054384
17.55941036597525
19.033043154526677
7.692830545851945
16.315501327569653
7.005436456493561
36.754814362431034
13.385661792213337
8.988841588806117
35.24992808040193
8.49177886155634
1.73963570083217
0.7859964192875903
51.15709779432526
48.69639599488952
49.42843188976581
18.6437577835957
46.71938912204837
11.494379885489433
1.5797962080776249
24.13471882846806
33.6099386381034
17.7008748665426
18.823194006411786
47.180083415153305
36.95809666049422
15.489228106585983
17.568963595672745
36.038371603011605
10.369083067231124
13.963503712785725
23.02040912172325
2.946636229760779
2.3149239522294773
38.33755284070796
27.36807374097442
38.29316248209936
43.889703200472674
47.46941390844379
32.69327052967169
5.565546576506735
8.154485204269047
50.05955402314048
2.1998820003171327
29.70984295827649
8.195670217075127
25.33767746670925
1.2938268436246272
33.35175154408936
33.591986376744586
49.36206426271737
16.32104546440717
10.18871476375378
41.6464033448016
49.43896962176234
36.31357114993234
22.221217434240426
50.82762846785528
2.0201919898847707
24.915749646321245
0.9123373165177977
37.84682682304167
52.65357971386192
47.685028984337265
14.259378745143328
19.243272100980384
22.413002449590117
9.27469245303663
34.333247654863044
5.377360578377067
17.507237899972054
49.39877073531838
44.48147323645143
31.49790319128214
21.66115419739418
5.693180424214258
52.254962806647136
7.533750703700431
24.309368934275447
42.89126874128699
27.669927750378115
9.827787155964979
14.13850746863369
28.680728459923344
17.32762716130382
6.258357778073328
24.175958336430085
28.601294525050946
46.47610957843284
27.273360378672603
46.55069954322276
11.399268474090013
10.531557096785933
39.0440092211433
21.423541533884435
47.00122709184338
19.043548973859377
15.129026424346376
13.22625340837894
40.8873068388031
5.325174816850939
9.840097205540468
8.389157829442695
20.083181727599474
25.285986078766918
37.388645130035734
28.39849626176838
16.63183077400096
17.01463976420124
3.4034436258173226
3.5479479439347306
1.7878799292983931
7.12970942850307
7.6997988668329125
14.483658694296007
13.921910520638113
3.978910248403366
6.139606534256162
4.747696377476154
19.81438002095594
19.740908063304087
9.555330901213454
4.425909081001199
15.833785411746764
17.19686651551792
13.09977215211864
18.93413377168197
16.0751918029225
3.2326878955406806
17.767844776367372
7.676655380064714
13.698188603837595
20.206048929957078
19.58174760889846
13.216121938648369
16.056441526057665
16.11506290382835
3.8567083640508417
7.119878226714187
20.030525818103158
7.778840949389236
2.3488278288629094
22.043188196284923
22.966952664288975
11.055121124356315
10.064791848203294
22.090496176799867
10.713663930537667
13.698321141199262
18.300407470390862
1.6653066742381895
5.15721797681446
6.442288325252043
3.036855253549149
4.854480588480554
15.667607272686901
15.949858677297831
14.599078781847451
5.3422768160964775
3.938275590550932
12.709336124893696
1.420230155326899
3.9089265417938033
10.774838850201455
17.25162104142161
7.528186352153282
22.513638430508976
13.635692857347092
1.2958899876021155
1.0074827046845165
17.825639927530858
19.83760675409409
6.2072989750568475
1.8962840171547088
13.536806333660891
10.672140167016572
1.8000980600833794
3.4779325482381
13.019862552193645
19.726760615535188
12.7670309654435
6.033338008831009
22.675880198176245
8.591433158335388
2.0757587131152753
19.014977621603705
9.507154276959703
22.361081113066522
8.395764281679906
5.774208765957368
12.44179713613789
7.881682451056983
13.697642550613551
6.767475919646435
21.305753909063647
2.503483891728429
10.099386611418513
18.249951926990818
7.749153597756633
4.199223178800146
16.12980470172759
5.617258894272571
7.200776008749014
8.195541748836765
18.282664647745893
16.73616263509685
5.681040004844102
20.583251724607518
5.204261362772831
16.765794451060486
8.276333494833992
13.453347075038476
7.704677669345914
9.545659698469482
20.94881507118666
6.254651544597203
4.103883981043259
19.916148922582998
6.1427329682288985
17.891556314767882
5.079972257958239
6.136189960677175
1.4060909458243493
20.99209432239394
1.9488011505775984
21.38189183119825
11.63815491086843
13.24469078500675
14.832446472749442
1.072279071488527
13.775351591566011
12.30939942376753
16.982414570351022
5.8231384486435935
2.0256461626493416
20.120997541124698
4.416527836790884
7.963087079168388
15.603341151618732
8.312936927620461
3.566298124228106
8.106662246820171
6.104639761880857
22.97386104863383
10.877824537575279
3.120582227397469
5.6291020916431
11.482110739880191
20.47699271716197
20.8411014427976
13.575008442989908
8.399315825016133
14.767756904196505
16.841376201463973
5.111000613634944
6.239342544243185
5.759919093476317
12.467365887804137
3.7246620034467983
8.99899232792933
1.1378826430054199
36.794570080296296
40.67614994174404
4.539377283451379
30.54107331417063
4.877323842399817
6.863841336232254
6.618395416617982
2.212255023770187
7.995491681596483
4.952143582975555
5.801131301944126
1.6224874518555858
6.160157655237535
5.911117888312783
8.663599602532335
6.417090713363958
8.570877065023788
3.7159727645642113
7.936388304900644
0.5009958984010439
3.6812087718642643
