18.52192769351484
1.4248187089838886
6.242057037785061
19.617776966647558
15.65761480022077
6.264301979159488
23.798018470075824
17.48181785342826
18.672889161258645
10.88349559755078
9.3938625529138
21.98934213431399
11.864759725409058
0.7678627819152277
0.571722177256313
2.211597695385991
11.99768850292585
13.618422758925291
14.698502740739618
25.66911154047805
12.670165052282167
26.319034515073852
5.4812917399993495
21.02164707104499
10.412626546791172
3.98120176699006
26.004464457130215
2.3693018954046616
8.376524708599632
7.661349779028818
3.72325254786067
19.065848097581107
10.179386676640679
5.295665493323195
9.699622166878827
11.047274782218757
25.776578847255973
21.064645361652598
4.342942966024497
1.3012425008712674
13.23193581468405
15.947098190858558
19.144956165510848
17.708673839921012
25.00895606484434
18.17488883708308
20.153915547354227
22.03870580040538
9.064633784172775
17.56986295273135
18.999395954712742
7.103799576231537
13.486237002243906
3.6767837728455466
9.819010555829566
21.650785036860544
27.512550133574514
13.008548580170107
2.939986950846574
4.26821152339615
13.466241719856683
4.751061632800438
18.049429331872506
10.423867695301215
18.471277459746158
21.819935180509113
50.32015126771515
1.7162317999294592
19.624157115698388
47.98949388109611
27.837858273783414
30.861738611718806
36.50723733069394
17.034533871422916
12.264294326643071
14.447175674627614
52.485174347568716
17.971921015640145
29.375325564400118
50.4727518530205
11.702054689486783
12.397677841457734
23.98771471869346
38.08826730188491
24.761188859336144
33.768378929619274
15.452380045620572
34.13126807406799
34.280257909741174
48.2571251465856
52.63000801693642
21.042354049179316
17.225625139075515
22.245085120678855
13.820979150121412
46.23882333951152
14.527853957559085
43.09533139554238
29.74780833774649
25.475862071389795
27.631189048829768
38.309101030589474
29.141830568593136
14.88321783254014
29.617528925396577
19.16705573731069
1.5187774639142644
52.06359806669008
20.85656880188609
45.08415219968138
48.44392270500511
48.22874771580743
14.798474523012281
29.018613430430403
29.164625440933484
23.087247783237657
18.30083655759475
49.82483281524071
49.97336008060731
42.97855962406186
27.138620122661237
26.734065377735657
35.90138809107698
50.63662005894032
15.939595361906466
17.48285831513899
37.15080581982303
29.54765435669727
11.947458536602412
26.517368412783505
9.549552085096494
14.53199748239831
29.695717600547148
14.609649614745448
46.19407111172578
9.001891931389622
48.23030838298935
41.26872812605465
49.509533844705544
7.299099438417249
17.032274592483
18.793013233011322
18.578584808667827
9.446774596117333
50.567665100377866
18.319965899271644
17.13261390597116
26.844115740528746
10.012988405684592
14.8354324208858
6.247898558098877
17.374689277286983
15.872337703769826
2.7012879396832385
2.308604570656819
30.34719556342082
10.329678069860744
30.942344124103627
13.015984980420678
15.326971731453082
27.31876000474814
7.102564879904289
52.572982259207606
43.80107811322012
26.93796823512248
16.521861081421758
15.580994670898134
20.437311173561667
4.167100290239402
20.063089992818014
6.391344116990124
22.137389274265537
14.443499354344713
20.771571617033317
13.149643526682764
0.5578846444137513
15.801096661813965
1.7848969393532994
16.725458292950176
6.256386276623732
6.338181338047313
8.962574275138651
12.614787100256516
5.556317042776707
16.539513876796192
10.622266417560958
9.444294262418808
0.7696782146498808
6.4541514350903455
7.249716898175983
17.162662940213632
15.667579630011707
16.631089260796948
9.668321691862712
7.260344028727062
21.136278805338165
0.2173620362036237
6.458454827112603
7.679222007402376
8.451203501925832
4.711086162476871
4.18952574766322
14.4160273139688
21.82326211855508
3.668760346561559
8.362669721461327
16.50360585946872
17.14711180665324
15.86715865142626
18.786864101405346
6.899781939176044
5.919546225450556
9.831046888959463
20.356936165417455
20.71705534639179
14.57604831601576
16.131494241695215
8.668079303187817
9.291683689130934
13.541518672879608
2.248536430804084
10.365401233718469
1.3697348155988749
1.3007507710167694
4.911853583802683
18.582983159878264
1.408023361143369
9.119398538278906
8.978661198623275
30.54270186193693
0.29678632055103904
18.15680369401613
26.32587627429971
31.496606653468408
5.213312239751289
1.2061361523832277
8.95917291290621
25.770118428461092
