107
24
36
12
4
12
13
3
4
8
24
24
24
24
24
313
24
24
68
23
14
14
60
3
53
19
431
44
46
8
4
20
24
20
8
16
32
7
32
32
12
12
12
12
12
8
10
107
16
42
6
77
20
134
20
24
52
9
23
64
75
44
66
24
11
4
12
205
76
2
23
30
23
74
60
20
21
6
12
13
12
12
9
5
4
3
3
4
6
4
4
3
5
44
34
60
18
5
62
92
6
36
52
38
13
28
29
6
19
9
81
12
26
13
19
19
87
18
24
7
26
8
44
3
132
107
22
12
39
67
50
58
102
11
101
30
5
61
72
86
57
15
49
39
2
160
158
47
107
5
57
60
19
34
101
65
112
28
102
47
74
72
104
93
74
39
93
60
189
67
125
29
12
12
4
4
13
13
12
12
11
21
3
34
19
35
4
31
14
106
10
63
96
24
7
87
113
142
62
82
71
133
83
52
132
12
6
87
7
20
30
11
12
171
16
111
66
29
100
6
88
35
4
83
80
69
41
2
125
21
11
20
166
45
136
27
2
62
12
127
39
113
173
52
2
2
4
52
17
26
52
60
20
41
7
5
8
25
10
12
6
25
56
37
78
55
49
30
18
78
122
97
59
56
173
111
53
137
26
173
110
73
78
154
64
131
11
62
95
122
113
37
49
30
5
59
165
173
165
67
39
4
127
1
188
18
6
56
150
51
4
94
187
60
71
18
9
56
26
95
205
16
110
86
6
189
36
146
1
172
4
137
36
160
26
59
101
3
1
26
37
2
23
89
202
7
8
9
9
8
9
5
1
5
4
2
3
4
5
9
23
12
4
11
11
4
8
7
12
1
1
35
7
4
22
12
6
47
17
9
16
1
15
4
12
40
24
12
16
1
7
8
8
4
10
8
8
7
5
16
36
8
24
9
3
28
2
64
6
12
4
1
1
2
4
4
4
44
8
4
12
24
12
12
28
240
79
24
168
25
79
8
245
81
8
105
12
8
56
54
183
27
3
161
65
41
16
181
89
58
27
11
37
107
14
57
20
12
8
98
11
10
70
77
17
10
10
4
245
55
5
123
247
42
6
79
267
66
37
39
208
27
175
1
46
191
55
230
3
17
18
26
34
30
79
24
18
1
48
35
22
13
34
10
37
7
42
7
12
39
40
11
36
8
2
11
16
36
12
8
15
15
1
11
12
13
38
1
11
36
12
35
24
29
87
9
2
3
223
265
103
8
35
75
326
256
45
57
36
13
59
401
18
16
70
18
54
26
52
177
12
7
4
7
14
16
16
22
1
5
10
4
19
12
10
34
79
109
88
21
26
20
18
103
61
53
1
34
33
36
20
27
39
44
1
24
24
23
4
25
3
115
24
5
134
153
1
21
32
19
14
54
40
45
24
1
8
4
19
54
130
37
132
22
93
35
115
79
31
5
24
39
16
33
17
5
17
38
55
9
19
8
21
39
36
56
25
13
13
8
13
27
37
22
18
69
24
41
92
2
30
27
9
1
27
24
11
57
25
13
12
17
12
22
12
8
