8.717865907474586
0.28410582429341336
21.32611921840394
9.888059265079377
17.649259517415523
24.3749347120845
21.4051494811527
18.63180991349885
5.381447205012629
4.441616382902807
4.814762615790323
27.20748230643991
12.930717688688333
4.56227314300475
5.17583392634064
12.652829682286313
21.76520770007296
34.87720842576215
28.914767323245584
29.101380046670446
13.12234755375121
18.77748472181942
52.68862826344797
2.6044763462357103
22.576937015626463
49.175636035101945
15.30100773356577
35.39895038810407
4.297644732005942
25.51360008727523
3.9849132244665704
17.108707061848126
1.2843214971471628
9.03867054373276
10.479787140455853
19.631793081667812
1.91142778233707
24.39927554539435
3.73079059812149
2.2020515079530996
34.61884644664847
