48
36
15
19
11
51
60
18
9
29
13
9
52
9
17
16
17
69
37
42
39
22
13
31
25
22
28
16
52
19
11
19
20
21
39
17
80
17
10
62
13
47
47
33
69
33
84
62
53
81
61
78
38
44
78
34
13
9
11
11
11
88
65
9
77
21
55
56
58
74
80
9
42
89
50
14
48
75
60
44
86
34
55
31
24
27
41
32
82
44
41
90
51
44
42
25
37
74
9
71
91
90
69
92
34
34
84
54
77
15
54
81
90
64
33
51
37
20
43
56
22
34
85
9
53
38
20
80
53
19
50
32
27
27
41
30
49
52
31
35
17
85
66
16
79
12
45
46
20
55
37
35
92
51
52
9
22
9
56
46
24
16
22
25
15
27
49
20
48
67
12
69
45
58
80
30
19
21
33
91
35
85
11
73
29
68
46
71
84
28
62
50
45
38
56
57
40
58
89
55
11
56
37
66
60
14
74
10
35
55
16
20
13
12
17
13
15
68
12
11
31
26
22
41
66
51
15
20
30
72
49
76
68
82
44
46
20
48
15
50
25
52
52
52
31
12
16
28
44
48
12
32
84
12
