20.37543790284567
23.389241277913044
47.468614104794376
12.471062601234209
15.274519859941362
26.890494057514132
18.539377052128252
36.19147923342743
10.358857490004254
42.92565471403032
27.159181449684088
5.597459270435632
43.84937060671762
6.1192879907513635
3.771431688953543
42.725989108489216
50.39493097472377
34.65864668453983
18.685402573999607
26.39185749739413
5.157824100146397
22.241170804312212
44.76654569986523
0.2969963547943042
4.87899759589585
20.37638582490741
7.267784013471772
41.03538520409033
45.779200124443385
24.533040290891314
43.23989284029719
7.001218789743242
37.4270666661876
3.623841006673194
48.458047979315474
8.842018719882022
55.92632819464839
8.172156501043107
39.54737972036414
38.7307740108341
67.00374255864743
25.14511686509059
2.827674638927167
69.31069670541916
62.919438017621026
21.390062042734296
45.04110688502854
69.78336057569848
27.266304643186643
32.569756700941305
64.31096436597
49.09750569920522
61.49167998538146
27.765098697068886
11.059474745595871
39.94126951724217
17.343631483985764
48.170999004247335
52.06546325769072
66.87576855129383
19.60182530166716
11.248495861343688
24.85728612712057
56.67658319936866
20.226554119765694
37.51645038986659
69.26117629591444
4.0293046853744645
21.718138625495513
41.66438108731408
44.77295038256487
42.728160149192405
48.67911249694648
20.720867242056833
47.11175043507342
18.041256049264838
3.6873321002874695
27.9217459732022
9.549993704582212
1.5148416185211655
13.033848284979735
8.094997463047028
58.982243391939605
50.262827435705326
38.5731998623089
47.386532461066835
2.110237961204813
42.153216707474364
54.25547196363715
62.17073970406724
48.9339576368436
35.967810419108325
35.74136586332725
17.640615068250447
21.69736785153202
12.36695731968293
13.091091420073182
25.112522673532652
3.342955796129275
9.513627245523349
12.514120803617896
1.0012893871800719
56.502538138233234
42.045684593613515
58.54323515628754
14.387659090930036
