12
8
24
12
8
24
24
24
8
24
5
4
32
10
21
25
32
39
8
3
10
13
38
26
6
62
112
89
130
4
12
93
46
76
2
67
23
108
26
79
57
90
71
120
55
29
4
56
129
127
10
16
13
48
43
110
54
31
49
53
69
131
110
55
59
28
126
52
42
39
51
97
26
27
91
37
59
96
122
22
52
12
4
8
4
6
52
52
12
5
8
5
20
65
46
95
78
75
74
104
68
112
101
5
48
30
61
104
27
72
52
13
7
86
45
113
43
118
28
35
96
52
26
21
100
45
61
41
57
14
47
16
4
22
9
28
2
2
4
1
5
2
8
12
2
11
5
15
4
12
9
1
1
47
8
38
26
16
12
4
20
16
16
12
28
33
8
20
79
6
3
104
38
106
46
121
36
63
72
24
3
31
12
12
12
36
100
4
51
47
12
72
38
73
30
18
26
61
84
33
39
36
24
23
104
76
2
52
16
44
19
20
29
14
2
40
35
48
20
44
11
17
33
32
23
13
24
30
16
47
23
32
34
53
107
24
113
57
80
1
17
34
120
76
30
10
12
2
60
61
24
47
21
80
34
15
