36.8600218494028
0.294938948734341
44.76303360858188
23.228450366016638
15.22435019193399
12.192608766325387
25.94528861479949
49.61488834225022
11.871348321270828
59.27651350644763
35.68631755023121
11.971326772598054
39.7651571070979
54.54472097161196
26.02774590397308
56.26354490473124
67.69517796265028
51.095612115503904
53.175272924426004
0.7450840375006997
70.50366405296984
38.997923041445894
33.35848830361611
10.998325389305135
58.73750754213492
59.463068994778894
18.93492641171135
69.63825904146287
65.48357922060204
1.9384275896470449
39.62484171551863
44.31604921929535
4.279834022697273
59.41789098750314
47.532712778385985
59.37189157908466
4.974646481269577
51.570917935552075
58.97644606173698
54.97626387456723
30.275226211681012
42.27475907337359
21.946470679019903
50.6695709322721
47.695887464862096
58.012187897191865
58.46924410940791
64.9946706011669
47.5484545006208
9.50148595469749
55.71999373057691
25.046345637261645
34.548571263238884
21.425936813895362
18.175468461298077
0.28741241153664987
16.04019756525966
56.9716007519378
24.242807149634217
65.76901536697518
59.95022025091008
44.25136555885258
16.449568369960488
60.72568793720508
42.0315699641138
11.337007540630601
65.07120303016605
28.808258791014385
44.52264320290623
63.366891267259525
59.59869672824206
64.35311989230651
67.28406651642389
33.592869680377945
0.41817108008633497
35.178806666443286
41.463371980048265
39.24853719844091
54.8757127828235
8.417487188712446
9.138936444043644
67.15938257639611
63.896867029688195
48.39639341344985
64.16472737066371
13.896033630174932
57.81825517179263
59.70292027141553
32.69853558226559
44.42261271318968
63.47052854876049
8.4977388531649
11.047295537849006
15.87284861551845
37.066379252051846
10.520521020008477
59.37135748627081
33.84719760982495
65.93878513009706
26.226699663967867
7.671040814886404
20.043104940222864
65.5030097388151
12.678528992949152
22.88982356964078
34.37203984295393
58.54694650680977
33.742577072713146
2.511233013039668
33.50560448096897
58.266959267529735
30.055021087689227
2.8264362954148723
34.49708546094093
31.751912935358078
53.80801132918934
34.42211238038839
19.727483199200414
13.515923937886862
19.751256016962504
23.859334073803204
