36
36
8
4
78
14
14
68
14
14
30
7
9
4
34
28
12
8
12
16
27
32
16
8
12
12
6
76
53
3
6
118
7
20
37
24
52
65
4
6
4
3
5
4
4
5
4
5
4
8
16
6
18
2
97
201
31
83
35
152
19
19
113
92
23
7
2
106
3
111
63
91
20
71
176
162
87
44
49
59
166
158
6
297
93
43
203
51
74
131
27
246
24
38
8
16
4
34
13
52
13
4
11
12
4
19
24
48
147
48
24
148
142
62
82
32
184
83
52
67
22
120
29
151
30
49
35
28
5
140
223
87
7
99
143
123
52
11
16
148
353
111
154
257
6
109
11
5
62
12
127
116
108
35
79
12
45
46
20
55
110
37
88
40
17
56
4
4
4
44
5
32
48
60
20
17
20
41
7
46
48
69
45
58
6
22
35
10
12
33
45
112
111
169
131
46
11
290
197
196
135
120
70
103
65
59
161
67
219
57
6
127
150
51
60
71
18
9
192
50
213
36
145
19
38
56
216
179
11
8
140
8
205
16
110
82
146
213
172
14
1
81
12
231
44
166
17
34
4
52
52
8
4
5
2
2
3
1
1
3
4
8
4
60
24
1
8
4
8
4
4
16
26
22
295
48
52
209
88
28
29
157
26
44
15
207
52
25
70
12
8
95
41
16
98
156
148
132
-60
88
72
11
97
12
8
70
245
55
5
123
19
190
31
12
301
68
22
26
55
56
8
12
9
2
223
92
180
265
103
146
25
243
83
24
8
11
6
52
52
12
7
34
16
1
8
2
12
34
59
28
39
10
20
20
27
20
44
20
61
29
23
3
1
28
1
47
22
41
30
1
48
68
15
1
35
83
59
50
55
40
48
54
80
13
1
9
8
48
48
48
48
48
48
48
48
48
48
48
48
48
48
48
48
48
48
48
48
48
48
117
37
3
136
101
6
17
6
