12
48
24
16
8
24
24
24
24
65
20
6
86
8
8
-11
12
12
12
39
8
283
8
6
13
10
12
24
4
12
205
76
3
3
4
6
4
4
3
5
4
4
4
88
121
35
2
232
11
24
265
100
57
42
9
68
71
144
107
44
25
49
22
24
12
78
41
2
67
23
13
58
69
61
17
105
38
231
49
41
104
78
91
47
27
212
160
6
8
4
136
21
52
72
24
286
146
4
12
4
13
4
21
34
19
8
139
48
158
19
48
108
75
5
107
39
154
68
8
6
218
138
5
151
25
124
31
52
2
2
4
4
4
4
49
46
19
21
39
24
7
10
47
64
118
13
115
31
33
107
66
41
173
34
56
125
206
60
121
63
45
72
99
91
37
47
115
8
8
45
100
85
52
136
181
28
132
8
96
6
205
189
36
45
117
24
190
5
62
99
52
52
52
52
298
1
4
1
25
39
29
24
1
4
8
7
12
1
7
8
8
12
8
8
4
33
8
13
44
23
79
6
241
177
152
62
265
244
56
54
183
27
269
166
3
121
22
53
244
37
101
38
191
82
118
175
34
44
163
21
13
82
60
260
2
89
28
45
294
326
256
45
12
16
16
20
8
330
85
72
30
4
8
15
1
295
41
1
12
12
41
31
24
38
47
9
56
5
7
24
48
3
1
48
50
53
27
39
138
2
22
27
34
59
5
25
309
58
229
92
155
123
132
113
397
93
64
3
220
2
25
47
80
11
6
40
114
