36
36
24
8
4
8
113
64
24
78
14
14
29
11
51
68
14
14
30
53
19
69
37
7
42
39
45
78
38
44
147
9
4
34
20
28
12
8
12
16
20
27
32
16
8
12
12
40
20
23
57
39
96
27
8
15
72
283
80
17
10
8
6
30
59
76
132
53
3
6
118
7
33
20
37
24
52
48
86
142
57
65
56
10
4
6
4
3
5
4
4
27
10
5
4
5
4
8
16
6
167
18
21
2
55
154
30
95
97
201
265
36
21
31
83
90
14
25
35
152
19
19
113
92
23
7
66
24
12
102
60
55
2
31
24
94
98
122
80
66
106
3
111
63
91
248
20
71
176
162
87
44
49
59
90
69
166
158
109
51
62
6
53
186
49
174
297
63
35
52
27
104
90
158
93
43
203
51
37
74
20
131
27
246
24
24
38
8
129
146
12
286
139
52
29
45
46
112
67
53
10
94
16
4
34
13
52
52
13
4
11
12
4
19
8
54
24
48
147
48
24
80
53
148
40
138
157
152
69
142
62
82
97
63
32
184
136
57
39
83
52
67
22
133
58
129
120
29
248
151
30
49
35
28
5
21
36
140
223
87
7
99
143
123
52
11
102
145
126
16
148
353
111
154
257
52
42
81
39
51
133
160
8
190
100
6
88
35
101
153
80
170
109
11
5
148
64
175
62
12
127
86
88
42
116
108
35
79
12
45
46
20
55
110
37
173
65
72
40
67
88
40
17
56
4
4
4
44
5
71
32
48
60
20
17
20
41
7
46
20
48
69
45
58
69
6
22
40
30
7
35
10
55
12
36
33
45
112
111
28
117
80
146
108
169
131
46
78
106
80
11
290
107
24
74
170
163
51
197
25
113
196
42
27
135
120
60
70
103
65
59
161
67
165
67
219
57
176
6
127
8
8
16
36
36
12
12
44
150
51
174
40
60
71
18
9
192
50
206
38
43
213
36
145
19
38
56
194
270
26
21
76
78
95
106
40
216
179
55
11
124
8
136
8
140
8
205
16
110
122
164
82
146
213
172
14
1
123
81
150
121
12
85
55
161
178
99
22
240
231
44
166
17
34
4
160
41
207
100
226
124
77
85
52
52
58
90
187
298
82
8
4
5
2
2
3
1
1
3
4
8
4
16
20
13
60
24
24
1
15
8
4
68
8
20
24
27
8
4
15
4
12
27
52
16
26
22
295
48
52
209
88
28
29
172
15
185
81
64
157
26
91
227
102
44
15
207
52
25
70
12
8
265
109
134
316
82
95
269
41
16
172
98
156
148
132
84
-60
88
72
11
97
12
8
49
120
12
70
20
39
245
55
5
275
123
47
12
25
17
34
19
190
31
12
301
68
84
43
191
55
64
22
26
55
73
29
28
56
24
18
260
52
8
12
9
2
223
92
180
294
212
265
103
223
46
146
25
76
243
83
32
24
8
11
8
44
20
6
35
52
52
12
7
1
34
16
1
8
2
12
34
29
32
59
20
40
28
39
10
37
52
15
41
12
56
19
20
20
27
14
22
35
20
49
44
21
20
20
32
21
37
61
61
77
22
29
23
3
1
28
1
7
47
22
41
38
3
24
30
1
48
68
172
22
15
1
35
83
145
48
104
63
59
50
55
40
29
48
54
80
9
13
1
17
71
9
8
48
48
48
48
48
48
48
48
48
48
48
48
48
48
48
48
48
48
48
48
48
48
48
48
48
48
48
48
48
117
37
133
17
231
27
3
242
136
38
42
101
74
6
17
15
6
80
