52
12
24
12
4
24
8
4
4
8
4
19
60
132
13
89
17
23
57
39
72
132
29
25
125
52
48
11
10
10
131
82
9
4
9
7
12
13
9
8
5
3
4
6
4
4
3
5
4
4
4
27
7
5
4
4
5
4
5
4
8
16
29
110
39
93
69
166
79
152
52
125
110
139
93
124
53
96
132
28
133
36
160
183
100
121
35
52
52
52
24
12
17
24
49
55
75
120
160
61
134
178
122
179
49
14
70
103
165
67
74
4
153
183
136
116
211
229
40
239
9
187
17
12
25
26
48
11
11
4
8
28
4
10
9
16
8
4
8
4
4
16
16
24
24
13
28
32
12
33
8
8
4
15
4
12
27
23
222
240
79
247
227
102
166
56
54
169
131
193
83
169
64
25
401
72
46
41
35
233
