12
8
4
13
3
4
8
64
23
8
25
4
431
4
60
24
35
7
3
7
48
22
5
16
111
4
8
32
32
32
36
50
30
10
6
8
4
76
6
118
7
111
37
9
64
64
96
62
67
4
12
37
84
98
56
10
52
143
12
12
25
5
8
11
32
2
76
6
64
98
4
25
13
39
79
90
14
64
9
18
13
36
104
51
27
66
24
14
12
46
103
14
8
69
2
31
36
80
66
108
89
111
63
4
51
125
83
91
117
58
44
90
12
17
49
41
160
158
57
8
136
21
52
28
139
104
93
43
120
55
40
4
131
27
38
56
52
29
45
46
112
155
13
12
35
35
157
23
83
113
142
136
57
269
124
12
55
10
162
114
152
111
154
35
17
8
35
114
131
92
151
2
116
108
154
127
43
67
88
2
2
4
4
8
52
4
4
4
4
4
40
45
60
20
41
7
20
20
21
5
8
5
62
7
38
33
32
36
42
33
69
153
61
7
58
80
93
61
56
48
43
4
78
130
127
139
124
109
181
1
197
25
5
35
31
60
37
86
219
57
39
99
91
37
47
6
7
176
115
150
51
174
40
187
24
52
38
118
82
48
28
4
136
329
8
8
8
8
8
6
68
12
205
16
110
216
86
213
172
198
81
5
277
57
64
178
99
22
158
77
90
55
98
1
3
8
4
13
11
7
14
1
8
4
1
11
4
8
63
8
12
16
6
8
8
4
20
24
13
19
127
236
3
24
45
171
49
245
81
106
46
63
72
185
3
31
12
134
180
156
148
151
57
97
165
20
39
4
17
34
8
244
26
175
30
28
66
48
36
62
355
163
207
76
2
326
313
44
5
16
6
52
1
10
9
24
80
71
12
2
21
93
8
52
52
8
8
16
260
48
24
84
