12
24
8
4
4
4
24
24
39
23
29
22
431
5
56
6
4
4
69
19
40
283
15
142
57
48
57
35
12
4
14
15
4
4
4
4
4
2
4
4
4
4
5
4
6
30
2
68
36
81
126
78
41
2
70
235
221
38
231
27
49
174
116
297
135
17
281
23
42
12
10
4
12
4
4
19
367
75
28
5
353
14
4
138
5
13
9
8
13
65
72
40
67
26
44
90
1
4
4
52
4
22
31
33
4
359
133
196
42
27
171
99
194
125
96
210
4
4
25
19
16
24
19
4
12
4
12
157
26
65
20
34
316
116
120
36
16
16
24
19
285
145
46
355
2
12
48
48
172
32
1
55
41
24
48
35
37
32
94
111
120
11
35
33
55
6
