15.877593779663771
30.64731387973456
51.07709524342242
3.569446736304201
38.75383516847759
46.140337422418256
59.673905873615205
54.92359893939244
66.84316446315611
4.2255210522218185
23.048625694374063
30.061205449613194
35.15400614513643
46.71757024086956
44.670678251494195
5.812274136889981
1.8031974884748756
34.48106164081874
50.762943564951016
35.439566433491315
18.816315429828403
15.239803626827152
31.59035254692345
24.507238742373687
26.753922988888434
42.4855137063929
