16.273354458104336
12.59761663457731
9.019763813013888
43.28675952910758
36.70771528905653
21.09781044304278
16.548949795829348
66.14085898842144
43.3736782649374
62.917901770495035
56.70324616144141
19.428408460190653
13.892334443635342
20.675062563052357
57.55000577776203
76.30659623996318
58.10108370253332
43.83036476297076
49.92126309286456
30.90485072786572
51.62185908249347
61.86746019372977
61.99048579569335
78.6832370331949
28.635128130432044
13.402712973119826
72.01323749438208
77.55349471222296
20.89912498299599
44.67390839725651
10.509417176522852
59.62946913461879
23.228830309644348
36.232737338155204
68.84376548707726
72.25779685000524
32.80518929692301
27.23971160085737
30.487932105447737
47.641938823521265
53.501004811954694
53.45133949124586
66.06717484817462
71.35840935105819
31.07721814336315
16.33109923955306
12.056940898284207
41.8698821707576
43.5177916640518
46.3105378168231
57.43887311485138
32.70309454344554
35.137441627964954
54.811658755935944
58.99035654284526
13.312095115071557
68.18686374149745
42.495901658946266
29.62701779564486
48.34629348601386
63.05295411364364
52.403622673731036
22.130226403729484
42.594539584415635
52.57960433285923
37.57418853309531
55.49495468724891
27.915448467144895
66.13205513742554
18.090001099626562
60.829112220843456
55.58793123234719
55.69256451643483
53.916499429658295
61.04083369268093
78.67721101134396
50.90613665036378
10.853273760281027
14.42466592659995
48.83884367025796
63.46563347336907
62.0327257368194
37.927886158710194
27.791017145730898
64.6223704063354
37.13959087291335
62.48309648719922
25.093620993297886
65.23379100058891
60.28429258835804
59.11715377471755
71.12814855874299
18.511522217667995
50.657315193591955
49.449500493172955
32.941035421239015
23.753448585510977
72.50636395545125
28.66662349215482
67.4540783031048
103.32981769634779
104.7780157608288
104.48144456785847
153.19522594840413
111.14026168011719
151.77653733294645
130.76836187273406
135.8239844549524
132.73283632497365
104.46117331953204
129.38750143829358
92.63201757349805
114.50365863062098
152.58065777240753
96.72482389956562
160.59943481068274
101.67022541885089
83.50805286205042
106.78552805160076
139.42666599066806
125.45191975168063
102.39218499696702
117.47513935311332
96.01785748985469
128.73304225419378
152.7197910695958
151.32241551503915
156.48924380234126
108.49222884501125
102.45601969119778
121.80694009168
103.96977763446162
161.96723700779802
95.348344467549
104.78210804136162
140.625631738198
92.97230582844918
111.37361305695796
132.22314504125293
115.61576903414657
112.63511215833748
93.5289330326153
129.7998881518456
122.45979077417743
144.79365469387537
147.4720784076424
148.65221568190177
150.61670629288705
86.24247302378487
129.2779247596628
260.99302700411414
280.05038729529855
322.34564450504996
203.58050303928437
343.07904248060504
344.9890625957273
298.6023274522399
305.21045747170126
208.7592401723096
307.83142965912754
301.6345103078794
258.4663761917027
328.46656198540603
361.53551320172954
339.41006813365215
198.84399842523814
186.04517630867088
193.69181648633239
258.84599436220526
213.96602518681362
343.5967517969321
304.0285178952936
168.80268435429366
295.271266592676
273.8115170978279
366.8798342465924
232.4473448913094
319.4090264797372
210.99213687737023
206.0048235771002
230.8606538346435
163.84597708688284
326.5805446622037
328.18573497753357
322.5157070139953
260.2689751692993
195.88617764738515
216.37711423269837
320.2697638625056
199.35777255415945
357.05125482033094
338.0059308820987
218.07698083776552
259.3709622620809
243.98753291990417
281.1071998682474
174.0127033452262
249.94883811658147
367.03311502599774
239.54421303474663
111.27783090023867
139.40509337549486
63.26419924293967
94.63531108539108
33.87995157352939
35.39782297336296
163.26113270855706
10.146151440377764
49.975142465415445
35.59285468474462
115.97877966622389
105.3424338724208
102.71624871280167
37.94003970257541
96.47373571069215
152.861962918029
126.99404228848788
111.26327336260314
126.87913153357545
35.97110708549665
131.3880707967749
150.80018858163444
70.15110589374798
97.04986943394299
160.56101304043494
33.95458776541969
160.05513231880732
118.2218976196061
121.00598200264636
161.99044376247446
32.53294417928126
140.96618768086483
32.79946825570878
132.4840823269398
167.51791397859182
62.70554408513247
69.38914297963306
101.30079150913456
143.5540253957472
11.655807797296262
117.42869341216534
118.36499538445354
51.76587079766686
169.89050528773373
88.02181588297697
40.676468014171704
40.980325535922695
80.79119632777713
89.33948396259561
24.94793138681429
98.83607186681529
33.74592465667591
103.87387387959292
98.34937230703937
90.71760171882684
46.353215503103826
91.869855453088
22.978691970338133
121.25336902548827
148.0446950100278
27.86762572475054
120.67161915037084
150.84347606952136
38.18892406092482
50.99549642042994
59.80499174479686
50.448985741907244
149.2852094790068
28.095248623193186
62.11769336940101
70.02640951421046
144.45862415207662
147.15961924007502
61.570815513401854
56.84758289783987
35.51313152763347
121.14140862128848
73.07503459890073
129.72801795843552
72.16060432929326
164.23244102390976
144.6354920526413
105.43773403893516
52.883582391444136
89.96420189926152
65.8357699459264
40.56602111708619
162.24148039047265
106.68701220787716
64.45765423707515
97.31746604286067
177.71192469192542
56.920553504277876
93.7862019272296
120.94106275356143
156.10314907336635
120.92007828261097
91.06760685258352
141.92600645891457
80.34261829581266
34.8739219418034
116.57724535015798
71.51754615255336
10.919524366478072
90.36041493963323
24.197742742673327
150.99788356505576
92.08410422291728
95.62420262519267
91.57164767528845
119.9839952356622
54.389394807900494
35.14669397532311
132.06066032366155
158.37193344971445
20.6108079331745
45.344162749898516
156.73838793108297
85.3679284852487
174.5975685041183
102.71367092435828
95.2415168424813
133.82959138584727
173.3296252232298
55.474276074678926
15.42404649171651
31.16159764787875
61.51751233834909
158.75433939202063
89.65601717640482
91.01469968409182
177.10335916219856
29.10976434509938
56.387535699997045
146.96175921560337
83.68058889085103
168.60161325504467
67.38758285854742
20.280181138461046
70.85347402651273
51.30593840794861
98.80766472330751
139.8821874250998
51.83639636331395
11.73484784203724
67.5483968841772
126.362503572274
47.95277068022292
19.314215349156413
131.76946053523181
53.46406914081746
135.42821457706776
145.44601585478057
109.21534826613768
68.59596384221388
77.55346290572896
132.21900707873982
143.00215789320617
77.47952386304846
64.3205935169373
21.74959120394766
161.62074515342255
141.9198262709496
127.88127865277343
123.90323279345776
9.159214225531642
78.25544131112791
163.71528077945982
98.25323725021927
114.63873959958856
109.12849471844606
91.28979948931715
65.56090366594663
132.43436774319454
16.17626091666132
67.7934221990727
48.107343742437855
120.18415125484348
141.39334314013144
66.3738384224674
130.58268546002103
38.35742157353121
24.52694552518851
74.38520151923767
59.4152031904267
40.813745571280755
87.13419265195746
30.857933072396577
38.05356864175641
50.23113645340766
173.14541220585627
119.7685687643941
126.92045740759568
116.34296442896108
22.52318594589414
137.52554442346468
118.77357447202749
58.41257200981968
158.7715113961749
20.265039100253986
105.10219831576116
36.88745162689672
22.807815332474675
127.34907535355543
75.95166020105155
14.826925080083129
140.18481847621732
10.09944262047668
96.73159198413511
19.413339008434278
163.19476894923372
43.29976388566867
168.8790283580295
19.433317283912174
38.42959891974303
142.985290356047
33.81977373210141
81.32528728151978
135.3091296892553
157.81513340497065
159.60797135724658
149.73165564360204
37.35038773142749
123.1512255385887
48.21996628471867
94.09799506509671
110.13824637995091
47.663728720543055
76.66761335002197
93.17373530718075
32.918395959192516
78.86085537579847
151.35056974051875
102.68549230156383
132.123612537213
169.56787525712417
15.570000804737731
82.75753658151154
171.45966436325
168.05247845457336
64.64805997140903
122.9444510835854
128.1903499164893
115.00152601996518
87.19267249049389
91.12775772458816
98.4408907417161
101.55815907502998
100.41573622912478
65.44705457526504
250.69688289068156
346.32621853837634
372.76150437383643
322.7883665298833
361.82380214363036
332.3906902979259
222.86016163916003
220.01941769548972
249.98639124726355
196.9853217245244
181.1417922407254
187.58637574758012
194.79848240007982
336.8455137248734
281.66569761171655
327.5938953925969
361.2548035190796
188.71278776282753
332.0375631855213
264.02876668922715
310.3387534848107
324.4661800996506
230.06680009772612
335.5362671824916
289.37560146582905
184.913278230986
350.1934308249065
324.3765051283729
294.2816589652069
301.7285055860087
318.6885814964147
347.2108647268031
305.31003076409513
289.71006606924607
242.649021425199
262.39027196794075
209.79892045263358
266.92569861599924
247.84086193459044
365.15451586247843
305.0091920179542
247.38714840900408
229.71447140778972
211.82813786690647
324.9184825630311
276.77845352996314
291.4081111883975
282.81163913339446
292.2959905663875
256.97187543178904
369.25541466661184
299.5722697335684
300.2785599213605
213.40471694894072
311.97980698066584
178.3118399830842
332.5443384331614
180.06123552808762
349.41801717124986
297.42919263377706
232.41076820149078
202.49584398540117
368.1222447682897
304.94228846980195
301.52576972834964
313.8839318508577
270.6418121598368
348.82389340081943
217.93776190426553
312.63617842468165
241.59073619257697
221.9156549191132
207.9399220771819
304.7462257923318
256.8064655390764
277.67929268533044
253.91721513426833
341.3481763803298
294.1372900615753
259.5201611836691
235.93776591777495
233.8063620873346
350.4152853103309
248.14887336221437
291.89640029802155
311.3627447093035
371.29902865322254
259.2763014999983
196.60422145301104
269.60713284146425
297.15905950274225
227.1682300966179
197.2920822664741
221.43596831588445
343.93320358591103
189.57623376765252
327.4905683182435
304.7531439956565
294.44288697586165
283.03288321255917
227.68719892344802
368.5013313556303
372.03699531982954
292.3989807910947
364.78982651491435
348.56024423626644
194.1241895425913
312.17932910753944
371.85139621574
268.65064483431814
267.3633146773086
222.4634014687295
353.28403312985927
203.78416491064183
265.7897009720533
230.91728588585107
238.16218544019472
367.6634724712832
346.58028807405213
307.0013086821516
372.58707670158844
276.3478990291671
234.63814305200964
345.56818585409053
216.70990268427494
222.12225995503326
297.13664682632395
259.3815571675993
204.62681526242585
278.779366245303
201.61694357836797
288.6682845393341
230.22591440336458
237.20095499632285
300.83293888574997
350.15480031869447
233.7521075745761
348.98558882717646
290.44884633238036
299.12805725168863
193.3326252289529
260.3160750852625
297.76157302784435
276.42435183401363
317.19287574215787
270.3601276223753
215.2194659787887
188.1057807635691
273.3862496607691
333.7110209409142
244.84497867186602
195.36653029041287
263.88688607725686
332.1381029244754
254.0851334523402
365.02066490971623
256.6377352261031
339.5722270973996
259.64010310365325
301.29828977029945
212.33494026342044
259.21418421041716
346.9477848095731
217.11898813930665
326.23176280601626
312.0558790772394
268.7232407173636
295.7415717997504
279.4983061945897
232.2708881828845
215.49200586249393
309.5932908340561
312.30907931356137
304.0792121627999
339.78565819669365
301.6450058822387
242.6041638067917
322.6916538243436
295.46455173821084
320.62442133032494
214.68840470189062
338.7040576843508
270.6727434470392
316.88248875908
239.37560987206598
332.01163375021724
248.69918539692463
348.9007016163555
310.4834829878859
247.12382166503934
189.9322007173773
312.50096505045315
221.42275824435072
317.08601035318316
308.4584219324611
324.8840960696997
295.9561161553752
372.8753938869789
304.19909460322503
222.95179820943974
195.25798649694138
181.0637605403145
232.4058941801886
243.2756471932359
253.06874512175878
219.89796986343407
230.90009101888427
239.68391380531733
324.34275638217275
196.82499056416157
316.10470249529885
243.76588724858533
205.69772912098964
263.4479756063944
296.63009110581754
182.45024480382753
253.4605673821566
313.5674261653415
320.6275813435012
300.3850399510674
286.5694280058793
327.85279780398423
291.1850646870864
211.48208864175248
366.06212397724033
202.17935942980495
306.9713047981778
313.27139747538354
181.64362750937124
260.5115104795571
333.68657103708387
298.9327437890819
279.88830414130314
223.06479026032318
236.25963225416703
305.4863580651509
312.01053625421156
302.10139475992725
249.79838000348207
260.70805208679656
340.1604250279564
287.40792976875906
256.57688803066355
199.16051230033224
262.2330774713086
272.8844290077409
208.22917373215932
273.2953759380417
231.82959738735101
334.1768462699383
