3.8365680334693764
14.67291257623593
40.13787665074883
10.673162961837349
20.724994865580946
12.698758295541783
68.42275411265814
48.42749527523214
36.34570267067596
54.48434173972891
11.515359677214395
39.6253535881138
21.749193135969488
2.198820430765444
47.185191659915276
23.898308531822266
29.832063710190315
25.54357817437654
35.988456807947486
43.775878423106185
49.82395155982275
14.948821623461253
43.952120198048185
37.417017577170874
14.35190908002123
48.07908486786877
43.73790632986554
26.26575668211622
17.06768218407982
30.728758339528568
45.36716196022292
38.073502584158454
39.9832437052153
26.5618050181018
1.8555694665091096
27.801213128239798
30.773964821277374
41.16411792695426
68.08899944680573
39.18236706626444
5.996337451376515
32.082652133689976
37.30866971799557
16.70737983240639
65.69287965448335
73.83623968324206
63.57775972464107
13.151144018226326
45.20736192320629
17.284934396813277
30.98221333868206
26.05004822056842
62.07736613687181
6.120723171498927
31.237955866982865
43.69435659529567
7.2413632602724896
31.528446300109394
26.006834355385287
12.007034315446816
36.80542702382087
8.009069824952721
189.62189512747617
163.987376883537
97.68274260605274
185.6575200603392
104.32744203074418
126.46066635033726
111.01888852376842
103.14425423792204
98.26479053695142
90.17732242758925
85.36017370101158
103.47949230092867
177.4049677149202
167.88544583760137
122.22413100130386
189.4137249987428
186.50482196743658
183.86342617011334
90.38602827802798
97.84531778910957
160.68873599596225
151.8777866115151
116.45651064304717
141.05060424319322
134.6639036708043
153.2500851969802
183.55795395902547
128.3057406077437
129.8344263536882
81.60900475977735
108.38461115136379
155.85631312134956
162.00920407664233
105.12876053182632
174.9961820896734
192.1491921098849
101.05471908508991
177.10133927949335
79.04960600879815
152.6815787406108
152.62254795342506
86.37334619405858
114.31946532946934
75.64935947512774
89.26127758263601
176.8506753050997
115.63488687891845
166.66600741474318
133.90836361717288
104.86804005034057
156.33469067466325
75.30040461090061
154.6961862314032
139.41760472412227
138.1534716992871
156.8535317826986
88.72162225747326
115.01765066396348
126.7817376216146
92.97837015671716
196.03301186125142
145.3526650153763
310.17533952296174
274.27704345077547
320.962671462317
295.9421423587816
352.9836630259624
272.41098419187176
266.88191603109044
315.3036461305809
242.45819177778998
239.1757105124491
217.27661869855797
300.0659288537172
226.9632778649381
346.09087907607136
297.9691560667049
264.30120097563605
227.46165686336198
242.2506213928822
312.15055667275516
348.0701543829082
291.6215413292678
330.1731137521712
248.51989370944816
312.81128454980166
343.86129785422673
292.529317883202
329.9580173488214
232.25193802321047
233.9350821314683
227.35253942363022
212.29283882677436
362.50745176205237
273.87597299909964
217.62433803738043
224.37820476866798
309.34055912213955
289.2416738859307
280.883604687317
234.92370581157093
327.1476609912564
361.9360029057943
339.7130473508928
298.39882684400504
305.5645169332217
345.8522967268305
317.70354808485484
256.67820354809027
227.5598836125443
336.0891253996557
263.9019107484732
229.9550844522183
265.5375098772579
227.29012909386188
347.7889293773233
266.22969168223295
303.73464566206417
340.3754160641304
245.67308147064068
248.19236904686835
330.6206650873762
312.36531687023376
356.4256499135746
3.4853853695177115
52.15287225807647
8.701490222493675
55.60392824765634
37.18180164526936
58.98204829798743
24.046147694853047
49.41957857516064
35.445993491965915
59.31767336186772
20.603074340036517
13.880372111656577
63.028719671239855
45.48571393361847
31.893091202972766
51.168541433967114
10.84421632614168
62.20148467020107
37.79731550281057
42.68454830971271
60.4445775065805
64.17611776868152
33.09994788160326
17.53906801462279
15.743277056790156
27.566645119179714
37.27051516365002
31.22501372015259
42.670988128878435
61.90862071020326
45.53171648979716
16.78241906894463
55.971005822148584
34.165399701304125
56.992897335001246
33.07086663276347
36.68005705695409
8.782202551245483
11.793450223131405
7.110423657132706
45.10850021161548
30.360988477207055
1.1941185635506884
6.17997899851051
62.46654861501921
58.09959347462892
29.58651123837741
37.617987145504145
24.660083053005643
47.33707681081882
25.298576437080726
27.00828021730702
16.68790555236359
31.45821489627912
10.246885289367377
58.177081753864826
37.047811831319905
39.528570444244146
48.57732998908588
15.868531387189428
13.476773039062646
35.91520366689599
30.260279263583538
21.73941585333168
26.393893036278154
63.99725691176707
3.537691548617598
53.41948493373788
19.972310543764355
5.889364675127535
62.374173125954535
57.282377728439265
29.701396260620587
35.44270670279267
35.98342162434512
22.879013734575715
52.43160893864687
35.84042719986443
8.838878920150798
16.78005278123999
1.5064409408574058
8.161042179876016
10.758559219483125
46.35961117046773
16.9208462148861
60.6455418670939
36.401737192241086
53.21351313368858
50.66334617079552
24.512578072737163
34.138204957835384
48.81364836913806
51.320676653318586
65.22219310692613
71.97826862999429
132.36095680328745
133.44594984164218
116.7892057152189
66.64360663436938
95.93603750619117
92.13577474578808
121.13847506043017
130.49957791348456
70.81746538113512
75.08787930457906
94.18402497918042
94.22005297151078
130.76485085546526
65.92219775444357
67.3312798366361
96.29137146592915
112.5433244452683
120.66146066585063
110.12755897135649
131.9167937670569
101.08028315727061
116.09903265378153
120.13241990414964
84.44237320572233
95.88668052026117
87.2327015829152
88.83088067159974
105.17472735707375
115.37529187704745
76.85091316633071
90.7023593290298
102.67884852053211
100.93661536196747
69.93733625465595
105.11116278017215
123.82783235984247
113.83443368693125
102.13062767763644
124.91824325754007
83.3389786098131
68.23190047498701
120.52322373058198
106.31185292717088
91.99575675183348
127.32453905650328
124.0553116195973
130.54056608342273
106.07643432632968
93.53597691187943
92.4366527175867
107.12486617329016
134.4675016367295
117.26058231870964
134.35657489193443
77.07048408114694
67.3079794293955
83.85331429276792
90.75921988805528
130.74170905028416
123.45962434806893
93.87704151458355
90.9516494951597
127.16814097046056
93.61079332681625
97.8379090193367
126.22836312731313
131.8418079880681
98.07495328629176
99.02695521461831
81.94591540118228
83.37794303960744
114.1887762182963
98.76382705103508
115.02406722206076
127.66748573368446
130.79930566999317
84.77941896027934
110.70430677197301
73.2153602476626
118.09554960716352
83.39807533356318
106.52004188603836
71.17521205752303
132.39877259675666
102.40926108697157
125.54847059294983
115.37790325278549
127.11885408758604
106.9036451630447
65.49653080117139
110.22750743930797
184.03739174040646
180.21471808879684
177.37789186726343
164.03574276553454
142.12774722967293
155.19163544505406
152.9081774201658
142.99007935385936
150.6224231407065
168.27552286868945
148.48253545566993
180.6326685029455
157.85368051800222
167.31742776701373
168.3777002980091
152.52774234742796
165.14268777795002
144.20410137736772
135.83625470400776
185.8688165134655
143.90715338090692
174.05196700496896
139.8305705686043
178.72476284890286
160.430826843859
166.64823551798298
139.91385785894641
189.3033845517046
164.00464261751094
164.27465920292073
181.29036582182297
143.71800136194088
187.9019164271476
139.95739317483256
149.34566779951138
180.16193747136091
185.12505638008946
164.59081326321711
174.52971836929154
185.98249605240878
173.6444418956768
178.53752656889498
153.08779716502522
180.98898151664983
188.02800227487256
189.16306539774118
162.030200000035
163.16739711855234
169.29483586712934
156.03846337769122
140.76188119025608
140.309514776214
167.11922308663338
161.80493279700605
188.55466442992645
164.41119478505075
158.2907847813433
182.1495229079792
167.98990027861478
183.44811109600323
155.89753861163393
179.80107413901587
179.30159498584197
176.51495891463844
144.43571781778653
191.56536238860352
185.59346266511193
182.44542236550438
152.77835223275554
140.73681719777352
143.78723099191018
139.54957875983973
139.93847164136702
167.53882348015605
143.24262549594746
152.6747758677686
154.1019780003711
187.61246283532614
176.06866003205295
146.7022843819794
149.96080063533853
163.1521514880442
139.14334084340754
166.99690028762484
171.69626877424184
149.53545511466876
183.5149307829215
159.79014061703606
160.25581660925093
182.92901814309883
156.0188869404618
137.70800538653208
182.73751618941995
174.1464054974077
179.16955366862663
171.37740111719754
173.29009539557467
143.33155554856262
170.90968832594922
173.67836984434393
140.49495350153882
173.06387414843869
145.03977978750547
160.15166119345918
153.54045643393633
160.43415381978193
176.72365698256667
153.25895692161762
142.518001123583
140.6549503001023
167.85052890593187
151.48424175787784
138.88977642152236
165.8275851494763
168.56815522398793
177.1784501873517
171.75331994399417
170.9603528156789
155.201030647886
183.13251057978727
150.06179522471103
181.30564064261003
166.45616945905732
147.33267707925967
136.08197404638884
161.34612452830942
142.99240398523668
178.22390868272956
183.31171319191694
176.79554091253718
157.21468518263566
156.28960434681704
163.1252567223472
146.03672266918466
139.52341083251784
146.0106864202726
182.2298422851881
179.5907593890906
165.60095620364817
179.23715630334362
184.2466053713872
161.0390680684818
160.71709172932435
154.35121129464636
192.95358852555574
192.11049567050293
162.5193185385103
153.08980771061786
153.60226418273302
178.05264701137312
190.26917792066965
173.82992641292674
145.9255750985485
137.817810688293
143.15984119281583
147.37576910611716
145.46440738821542
168.91491127291778
169.1077537457812
145.02516068102497
162.82916742398004
179.1784300196053
151.77579986277865
183.0716653368155
150.98146185289784
147.49917517801995
148.8134478932283
136.9013512428981
145.83484208155724
178.05988507322238
172.26056129344747
155.90495785533125
140.98079672325883
151.76551771789417
176.5670547662979
165.61429581086287
191.15893075635543
159.16217169775848
183.0030604915608
137.15864954999822
191.38777588871557
180.85608954368945
188.4658236581589
150.6864871916894
181.72493005032317
180.44568004896294
184.46429278280493
176.1200110282928
143.73031146409076
154.46157456249222
159.77730053604517
155.63514301585374
164.29896401607843
172.98972950197103
186.4622995506745
151.17647859397178
158.47305764592267
164.90192286564175
144.5809081119058
178.97123202265524
142.13420116631724
160.20342592791096
138.5563322172204
179.42484042234767
192.9947625197287
185.51129659602935
160.45858446433002
152.476826866597
176.75925103506108
147.13344807857575
139.0514987570438
176.90710916475402
185.84097334427383
184.61541752130387
136.8399576859588
148.51009857486352
147.62710085913602
173.24071202567785
191.76828723947074
158.52066160517285
144.6894919063799
168.84803756042788
185.76744200851044
141.23309463639478
144.46373122048607
161.77498445775504
181.41453779339625
149.1834463794964
150.5188797176195
160.65709581228398
152.8075823893549
168.87169446040372
136.94091594942935
153.64161588581754
154.64778041925894
165.78599964621054
179.75945400558157
147.37837778805743
191.77353987428575
165.9776006819439
177.03238253789473
135.38181837114286
151.40167772945082
172.56020561040637
156.9800952208115
138.94354783226854
168.26286108333983
150.55538832802995
142.49798229672385
161.31193220124837
176.96375337777545
148.3644073346356
147.02314180392966
145.51872871305406
153.30289916842676
148.57433282791584
183.77040304922997
169.49298927420816
175.66622569318451
145.49619514952693
171.65724267313323
177.5742589004475
172.09440799168723
161.1982853508605
142.57135557372388
152.25920846998505
155.7065664381417
182.97407106982612
143.79759324562266
148.00684184858684
141.6761437380187
167.5163651484019
172.78721020763885
187.64134648006444
164.78038323214366
136.3651549071809
192.51480157051105
184.6466487767857
152.4447238946831
183.31152289685014
172.41496458226564
