17.667026164369336
17.82533139035833
4.8810898034708465
5.846357171754077
0.7621428899656966
4.893723996083004
9.196412429916307
5.657707478947088
6.805396742617176
14.725175739195237
2.6681042653324685
8.206352428853714
0.4324347835500859
15.869756242314065
8.212924620466783
16.069940761225343
4.304755758167373
8.846462753872878
3.5787415142887973
3.785797568236342
7.493681509040141
4.615560463317914
12.901688094542077
8.859670390140066
10.580010190830697
7.680334583865175
13.909056770980367
9.154036354596931
1.6937860475820203
9.288913879648163
13.393878056868736
10.371814856879931
7.7767637382636705
13.398552155687767
14.02296032876306
11.671804845344786
16.224459085295745
17.677337529778637
0.485194345907896
6.864299491170583
6.9890428824101045
15.071316949295966
10.824980615625691
7.823771953545792
10.23098551613855
13.268717162360542
4.098962138118559
7.2225765536292155
15.68988695606407
4.84570731250124
9.631594800966353
8.486484657928203
9.367445254286332
13.464366815897872
11.598177179771458
14.519862496192506
13.982165708086184
16.9567925987685
11.473716562600774
16.211104188942805
6.852816136501335
10.33914224422596
12.276602319809239
8.421373680912309
4.602477763088128
2.3675526888675584
2.768669887229221
6.398708067304233
2.867733420150448
11.023366759487793
8.7811526460023
25.414741364962886
30.143296277272714
29.9344509060274
20.158862614370214
37.59324729871809
21.165774635748868
27.53040088068185
21.342705637184984
28.480501988079382
42.64497404383851
29.229113583140023
36.79761642820413
21.598204110299243
25.225757282462155
23.889399895234767
37.44006333160075
42.336702256228335
37.61789753630443
40.461073432867465
31.20539618495557
2.2602554598530626
6.813009702410282
3.356636357104465
4.449344864662386
9.363956966949102
4.363727257387978
3.745469601257274
7.369428226370564
7.637611027207829
9.735460127248551
5.453632056601163
8.844557394935153
5.718994728215762
8.923757827942621
7.634047116357819
5.174519277051653
7.6215131117977295
4.858034365407142
9.195057949390499
5.706342022211512
2.372795421446205
4.133616397581219
3.0269227295471333
8.366088041511123
8.10028638759681
2.987226828702259
0.6160018424750779
8.109522616294207
1.638631843195435
7.144136749256337
1.2045579718836734
7.70580139857279
3.969943470098466
1.7457491165750163
0.7435884210647012
4.26712127814799
2.2757632102547114
2.101009294728003
3.9670234464845255
3.0681478893858136
3.9723168578039747
8.338434744407179
5.93802812638509
4.863417169943038
0.9158204498315428
1.9403197734061268
2.211932085821749
0.034804942807524775
5.384219459198917
9.401443845899255
6.435271578661864
2.4484257223671877
9.208312879339822
4.153450000196637
5.662838512628786
1.3004296034470468
6.8089611033554736
2.3957217978317162
5.964771452088727
8.261123422823186
3.214918918124276
6.001185341192673
5.417989677608067
8.855360271075973
9.805771100189862
2.0816954411406288
9.824899430881386
4.408268412206446
1.0400878616763225
6.00647877306457
1.5115344433407913
1.7843806272439053
8.216172201521639
0.20243373826908861
7.818647040448367
6.755202415460602
4.88287886282717
1.6711803365793791
5.779189649136428
6.161561650119233
3.3069970684084136
6.715428730910492
1.7268960790734451
0.8734232389146328
2.159115642971704
4.317237942752953
1.546638396328634
3.372007138678674
7.2903132109021325
2.0444899408902204
9.159042440062109
6.33386321532629
2.6830589812874632
5.498196775711073
9.030403073695844
7.910732788319325
5.430165412523234
3.210633740750544
9.619561889844938
8.902548840836857
6.079583083550323
0.4955996981512829
4.101179472836484
4.99430954756165
3.3654667867417625
6.223854317666078
3.7336714692260786
0.9108217911981189
6.010465725360935
2.9353751602788742
6.164622542330115
3.1176306770467344
3.530738115786309
8.806052502414563
3.9754390272126137
6.275651729192218
7.110335866991167
2.3373235171767757
5.412353787535157
9.300007035401354
2.821711703437565
4.013737612471488
5.117417553768945
6.775126616827952
7.221204544035055
4.9194518225216335
3.2291475914451233
5.705527981791766
9.131561199641588
9.60339155924213
7.128683210058574
7.420936232292521
5.265919736622289
4.704239618442249
6.557520218461187
2.1622821168954394
2.5233614998766924
4.746226625543143
4.70969890745902
4.7383904790182605
3.3722430000018586
8.03971087634725
6.427874495938605
8.269393838343444
7.601424908508305
4.5719747204962236
5.044786637486361
9.943172430787442
2.6199268559334534
6.46573546139463
1.3299957010301346
3.4818224501041506
2.9494607566146898
0.9386304008031727
1.9824234445888473
8.430760259912958
4.705719428064156
0.9265483208008787
6.107797857466971
5.670257919478493
4.375761302216969
6.6870708337920775
2.2633467357928305
6.198810655411531
1.0124301697460947
7.241752570118304
8.105964172397677
8.49511476370055
7.5081038624358865
7.4265152909478385
2.115594565082066
9.356935122465746
2.3082582185320084
0.62648868158435
1.26649627178994
1.6899485238264456
2.265083591355679
3.938681770497574
4.837658164877504
1.772001858507839
1.1652462390437406
9.836973591323789
7.7824173504548035
5.030814198335493
3.592389282163526
6.274814481381316
3.475404868840319
8.451446374985771
3.228350039890806
4.446286650693225
1.3787025248413514
5.88736820879331
6.04240952035334
8.64584346785881
3.639054301822223
5.143697930602782
2.1993805051446276
7.002765927948779
6.30512015782166
8.316669181726915
6.42809629869493
9.418406948510956
6.59221203942303
4.346494648926611
7.886528629653291
0.3312687456736425
7.998834797298653
4.69851219266517
1.2565384715242507
5.693789646522026
3.673453346418685
9.196615371829992
7.547573598311617
1.8612651371611206
7.254404675308383
4.636166200285087
2.8052865375442373
0.5141624809249326
5.552887340138343
2.1491463228653624
3.5389360468825166
9.44298359029098
7.507493805436964
1.818573644255495
9.849883662006404
5.10290007836352
5.689423948612431
4.4179704203876975
6.612291720538053
5.176660009466432
2.753316181399301
0.9714701171546567
44.30103996873311
29.144915945915805
27.227531716613818
13.707913506621843
17.726361489858014
19.122332841955497
24.645175816056476
14.989093174321015
29.00218287310999
41.435155292575715
22.889266806493062
36.03894239805324
38.36561473941814
11.634949823605734
10.98292148970615
32.17625530697162
35.821475527181725
39.94862974932993
42.046209371795456
21.844986251911916
33.67805568459921
23.939637647285757
16.751507165017628
24.068449654658504
42.6100581367027
21.715648752344833
14.719430766551888
17.893148372336043
29.940057606268056
28.620030504294622
27.47606088455173
12.99283698150768
26.79787622337236
25.218817337629684
20.628732119638972
34.492910896272434
23.405474230702374
34.35992727014132
25.446295030086407
37.99573981489948
11.7174572915672
39.516816729333584
28.05593660706986
44.80324998167244
14.944542880913493
27.629576740418063
18.18802678227111
18.04835733713979
30.243663644499946
25.41061464737631
18.001342468248353
30.54239762524925
26.751644976053893
27.54377932584767
34.312194065901195
30.693076841642114
20.56919654913164
10.01471937161832
21.126966788979097
29.287188406718368
24.73781713588552
11.254949518973774
31.903136365935275
40.58520635181532
20.017128755424476
35.47745366816495
35.97731020902851
27.815545545085808
20.120384939169476
25.388434295181167
28.428607451633212
44.67150421185109
22.621406900317915
26.513145333562285
30.282811321332204
33.377672327307295
32.02691635269457
18.98131883573256
27.306120085979064
32.87869017770363
36.770561561320676
39.49319089244743
40.90717047376659
35.16660750833909
25.817244016917776
22.366238576661992
10.133528039555625
