11.743882798025357
6.364231924677977
25.33349542058403
5.159554712488081
30.032352174199534
36.44432928995863
18.197377167828236
17.490317670433104
3.8730448526297465
21.247633385008346
21.46778368117695
6.106147517781917
21.601848523631645
38.38736136466231
34.34760098722154
47.45552641920907
5.753488536266403
21.15469209439512
15.561182394058003
35.71675671315381
48.079789078373196
10.738318600833214
44.17259132824715
20.400950085242087
31.183692971478205
28.91958915993136
17.534124386326656
31.41507061940024
8.991866320999684
9.17540682967056
25.37447543253787
18.370651978945965
35.266225642393294
5.212884099091724
19.466499940220622
11.3882225348623
17.21136188185647
13.108041287757805
20.908935522196547
9.188527751259695
18.635801899661452
11.939099866353917
32.96807133076103
24.12237011732676
14.661922410855892
46.35605932805788
45.78513247910425
31.75619170770498
2.153008095027193
23.759119591015065
13.330398535288472
10.646153822478443
33.872123673775
23.133645818722865
19.580223678448462
38.39952671273316
22.49514140974951
27.22774007578702
29.202259338346295
44.47903477938346
4.2887988547655915
38.62369426244436
63.422424553839846
75.89334981576145
95.87243088677243
100.57541652091778
95.45720082959204
89.7297857334324
84.13001963266098
51.72195389972559
82.94913457056876
70.0979112976038
90.78799856703873
50.411029550240244
73.1452196022467
83.28791683570648
55.34530276056431
95.50805804735606
88.99077966001833
95.24504840158095
100.79787990527055
64.41682183269543
88.28805050282865
74.47212014933824
76.63045564796877
53.89902573800506
77.49390829228184
72.83650098946694
69.11832116978083
59.43243076816986
74.28234934344158
94.92022913885654
68.80204156173802
86.92382442627894
83.78717679432775
86.10608596128569
59.7552896545172
62.3854427632355
64.6894412877239
76.67713363161349
83.11159051755519
73.35333893021324
50.471023381906924
99.10108926147008
87.99588614673229
80.2392921180909
62.8095184856454
69.53326382631957
88.12507122851163
69.3905403243884
80.58722070477975
66.77572492890904
81.85529340667009
81.83924593524011
57.46042535974923
65.78248218790672
93.29046894784504
82.32684256739458
89.92254977495755
78.23074799529915
69.72991456437508
66.58986481224218
83.24635208894969
54.156648376769425
137.98241075560333
107.83367804515288
113.31877627266115
123.7385332538905
117.24894402669764
119.19475506754155
116.018933749721
146.48088095306758
111.53192624638604
143.38689552148512
105.47413550332244
140.43580543610057
116.03171765432157
142.44789105708776
145.51484408772237
115.58355065086803
111.9947306062061
136.7195855618817
117.81277312271763
125.0067018398173
129.0784462538736
125.27729999109361
107.64633268642217
126.54415793085133
108.61902141576896
137.92772522799314
123.27814365793611
131.8312435112277
112.83289182806102
146.7036064639941
112.06951929455074
148.43019546187554
120.4454134646655
139.08288354040513
116.82975690173012
133.49082313683846
122.71918642800291
136.91263941146548
146.84867410390282
118.94686029364345
105.39267201464129
147.20262253550638
142.70483232557487
124.31221641765546
137.76572537510248
151.80033190770806
148.98408576042647
133.96510192816686
111.75007511862273
139.52380684625953
122.64579043325762
115.8576486408482
134.59567079371345
129.75611556957543
123.41029355395392
108.16221573911197
133.9970681202515
110.77550262191039
142.87011900490316
146.12556352426284
147.50287946901923
121.885963173565
