7.843913638237163
3.9918516841465177
0.9547396552037775
3.6833020419842253
6.891350948318589
15.140296903867462
5.021619157788367
6.278474352982214
1.1792040237310317
13.188078910799934
5.603593249737727
7.062515370792555
7.92650217240262
12.735308537357962
11.839035267504606
7.638344197531915
1.6784358938875377
9.84611014341871
9.518078046915106
13.006555109146486
14.75867272740103
4.970863483251908
12.005723299181964
8.904989347701449
5.9468607437426275
15.884679744429665
14.15054180351402
4.722217239321905
14.771602264452568
5.041478556663715
16.44189850591723
9.208131426246357
5.897019676750295
10.5984131061088
1.0721648012633684
4.950828176151218
7.9927001347547115
7.454657800960208
13.299008233554066
13.88129308608307
6.988112045234605
6.196634359848193
4.14118675137995
22.12509260036026
40.078235781947164
37.76930481590725
27.220843651912066
40.6496011281299
36.29485471605924
29.888332650331503
27.809747978539775
31.66347848313937
35.44908199049778
35.2270166594794
37.311360792487044
35.109655445488734
28.80930215904244
30.54280137587128
37.44896752957674
42.466726213912736
25.161895574606184
27.6613555475246
39.436428135636696
22.703591357271854
27.43675327836584
28.660731862072993
24.10559168026664
27.531758565133384
9.609792738895125
8.911773035847492
1.7237128847475063
7.132907949237677
6.140413263252853
9.136170834542511
5.398232935604748
0.6263789447465555
0.859559203315662
0.162105447814767
8.456721997769076
9.244311861786713
9.645416583275413
7.424975757041013
6.386855592429319
5.074847126296717
9.232631484946925
1.7161774370073228
6.244993171939788
3.616240928967665
5.655956739189782
6.3670795287160935
3.1982463669709302
8.354642069887941
2.2389775218324766
0.5158787983305677
5.081065444378065
4.606837794395696
7.307028665843473
1.87250484426957
9.115518915921914
2.279080135902549
2.2131098305307844
4.201266965992444
4.367764796339868
9.110404973011756
9.126393223249021
6.759604185405921
3.0155551869264743
4.992473124649405
7.4621950973879
5.681545657500151
1.3092391702018498
6.578352613563727
3.3609012017812128
4.005986419376464
3.6843705754074385
1.5222778467605398
0.1103084542626318
6.608769960049355
5.597210014830649
5.222152453811082
8.608881474815346
8.220701500829128
1.1965627271981178
6.059171778594633
4.668147511804773
2.1760369686846963
5.40191637868378
5.833169199797538
6.629852635929724
1.2716779677262444
9.411772947225765
4.080682020721006
4.419152309810035
7.841883705916368
1.93618032909755
4.780706599534671
6.359092590619573
5.723655404345515
7.9234421136600295
4.532040877682628
9.254242918087897
6.959078131546299
6.191900997659578
8.348146128384405
1.5181472624784345
4.7023936930615555
6.9200007378177775
9.29040035755186
4.168514233145113
3.6647328666210974
8.800182694594456
0.06610098789899066
0.7006260719182791
3.3098060851237543
5.861923508949545
2.0197975231685765
8.248669789090386
1.9234270536791325
8.963943099821265
1.126265977980578
2.3994874719881065
7.092724935171393
2.4306890890464636
2.6379895928676635
0.3423441909500893
5.831727905101418
0.27543961731026734
4.709493749516438
8.239971594608573
2.35065873827378
4.311487088882165
9.009655049753544
4.319996551522727
2.8236431380241416
3.7570700845185545
5.570945611222634
5.530276291517802
6.060388401957985
7.812671447977867
7.656025056907958
0.2941413940398334
1.1545636194572806
5.3342161385190305
9.710070356245321
8.114617647418996
9.01318311144215
4.100406987657235
2.920916134172464
7.548313604600172
9.619645605149012
4.54514457352327
8.118810346489315
8.916085399685048
1.9193215404190624
9.868065873871
5.7307943734258515
8.140381819150432
5.575070264191676
0.451430140531083
4.64903690662609
5.533259129185987
4.491167934266958
3.3613563051261557
2.761086657382572
7.383394496246228
4.162349739802336
7.914469010776019
7.882477325566429
6.411307485161352
1.5151623374118013
1.5788624085709237
1.5793674438393497
5.119054439233417
5.137616968464924
6.463416021693822
4.396940180618217
4.610976090264824
2.2731447105674363
8.966786844613717
0.29207538746869055
4.500323067292383
2.6260880165035485
4.377926186130716
1.3852119630346298
6.359991587565039
0.5863655885909917
2.979569783783548
0.9594071114057581
4.073156484561489
0.14215278324558955
0.313306264964071
4.461843787632432
8.392997674893738
6.726040082543442
7.228357097068239
9.904798482296066
6.319051920295032
5.590948208555076
6.404317887718853
2.168601757659214
16.850697073316603
16.82435772244456
17.767144349381535
31.959589821401828
22.38572218747429
24.634169528772134
15.486248249460507
39.01607178912788
41.37775227620758
19.49340195089495
21.19846756869084
27.367991726244313
40.12978133696456
25.43742675806798
40.04565577820874
30.811029081984767
16.94688669713541
11.335585217613197
28.550317567463814
37.21842080451523
35.266331534659535
34.35495428565162
19.660442593665525
44.389097327301684
42.845301584981044
43.100614337551974
31.756307370461567
17.558125370497265
26.09142823923342
10.912754105389972
36.89730901902164
43.14268530425858
26.666192540049796
10.222841451183815
18.466052294331465
33.8296473614673
19.109737523830702
22.325277598216104
37.17240180609359
28.67566919298605
40.0012765217858
12.552240253650139
20.877701890333057
20.841650588290747
40.504660192048455
10.324809313533681
24.24760671149336
27.84705404235358
39.267493422851054
18.12383476848747
25.650726237809458
25.606842946865953
27.693175375376253
10.978155841339913
21.5667807059618
39.06032357763295
44.817602352998605
31.72884980786631
11.39994000138135
30.30859285780125
20.873978275823852
21.517390954114692
39.93257311245797
31.166876203017026
13.058139626107902
34.44053169033154
26.94863275270815
39.5619557885918
25.04954599961951
41.6816939924861
12.250308071956614
39.68202162785633
32.30534764641522
40.691994775943925
13.677167664553416
23.585113271908057
19.91218406893182
