68.1566658254608
30.96777550909413
54.62351984699956
53.704333729364414
4.711156036678442
18.856591822260054
68.21341120802421
30.1793149661462
50.82003473524047
4.570251430764461
60.95732789116761
49.50385819761446
47.62204994052125
60.05683613582282
63.60138265449107
18.206765169280644
15.034483646411356
52.65639182638731
49.64516379032512
1.6669633405016029
50.65111610599368
26.992052646529878
6.496137767945321
52.59931299859271
15.491886665336708
3.4549697848996956
57.273109941476875
49.93647511118729
38.9152547228411
32.14326320907792
41.25335509198525
23.980822364511923
28.897315019080388
50.50486207465747
27.116180943581618
68.41010197459616
4.935496635069487
41.38554259827951
38.08323821318391
23.362368580742537
50.995253133557036
33.272211044584104
2.61382849080897
28.695187377817803
37.18625889278938
36.68517883696062
20.32711535642308
22.818182671421944
59.19196351393926
24.869206421271514
6.042808414151178
54.35050774812038
10.857921331735824
31.426354303845915
19.49463691677918
50.64184428666362
67.3069532127172
25.148082300147216
55.39965718009287
48.181452114352865
135.6366249460225
126.87065638671757
76.88104812666084
143.4621146936617
117.22785014991193
162.85641680664207
111.69578354872145
81.51835272747789
87.81605138754095
102.2869048407201
130.88064135940573
146.40172351953356
128.69969436128622
135.26354125243367
128.21304160788532
144.48634340162909
101.87935757414928
159.988122363746
78.04392347694943
155.58114590183618
111.27559419140532
119.37309085578035
155.55616945682922
111.05815122196117
125.86386207469431
155.16008016254335
112.97471455575254
82.30944452359105
72.46687135891702
137.74176912116275
101.31491266385075
150.77972310594248
124.88196269050603
74.48950930319374
144.3430740845836
100.2306114114828
72.64570412255203
131.4178949968797
96.61094678961184
158.55766885516869
107.64355417294766
166.155308319534
108.72117835198787
108.64311402522708
86.2511461903769
109.1774231728013
102.48314554820983
141.7239380876178
156.34215299403564
94.08070893952303
118.91129632467222
138.06898592882817
81.69612469392268
82.66962732555635
123.7101116655387
77.05280832315773
165.28361294141888
112.04160782043395
118.69018597001143
134.0266437943632
152.839106048257
85.76958817966735
120.88191257294106
107.26217260190727
96.18385834920228
121.36229580109294
84.67228383503544
117.71845462318379
132.18432888638355
117.53084087076554
95.30150598532231
99.42052286504509
103.18569268938293
99.43496404520076
115.4302991152065
154.7508381539933
152.22986312734037
147.61919251653356
109.10247231831717
151.1902808971377
91.37800884099302
143.3981708393805
157.58895872974233
103.4428473918933
73.72947523726333
75.42551671202793
134.9684881320239
156.7136172562981
126.88434242578174
97.00015482238727
166.74269647241965
78.49679142479036
115.26627056978127
71.38443702372345
140.48006409570309
96.2857703548288
149.52377169949642
96.7021155481595
122.86725104798407
82.60538478288514
153.6051202335494
138.99761986137528
139.41750323328912
160.7750258986887
136.38812639858097
157.38091934868976
103.26508640651468
73.56306462842453
131.12785207786212
164.2529602103509
111.59350758251675
101.36111404361257
105.3718630202855
101.43711558662719
97.55893399562699
110.70590557116756
74.19028895237389
115.08133439523607
150.6999431267535
122.69593104016732
149.4459030135643
129.41830865493327
144.4341316172938
70.30392138294891
123.3822037627637
143.474299134843
88.49625784036337
88.35403816721774
134.41542919084603
120.69362579105152
105.35814003899401
134.04796009073542
142.43862085540798
151.2903074588794
133.43209901493145
111.01885587637396
120.74126338431488
80.97414633903716
126.430298691762
140.14993476715333
83.51268117294364
86.72270786061135
115.91032922819674
97.06796549293875
100.17414051319291
128.99509829805862
97.26011553164184
115.68512424529258
95.36667310828766
113.49197179285859
148.0286911648087
152.91765945201533
91.64761315976432
90.96319718478055
87.28408656628599
90.91417051401714
163.522999585726
158.171122969692
147.02135125874915
135.20905571274392
97.26303514008998
128.48870186483344
88.40441627677838
91.81972609493646
142.41628115798972
77.41943824505833
120.75718662874166
128.00500086110515
74.67631696218015
126.91522647166653
108.46106132903637
129.70870134230898
125.70602105808722
91.62290904679249
127.49663731914482
103.93300081234027
144.56281766055923
119.33110398724322
137.80374055985098
133.77578713186196
306.3272037330678
218.5058386489858
307.99303881605385
326.7595931919672
209.3226461708305
314.4972138692224
324.3141717665499
255.3158461614281
326.5458527749282
244.3429103915948
264.7853157378646
222.62490769932114
245.10716213444417
300.84491729396507
171.65038773962897
279.18362579610965
198.8906835740314
208.8776701633746
196.79862943739644
215.38313329100725
236.8680236975529
251.59059925024133
188.11899058628575
205.21395199804937
302.3088496108609
306.4964404313498
328.05447690125675
249.89873694947394
297.38524549286876
285.92623362035897
295.8007220823777
258.6251569227222
212.42801889864955
283.4067008917644
239.47949950525071
233.16580922078543
266.3039118523649
195.2229194777669
255.04273025786495
198.18628301753685
283.48372280444903
249.89097061019865
308.1021869412461
199.56618676122048
269.0976227692324
301.8817424582878
300.8499250215609
236.842195090389
188.28875756523104
251.51211871687872
205.4882259587576
282.2483447607002
256.8859194717725
261.7220326759657
189.07163521472987
227.37631901226342
226.22065294739468
220.734544237948
314.19125957879334
175.44332351641606
167.8337672436228
306.1951629734856
294.24005756181754
311.02720708901285
234.41635090972042
278.75328730899525
202.92786313446817
234.84394431165498
305.11522807664403
318.2134308805201
233.09504608480296
233.28949744490356
223.46248829487908
311.01380714753
326.7872867616933
192.9313033650828
263.3176784546087
217.8870293724459
205.99099355626817
263.4715910064495
299.17522951079104
293.05997840238723
311.14481154939745
183.29356085518634
213.64547729315493
202.5560066969091
309.352826090847
283.050712534916
261.8097511493608
197.76386408963515
321.0549211503403
243.74138963333473
248.9242863491752
196.5439885939647
270.84150296577127
239.4804996254819
263.0009466494261
167.1626053220645
292.7772651534322
181.7839830785507
196.84785930049128
192.15409935652707
184.39841518719155
277.5117376808618
202.34210778741385
209.33530049877317
323.4064825661537
177.53307570146598
251.13909882084405
300.8773644298458
275.63002006192073
229.7600506938345
226.56350643513562
285.78146979217365
266.88065516768296
207.7688258647497
224.06088287213836
225.9871285567269
311.9025117356816
300.16496767926805
221.2228611836364
258.01538836867996
195.95926210639485
322.198412314742
323.0979203159331
309.0100839584337
201.07057676548092
205.36634585431278
176.24894763608893
203.68935328325813
200.83398949861834
225.04601612064408
253.12499656690417
185.20967512165967
275.5017619811686
265.55466847657186
217.06308430761695
201.787030655357
314.3268776520191
312.81780537678
307.64143438623086
246.14139762328898
257.6893797760382
321.116548724065
325.35990729451396
174.24054030637498
204.65090407785846
211.93877083410658
224.8651513010022
220.76637714354612
202.21541689395877
202.42498442326553
275.5521316067793
260.253281015577
294.7328454225043
223.1069377335983
175.5109058626476
320.9089311396838
299.77071242777663
248.73467708818183
244.93601518384608
261.16553768358096
219.26147553273097
218.0769450317053
212.7061708041198
292.7919115149706
167.25159706610145
301.4823902057776
289.19505915989055
301.4600287774175
185.208245595732
298.04998425532386
188.39642433609657
210.35564366732737
218.7977784817389
208.33109837637687
210.788425053253
270.24722414471313
317.95642344964523
307.1754009849403
303.29123186943
185.02367238970282
254.4152733877501
305.1006029104086
193.80476130108414
256.17962057085606
257.06057891367794
235.0925131187241
181.1638713036552
322.76223172366116
266.9835581439173
220.80030202370256
251.60458835947225
178.9166890151174
298.5808665653383
289.5072168038919
176.24046185176746
223.25464215588488
250.5891225683063
228.9922762808068
235.3706815677521
301.27598169018563
275.4936556064906
225.11212736529603
288.4468671419919
292.34579531578595
265.7370144988535
278.1403489014709
181.77285574235847
247.49393781591894
179.69144440671056
296.8067236838595
194.2688540061423
202.2756043382699
182.88118009029506
189.29075412610806
190.33807062634233
265.799044302986
323.680735462022
257.18634860941916
194.84874170452477
325.5447040745087
223.78793847972932
229.2555449192043
224.33875530032446
172.7821943634902
320.1042844386578
196.8628658721036
324.6962988597564
207.9668417193247
204.38452255442098
293.4258171835296
186.36245941498913
176.90492980141136
199.171102362577
325.6999836279864
197.94535494251986
242.41135836697157
192.9934283153957
273.11456022403115
284.8082684499371
280.0373002516307
205.38122887013088
261.9113161720753
266.81149877234606
220.23028656703153
303.0019782483429
301.37930278014994
207.8898595472086
257.07610696699106
239.40250233412684
312.47299607913413
223.6510661845762
303.50697078059034
230.76775287580625
210.6910422778142
275.87482979950425
251.6911816601335
233.28577364789658
241.07296690235864
226.35401076089565
287.88141998898266
278.33781286087566
318.86828922953663
219.01352806822857
186.95862087529474
281.7808811027887
293.5281754373447
206.54257824640501
268.1050853197865
179.28974626385315
193.44320806119134
226.3351671760795
171.08019634178567
178.05643437428003
261.8220267187451
295.4638456850963
264.7401456946295
292.9115161265471
204.16800406086242
246.30693158690366
250.15973018156046
221.66858414731442
181.22916796485464
297.3215063620939
205.34321209424223
275.9943118679969
249.1577397996504
283.7823882412522
323.6573057729441
241.24122167876783
267.2879656837327
208.2747866729054
253.07847498583575
210.67976634491765
263.00472555717784
189.57312680508517
181.91875810596184
248.55414737105994
309.48948365840175
288.97577896308917
298.6512519150174
321.8765526616054
195.81553374200246
277.9616638549172
178.16828648761833
261.7000435079359
203.87482039416005
286.38130380934626
290.3665513421615
322.49092276422255
264.5296500149657
299.8533093070834
192.1460215325414
189.51766973385014
192.0296927075842
298.86482763262154
287.2946713219643
267.01602500694634
268.67322982833116
229.6988130989715
265.9349228892463
303.88441382262897
276.3746868173521
260.70946453696183
228.9400490304783
203.44912861839293
230.7248498366726
251.83697965167312
220.02646190549535
327.1415403446855
213.24012768308523
184.2660085728373
250.612373640459
223.8568752584796
212.15348141477344
233.724379070413
200.29160877027437
273.939845337116
213.7623781154929
208.95914731300195
209.61006235923182
200.1183073304822
230.4687935436274
210.45368972577597
196.34913719728766
302.49192740193575
169.73243356712146
259.62423771842947
275.8346282709866
236.93571047084293
287.6334836324599
289.04448965921944
201.6670026327157
270.6356528567247
255.8852573165034
256.71672420888564
279.2123964575263
254.03098461332064
286.13065392866366
274.4889877715734
290.694417232459
276.1823386860598
251.12882237065762
275.5324359916509
287.51097953636554
318.8267267033712
254.64528048249775
236.4277597769855
206.23564026246692
318.1001739126863
202.3290093989289
203.17188541148346
183.6712205528051
226.56954064551047
276.0559346743259
179.12142337750606
201.58111601073543
286.0587951458075
254.1293822055449
288.5671241561121
322.3193622429372
278.2135785960159
197.93159389589505
196.46265589975349
277.9266314405879
206.49621512547446
295.58248800560705
203.30822609147523
201.60720411264177
275.2668309787207
184.23542716048277
201.6250672963738
232.79861802349876
279.32773034503714
251.4412662704352
212.63029233483675
170.0851968589149
243.72350950909183
221.0729996058083
230.99747880832632
224.39138221547682
282.9501343381147
297.625833358224
281.1623423866693
218.72774862784541
254.00984258711725
278.09596169468546
184.98816313185887
243.09414035471883
285.5553253422222
176.64499894172405
277.9775540451706
236.80784359994146
182.32657458212685
287.60170782565586
179.01461895130518
299.7626089674116
263.62238878975626
211.62650397358655
235.78308596560603
255.17453910240064
194.9389610506466
273.03562126885714
218.53047627184725
255.14882641972935
214.53864129454587
223.68698919843254
302.5984770866933
252.6718103514263
307.2273524498884
282.612833052017
245.30444261422736
243.05442209254545
263.61671783300653
293.61343188139637
310.7666109933881
260.14734122478046
230.18134460604992
240.05535040203023
325.9799980029872
214.40594801298803
256.586532677346
290.18578596197983
328.5268586663761
266.6520608837249
195.6044626528916
204.83730341686206
171.73327562243995
315.74221517355915
216.69629178789808
247.59060630076027
192.8559718795155
274.4523919366621
224.01061287104403
265.68490399703336
307.4495032469044
328.4716925785256
261.6893465762504
272.5928901836718
319.4604252697027
288.69805226321
287.66840536275765
176.69716848511075
326.94371598785096
245.15724102721813
267.2508142924075
292.5867010597762
192.70171117078976
237.4566746855995
328.0369602320885
244.3737229670227
219.3875953587552
224.0562908450072
264.73990923592777
292.4074200784732
202.90474667885903
220.4133183611525
177.05006244486208
262.7405446010657
289.73929318030093
257.595672021276
232.6771061248251
274.0267781559787
249.02812589935067
225.98746707855935
283.54020632248296
285.31593769701243
199.59344183647124
280.1390520880469
176.8674841484143
188.76730911273555
182.51105040641716
274.20773107130753
186.74959155156586
264.43817702132264
229.82274669742546
298.7746948539701
277.7127593082001
195.01477222822473
249.49097054842667
237.4901051181041
236.62192660989365
191.3257882788405
217.6307365032193
266.82796349958653
225.30261483786384
183.7997390988385
199.71607882849585
197.8256801743483
253.45856592656835
217.39241452077434
287.47297967304957
247.83887187898395
300.1836371422216
275.489633088408
213.30778042305081
289.08183214900185
275.14617744617976
265.4845362136143
314.20977484922435
271.53987331857434
324.9480403156265
308.6882443638756
244.48007074800455
226.17643048397258
263.78454433512235
196.27337192985865
228.86637632737015
260.42424169977176
254.18558854781767
191.70265494179455
261.47519394313144
317.3706445756288
204.88282056560797
277.1708218748738
169.0198114035116
235.3662680033984
228.23247501531256
215.08479870157745
271.74072617576
272.0639414132746
306.0572132959024
271.5232311495954
250.30681175151983
297.53313920473124
307.6559117545577
286.68567696623035
188.95338466300126
271.26889222068576
258.5390736286074
273.60168356205253
253.59230546673496
167.1521740222327
256.77092863038087
292.27218835447104
208.7575205466603
169.4863651267459
288.1445989022117
271.77974627615004
283.63893934476823
289.39987919049224
310.7270374034973
199.93971695930125
200.79615315891627
316.4388046987542
223.60143391604294
251.43892613494697
201.12348450868657
237.41286856906848
191.4384730669979
283.84166624882835
310.05265671412167
323.956519860361
303.32849995375705
315.3599716047939
224.56401583870615
230.47844914338543
222.5954781198819
291.69111722059876
246.4514691339129
222.8647870884491
286.5733257761252
218.24896432191787
257.1058884130032
242.78969444039654
248.21771159199514
218.8077695462044
206.4663488244969
209.20658590733768
179.724959289215
196.29214844076807
228.01171132236422
228.7234374661209
187.57125686317872
274.7703573510856
220.4107525526605
289.23719076440204
218.50521853148075
299.89227436463005
170.62972353959628
307.38632645258656
237.38091647464793
305.6669960515267
276.2763555528722
199.96917587414157
182.18495148513387
223.53738138526194
245.6791714084841
300.6869983127998
232.12611181440357
318.6924069324956
295.5998631889267
265.7386099828873
273.76111456795536
243.83213935763928
308.9417641048023
294.8328955444267
309.41939744511956
273.7437338686751
207.5383822212654
258.13434142148697
246.17199927114822
266.4741115275658
237.24409568064783
278.03380583971614
255.54654535983158
248.53040610431603
211.40216300848687
244.55413183531687
224.89631024712472
220.85810141678297
300.18966731415986
232.2189660325521
318.5428543955129
201.7072013765323
208.42757134450386
281.5780662367371
210.54389049940255
291.985343034645
195.4363853840787
323.1701457961934
199.92364542936446
248.80209217786154
214.9634418846764
280.3967963658041
290.90604263495857
238.63019352504912
280.169420808722
293.15597765323764
264.7393432641436
217.93861360414817
212.03618315053558
183.8352882000601
313.7397156101513
259.60554227218495
212.90768893382668
251.42794330992618
265.9713871192648
185.2732821996185
192.41026402016965
220.81221376928977
316.6222205446014
