15.764813317906107
9.829517311238218
5.516488480978338
17.151114817622194
6.213828284700505
3.382062400245445
1.1921388444443224
18.679489907995666
13.13079809877862
13.03515484112354
18.456875754641743
13.22715551330497
6.9592943038369715
20.3360207505486
12.02583864696938
9.292440047480145
14.69637341966877
16.25947159793348
2.4236161840475354
18.685283836481187
18.493329216904986
14.78718522565142
8.849629417904563
8.275919490026343
14.16102450601036
17.18428478118065
5.065541440423634
18.418394907718927
13.055340516341769
10.253560030685515
2.8803951706043094
12.51152727396251
19.885379825328762
12.322381537940187
17.653614109810473
4.991018529674779
12.252552069474937
7.031493928499842
3.1930857264225807
2.3192308080521435
11.165835870516664
14.921228883950533
22.490412312814108
3.269293241155589
13.813834453886745
20.438977098552794
35.85777101515212
34.066478386983285
45.51320108533163
33.88678169179559
46.82210361060872
36.69443944225925
37.74759870430881
32.19148522297209
30.962787418463687
44.489135017370735
37.77350851095186
42.85746915290415
26.34507747098128
23.570735740770598
27.909177357686833
45.19881468715046
33.96449957856968
30.648063252454286
26.342408361893895
43.99876902586136
34.95617223061786
32.11920722423677
38.78459439713695
42.97904389601147
27.51080824912552
35.487043475185786
33.53396945853467
24.64858459156147
33.08150861161918
45.38844803980622
39.1891271962723
33.213480955501396
25.540542396302605
28.577405237419676
25.49415686636528
39.60269182534087
40.44557746376307
36.731135651891506
24.51570174392242
29.489702169582884
36.17794531422847
35.49268426754995
35.95041023844546
41.9094783846997
45.97133288176393
37.30862245118525
37.85679549283372
44.27720292796266
38.17507648618281
24.29415327977039
41.43515233367802
47.39278305794221
51.325940305002526
55.891665382982154
51.330850755964654
61.34901845526255
60.45091578702456
63.04605722461628
50.79802634179448
54.23064797734929
55.14010341802124
58.00002364461751
55.79562774268493
48.86022237066152
62.32598014013911
53.23048675193931
54.91751364949299
57.07959918351137
53.23195512901465
62.13274643454076
49.626835064312424
49.84379210560218
60.03903896657922
14.650306672750103
21.89345708268641
23.627821407730433
16.62769675401488
23.684602809469542
12.151721917862805
2.7209719395065655
18.98614296463659
20.064643221679656
3.5969727292003792
29.76726905142953
31.629806670968417
19.61722477579469
29.122606342770098
4.91349375546962
8.282906771116824
23.4842919555208
15.311520491903686
25.83454480798539
31.591898907644804
2.9868667248875145
21.925135307496607
9.08211762556858
25.156036954237564
1.4627002014729378
20.598911153210395
2.038684223475048
25.431209311166416
27.741636529693345
28.191973779906327
30.300858214935595
4.867384868551936
27.15434699899749
12.582489225077612
0.3661331577073206
8.887302924202823
16.56860723655728
3.0656037118666593
24.96046886938977
27.846863347910237
35.334763337531335
27.72792301414904
30.5986042843952
12.08345594151546
3.4375755962255425
10.779574340701643
34.706935218384736
12.299327391215716
12.634852969791734
34.63649454932127
2.1814745411954917
5.582965176345615
12.878782683739574
27.040199573965904
24.86020959845182
2.336567436395935
20.467917905341537
30.83567737337057
30.254091656033985
17.054039907222464
23.275511006559533
31.622233887141658
31.943738744985957
19.975544543708953
34.03178859345071
35.125602496814054
19.620125655845637
29.52980689586439
15.7454238545126
14.157116883493668
59.89068368348188
67.408956853649
65.88918011411012
47.39192417423814
50.84969450651907
59.26676707675537
44.37035354019941
36.99865594610196
51.69160800353617
49.12329522379747
49.526259336864356
40.93157599414238
62.58520208074956
53.32466185786903
47.33942223292509
56.51053279378177
48.39180624960526
57.82034952600369
39.508487631912764
37.868239058980286
38.04586692947097
57.0532916534027
40.92910350562937
70.88910672700145
40.015283974456224
43.971486669765426
62.27922394456525
36.6747768956056
40.47053155602403
48.883070519668195
64.78679637004122
50.685085490570685
58.272870234151064
38.30875195900461
57.254133943889556
69.42625582305645
53.888237161450505
50.77123735322871
64.12941470254043
45.59292148176075
57.6775179902441
53.560990560788426
37.344211952152236
65.35793198695735
37.54305489420112
69.7329838287373
16.86067086655362
3.0803308479656852
4.584708634666332
22.918243478922392
13.442694457588315
1.718654511703603
5.017459441054084
1.0705283413022677
11.492521722693366
13.702578778091373
9.807925516865808
8.125447140412172
17.02329552586065
3.6211003951482477
19.44252637189734
13.503211009632576
10.75814570818179
0.14607936963718693
22.23269331961666
16.653408534168967
6.361395389044667
14.31485791242192
11.998789369622296
8.316985273334694
5.628490700135319
11.061808404408396
3.287403001234278
12.157184848406475
11.028832691837906
0.36338651176024506
15.287858134045365
10.508746156927677
3.366874872199922
19.601234823754048
39.98800120005705
32.26433335578312
32.90635004688007
37.15617647098604
43.08914250847719
27.005997392049235
34.09173293191508
30.150231430853342
38.54442467193604
44.777503914995016
38.136870574263035
33.813059435170764
42.25701292550205
44.667075487599845
38.886213630475645
32.478450017588976
28.35852452618101
41.66197445988395
41.38987237958872
39.811436790366834
41.36397125776542
43.22012548582965
39.48332900314777
30.13512083648017
35.988302443189376
45.35942832636239
36.78773627092771
45.42031193969977
37.72744368497178
41.91432033991596
33.42251596250969
42.03678233076642
32.29165331208015
36.952652013307045
25.263984051895193
30.802262940721093
24.122175525241197
28.252237154388908
36.299290443499586
39.14121882779757
45.14609106082975
30.974353761818133
24.275815491409542
32.25440508977409
29.48383836402421
37.057933749477804
34.55383399811971
44.87490335469669
28.482475981507676
44.05620093189572
37.5000153496436
25.188717229366333
23.86028346128231
31.517811947926667
26.60427093774427
36.851985610452374
29.611555168870748
29.739283319928063
41.15820044480963
36.49944249043651
38.427359284830466
27.641150520129315
45.83292130898057
34.26905107493515
39.15710353458975
50.963195524605645
61.09329970255799
57.084739237503655
68.24007522429072
68.32832547512973
62.27044146873035
54.46714292690771
57.21521861162785
63.77908401055673
59.07331793327879
55.511287084816665
58.54160363723394
63.695547297069886
62.72443332397511
64.39369165056237
58.373256361257134
60.222758196216134
62.70928021749736
55.35150855001908
47.58021509176697
46.94482920769299
58.24669926345883
65.94078498837335
47.84037919889834
62.32936098428176
59.01810650211741
61.806861598323245
51.880446601906996
61.838456528366684
56.27238999902079
67.11134884692072
54.33248940301229
58.79502029301588
63.84536299456419
67.48557433411169
60.23061460119728
50.01021820225627
63.53402610923008
62.5128256877573
46.051852308537
53.08172703631958
68.52884131151924
51.41892972315476
49.3880316830758
56.67174741250746
65.91184590668074
52.259359311827886
51.009020577455566
65.56608554985347
48.32352014323864
60.55586059791358
53.38385130145577
59.13034756208399
61.52710927258034
61.63598260497948
66.04361624371055
56.44455470308274
51.73815483421971
62.01903014232119
62.591949397935544
67.95128532801506
57.65205325877477
55.132214633366964
55.8078729050193
55.347934493836
57.26334293747061
65.82873987477981
4.409049950025157
4.844547379441842
1.1948686616137234
19.655924910456292
20.922748443834777
1.4231333658055974
13.578473171712387
4.877996335377514
8.577223728667597
25.207514712588882
23.103919355531666
34.85121436966942
42.19369026054499
26.47203157837572
46.12979786427229
32.07754282000343
29.03517501098302
50.00743512575349
49.16638700491454
36.650747995093745
47.84456607255995
44.69733043198822
34.70107618779379
43.97837026358811
42.47224154955425
32.73661099167427
36.32606553206104
29.127059270797496
41.86725155901763
44.909069464154285
43.19319481538964
37.780125364977806
27.39580008555786
40.78323213497869
52.69055335830106
34.52141804226798
28.060507895085223
51.746237250666
45.95389476532204
38.306899628871
34.43982136926422
45.50462664859262
44.03921047359623
35.43380495074328
29.864057764420537
35.748501259084556
36.70145785486197
39.481410865244925
38.30057705712305
40.187638961156345
31.290109720733533
46.589705420141826
52.511903416708286
43.729036415970725
29.38037647609769
43.520602386263015
46.42243704423372
28.27505724544448
49.0914878835329
29.917875657186116
32.71058442903152
41.767254429337164
34.08965663936237
27.185362664580097
37.967143181653846
41.63414318546794
31.56636686496059
34.90243651990111
50.15088288359477
36.93677466948692
47.00914191528756
36.32705930618815
30.686362945061965
51.43776763881239
38.185924078475864
29.13600599089981
34.859008581152736
48.74020818336551
38.339817864086974
46.62582790420274
47.60941166866202
40.01498420193471
35.579639356295054
36.19457123355262
30.73385450213987
35.426820826978094
32.63360646566953
52.922492302378885
50.10797930592017
36.79486966005029
42.55718306697121
49.45777445852402
41.71871193994739
42.044846499099926
