62.46954916176577
52.013586524735004
26.66449108687801
57.12781245008168
54.435452097482894
39.388836983154945
35.14338835406689
25.911428298942127
17.9997649642181
19.12580878379758
9.659681101352778
25.590335931282603
10.833842701839234
43.371779337296225
12.829569266969589
58.32707303434166
46.70614953836124
33.159553649627036
42.939057896062465
13.441041930589577
55.98435276311978
45.307602406235574
53.81555215369197
29.471835557942413
42.613620866773935
30.901028947013994
39.346833756756716
57.356481257419034
17.225359390611043
50.80491300587406
49.26440224849989
14.536799203387133
30.757655609395037
21.519909007875604
27.412525268877193
16.808569225506915
40.869756960297956
40.37976786616475
33.65336085771409
18.560310298263698
49.181318993769786
44.67796588799831
65.6179043099909
60.6419113857596
30.717252381058646
55.808344949933385
19.64570839704838
34.54681567963044
45.51822129792446
29.02056161456381
58.99960711847487
18.340073017005086
58.2542466024998
32.756802064421805
31.27488579005183
62.10757083657526
32.231513506921665
50.56314337149819
35.33355704255873
13.61437151063592
37.90392802100403
24.008358724377644
42.78813805519897
35.072206913667685
39.26643039020486
41.823162756075554
42.85947296617127
60.719419173225724
52.99329350388978
60.514207332466405
45.32292071236025
7.45553917813308
30.127457446972972
10.144906003154734
53.88704560201141
22.827135722813935
14.876765972607714
48.881440148034
13.241766168311045
26.708881337710185
23.25186855114078
33.20404935365308
11.830542042211643
49.13906289629632
28.03144965366574
15.047766033646397
8.778304623712817
53.570246649398214
8.887595284811734
26.58075795403662
25.032643499321168
26.872116456575935
15.981188633623375
34.96368875255438
31.132656413358184
12.02303420637968
49.39418964827877
36.905677096249285
59.140979066929425
43.688343867304035
157.78710183202045
116.35661195402879
153.4733944929344
135.80950151495827
138.1690271365525
82.40233433558284
144.22429610909947
103.71988840384039
123.01049146055077
102.53378308226596
168.28929954373749
94.04875714548798
99.6733158200608
71.36284888816189
93.93024539972203
102.97662204489933
158.8721139148755
122.42222646915732
83.21040681142051
88.20736146681112
105.0162737132487
151.99110226361125
149.82838933838684
83.88157306453883
91.8040503270323
117.31724340551226
121.05853623279295
146.38450914933603
77.78650919435991
89.34653812990398
81.47186447615229
98.33291615876182
84.37615104732139
68.54853952663764
145.3678272284751
124.81710505080261
127.30982289680946
138.68669800705146
143.4305065425823
98.60705545979333
94.69670679937296
153.17209016086397
91.51326305277078
117.5267048165489
135.827592503654
102.14490956978717
124.51440895179167
126.18518810341676
102.34291700440632
99.42403680192544
193.55719264051208
288.2094770911955
338.9577319128063
252.82317909170249
246.98866993792325
240.57008358079787
235.93372587905571
283.2877493114121
279.2949762316138
299.0446328315265
176.96160845915253
368.9339288929858
223.68564681500953
233.82533830604814
292.6531513329095
233.18681909056522
301.52926084333825
229.41990782331123
208.16634212709968
316.2440050745392
218.45278722317448
266.27729289136585
326.96531269695765
274.50178042471396
308.57289881811806
275.2665658334676
287.5242276037877
309.42040728696276
356.0181476649401
294.8912776877602
301.3494198295046
366.9493064143371
354.92867736719046
191.41320507694562
366.11533746825216
259.2892826319349
351.12215943383313
170.05462755417662
211.1825908758503
274.57087143002843
337.7852872185421
280.21267487493304
332.397659668201
316.61929920862394
339.3107976217028
192.3967115668883
224.99844617816342
198.67992069821264
358.2948783382696
359.10858855797983
