31.043236117395928
24.813258640294116
3.532244455480729
13.399336289304777
46.481371946418875
52.88853327722122
72.67650404852307
48.1079921168077
51.76871243390859
11.405076383900301
68.48697701839225
22.26133687380523
18.645186023863406
41.996181096970844
44.13880403142906
29.378739463801224
25.902966860461333
7.083953198185238
3.0091512580784467
15.961484416751606
45.08362188924845
38.4528648691139
38.08646254075211
41.65703404079736
25.382302460087715
22.151955334406736
1.6263102022131477
7.980885901252098
54.06246537680708
63.67932431096723
46.05775638528132
73.33042791171772
32.86384501536931
37.175454376220635
37.726256902576296
39.48788223838982
32.678458617120725
18.46497674278383
67.89866752490704
28.69876309972277
29.001020750704182
41.71550299554322
59.404606121582226
53.493933681506086
34.47337432822071
20.61749563372471
22.05440511149478
51.58868172748309
11.73706739899474
69.77028335152973
66.6397447746357
25.887386597129066
37.604912860765175
7.321215400698044
33.01649245563872
23.565846152318016
71.95899231065852
45.28576049669405
32.79027651490946
54.11930345304004
68.89585153573512
0.11414974001299072
15.967986343169745
23.899476375949334
62.95574990412471
5.496263177877644
23.491753240800346
61.300096024377325
17.567664560965554
0.6392859133832758
36.298398239577025
56.47053238615419
0.7697552076642182
39.03957071795259
0.1994626312667691
44.898628011861
69.07373748772775
32.70297105725176
52.854780664510834
17.5473667475954
25.297370101117348
24.657615845299638
21.47462171767494
42.68833732857328
56.22768673352412
64.35790236464479
4.972300367525186
46.185472452091275
37.52704404187545
1.1625864679271842
37.07082568375138
64.39181004111907
56.01478965551575
42.6602413421666
49.05803176681735
47.74729831890622
19.53636331616027
31.274166017478805
48.7184270592645
36.05506328324736
48.47402123084788
10.751158409975268
32.28290812727952
59.401782092393546
27.229710014451598
69.68935769747858
33.49918912934115
63.84683769611029
52.951423841227594
60.201752766125544
5.876012087624559
25.055730374361865
18.182320234164628
27.800630961865764
37.458688372538155
25.88727733655965
14.496537827457082
42.81895082848864
19.06105026696009
53.22603904067087
9.787712445964573
18.692522833819048
10.448038651134546
31.732149400128122
17.809971919080596
35.499483366267384
14.02867155259992
2.5667091891398286
30.215586829310983
40.9269143467003
22.17095026741741
57.83156636780059
53.632503775868145
50.083578534880445
50.52717604654474
65.8043743797266
6.169833077115605
41.22186513089659
9.48747074932437
33.04228709896841
34.73619604527257
66.37379104269816
51.32101964316005
42.95664437465112
65.90708179017737
43.65847465621154
59.955968491855835
44.06848857370193
59.81947458341091
60.253724704909104
73.58817442521723
63.110375708115264
21.30978489502611
28.017930929493204
51.97846155015331
44.63077661040245
70.8946515325051
22.566209903647206
6.739942705070195
65.04111338382698
43.07964814225359
40.71754022003861
43.23928421565722
5.877091488069862
32.53257704417467
39.88677793288818
35.373185199462384
50.66153472190702
68.01948750736014
41.224380661401106
48.27644191897532
57.73495602840691
53.176388733524135
4.859496480816844
20.140838684307006
18.512553211325013
3.962067853026433
43.22204419988587
0.3817332017419801
46.78556271353651
17.903408423083025
20.479748494711078
25.511228504170248
34.613146638022954
19.771373064014576
5.303602829275949
35.847130441178976
64.34354480070994
66.24286298609569
34.094344437493405
6.791148385653663
38.64237322261101
66.13259557809026
3.803218953074854
56.06860364997938
9.300135319176693
23.10385735706442
2.030794865257832
48.79797728630888
19.25371171264828
60.509001989004204
26.51552366845421
10.997669645795657
27.94849884624857
22.481987834615648
40.299829292958826
18.778538994662743
47.7133785705673
35.69993150880607
8.314123623324651
30.280720803537623
49.716564404205194
46.97520208450413
52.81598960930917
27.43952384784444
35.67545314566216
30.207739926158677
52.84708474086441
17.25121037060732
30.613553663564794
40.370915868670174
73.75138166700187
45.11849252193427
48.94071953535614
17.00005442592597
47.86251870784052
37.054075945928524
28.25081927801121
60.14749869557424
94.20346415585355
108.09182629997339
127.02336462061345
128.36618705798955
129.53086685702996
155.01843988936687
151.4172595975344
136.59114710466346
105.08401047927141
113.96900885180499
143.4041986437451
83.37543124536077
101.968436983671
199.47605514435918
304.3324866002458
218.9635668002802
