45.83143552532822
17.178243576935273
8.923667910579113
3.5201233801863268
27.345401664966857
6.198109026185527
37.350359793315185
8.437485030253956
35.37991843972807
11.265609512912954
33.033279025752265
47.826279887764656
20.642860418576237
14.095784579108926
40.362322882683486
8.383924114839644
6.326607474834457
1.1443958005832613
27.167729995242677
23.310251963455624
1.0394080403118977
25.253639085583185
48.62002278722417
20.839760089671728
21.156317769101044
26.647717302209532
6.397536652730359
41.14407467422663
29.08858494880423
16.254310863168293
33.11638140688715
8.974557524174692
25.60503016795162
41.03180819283164
41.751373575010554
20.78831339424226
20.26223279062317
30.910455696986453
44.60010017742634
29.878073543753086
10.01450504094753
4.139739066097327
7.768500975929907
37.01342255647961
44.7672608578915
39.37975394713823
12.088636282771398
24.512053313976484
18.2347995793125
37.33663594759534
49.156157064396105
2.1465448925122494
13.866981423363498
18.08360218346573
38.4819647636226
41.12335676438346
34.65130174373573
30.745824066451892
14.44755360312517
15.318570794593048
38.140215454675165
13.788082496339719
89.25028226585007
58.24914444948537
98.54352988234935
64.06880351584874
106.12947563367857
105.92078932180299
74.7896287772175
127.954676566974
66.48408636512154
105.38044183174868
100.35853271334898
119.85461380570506
98.83409503953128
62.96771139292066
111.49537664511367
52.456909027871355
130.76853119970718
78.79097586032098
92.04620835508513
126.82697727305053
98.65730414266561
126.12825678101247
135.83634540340637
58.819438855462224
62.75795842566464
117.70939147170174
58.376247158787244
70.00877748323637
81.99834950767954
81.99579958118538
100.75267568766044
87.55537585829515
55.6745493646123
89.72642182365476
80.50210144315847
126.44226650896694
77.85630014616754
59.32571141760287
103.40760111435314
60.07538026788594
50.412070932928316
88.06134444891927
73.15573267889425
110.93705911404986
113.8311879814668
58.379623310002465
67.70655532323732
60.19657674087627
106.87321032963064
51.70538353266388
58.68250924733606
79.66961603363069
81.13758184404742
59.29179890834388
61.76945822267115
126.11704438579254
107.05267754149749
59.638217306008805
126.15940991832238
115.26023646582829
94.2216479098561
119.99519643017615
215.11494518716177
329.19443581482915
316.14843959098414
282.16849347007724
188.45475355838397
229.55857532667153
258.49439733877125
220.52680799603763
211.08828091242395
195.99395154683464
144.06162476147503
263.2740259876675
157.2443270062837
265.3101988127638
212.57284600843536
179.65258516997127
323.48802009219264
281.75130581548143
196.1242220522541
312.89501390067346
270.6996292742922
158.35177468704
156.18524162630536
330.8570350439959
258.0792234561578
324.77571901251304
262.41036201534354
324.3774627353127
190.64640286448633
174.99273769750417
275.6041379480283
239.85295328993305
180.03202579412547
277.0119219785162
174.32502591117333
184.65291187319687
251.4298574991153
152.7609687109886
139.62889372228148
264.2156446650508
221.17828416382864
155.31453588282
167.57921588978502
237.59651335326762
302.48236814421557
215.8318104920467
159.26675040294248
160.9120020765263
211.78432987868865
196.8107182385801
193.4961127673654
323.4891318183036
317.31625285791296
212.17208105916845
228.33893082160571
178.74527570301404
240.94468410300126
283.61229526274013
233.79765111361434
186.11395032062987
236.15553780351803
277.1939378098664
73.78494959610764
69.46534176785133
27.078953091782036
24.84979805729322
31.6225968875774
40.776685239845264
64.12685127465222
53.40931906527844
96.79046755068418
22.277884824347396
107.38022830271353
26.639884240304514
78.19304539581137
77.25230113013666
73.1377560864463
26.55874185908334
78.71440846177063
91.61897682288546
91.00057442345559
41.53940506804442
75.76654513620835
19.02523907022929
48.7277915761909
67.59584450915361
12.982683977762612
75.21415633787336
71.04243414561078
55.75856823760146
17.019900698674178
108.03367085160394
41.601822004550606
24.544238065331
63.25940966287121
71.7283125676106
46.99402482602444
51.20167181629829
27.485417626314913
43.42488924817384
36.697057870893325
67.76964647300316
87.55482779037966
46.31744653007645
29.97799869461792
4.284661239974099
72.92968041889952
71.06806369314025
96.25919013690682
93.71492491404408
57.06732144341626
106.45783342709579
26.785782801389207
45.638492454159234
22.93366128150415
8.359098202256682
13.6230114514128
5.959491844791614
43.63961286949321
72.41250009763165
104.21670655132529
39.66225072213069
47.01109862159855
44.43375191045949
31.315146039248457
84.35836920213052
38.66550315595788
105.92094746459304
47.76655357197198
79.58704939040881
85.28058770375014
91.34767559724932
73.15029635214884
17.823719565914622
24.33312726868055
86.75715254765294
77.2842273868363
81.50730919190406
59.9182792041497
38.49722933144041
86.1744414231216
13.440417202806337
33.21189162454709
36.195792316760425
36.549334407221195
107.46361137995558
55.000222640747346
66.51127951871497
26.51448163980946
40.8646207294366
28.72359913315246
78.29726806818589
77.37894079127095
5.3142558370758906
75.34903331366837
64.40980058872678
73.03332286952526
36.114781912730336
17.558743151926322
47.21270029414857
33.82655204637427
43.51167973992011
32.35168106964221
48.05427507014093
28.714857537605518
22.460493974313486
11.969408813888236
93.22978445180132
40.28633478528318
33.06816317942557
76.8975068132828
51.05812147588259
21.203366669189826
86.78379257394994
41.75567109032811
56.205882879753396
98.24828093705304
83.86479356100543
78.0773012516326
92.69677510861874
76.8914853334901
61.57788100031596
102.0621483548847
90.50467130435999
27.355314390915733
95.78952291690413
49.59349453809191
7.5624756285887145
39.88738125259208
63.55286416133013
81.90423627048865
17.530437603787263
53.55662392038514
90.11521894104436
61.62846469346978
29.17192800050642
53.48489119719815
13.945358876974204
77.67293288540506
25.011169496546504
45.242887803719555
66.90352240771716
37.75072855615129
85.24320976921645
79.12559826324873
26.968756306662076
61.9461724463831
34.916428131426215
60.83475386268856
16.712831150110524
88.54276313470612
65.23524525090032
13.52556363299265
105.0023019470469
82.33071611977638
43.3352212268327
73.64351410351065
69.17651736909359
59.98498044674925
99.63139491918233
85.38829658762256
43.64309227471101
83.24082654525543
93.37772754300666
32.07595076773205
60.078208322513596
59.506795296400725
87.81957805372113
33.486465946682785
108.3504060358562
101.16775129604758
60.700510085527064
106.87671901537725
84.35135606575768
62.79510376958296
86.29037534002313
97.96946390748094
96.18706904020411
89.30935389123601
23.407492327449376
54.18814678281957
87.8682401856952
84.44624663372055
61.36732923935666
74.86472028369667
82.16187023089408
19.019158011606294
52.34609239587601
52.80372841485668
138.01476351529976
158.19612831289362
198.43206637149146
219.51909497063025
211.56055155240318
190.7464223377954
217.5259413681796
191.28565439301224
199.2283243097074
209.3543967144789
166.822234070668
185.46359090628553
171.24041803980967
151.35533338506275
192.21403642857075
145.53594812776717
123.39075265064665
194.23125097656683
220.09249827174017
208.88118248241807
216.3331990197139
157.81008791276778
166.39964416870254
117.4520328669615
212.63436297002508
198.5006821546828
146.76524366403538
183.6598780325927
133.00259804703492
226.38672409912857
215.7397716449375
117.59165633764245
155.26036567269074
205.95515001148627
211.29676401278675
191.03851027408373
169.41287457604838
187.43176910769233
161.7851897102705
135.08361243902527
140.86728356609845
134.98658423939776
115.3926417224678
172.68813937458222
132.6920555624548
155.059198150607
136.8935442785608
153.84667410847646
212.7143563438802
137.76540208050017
167.76525295299263
178.50263560278927
140.91747017206197
143.36704142860927
110.46102183019299
222.84036552567352
167.58054681443335
194.9537626940233
213.1747800982717
141.8078583206381
129.96613408590767
127.13631638473134
226.96102902068964
223.079830163298
177.83063608445428
125.68246723422264
132.56198394319063
205.57098834820877
145.61241732707606
119.90627011907722
165.47304999766686
160.10213359701334
118.48784614406797
158.57440587597497
189.48626651342173
158.67346421491968
151.03983174351555
148.2536452522465
211.0602175691498
130.10265127035194
155.63348575311707
200.5405781880363
178.54930702368236
152.77713131534068
182.20623101177182
174.98740791523377
206.86147615790154
144.62950002321287
226.25093288932908
205.90658010172058
170.06071299979004
174.75456843113164
188.09399757066262
217.47817565342388
194.85857077584348
116.39356063037941
170.7896718823943
215.44046649905584
179.91775113345656
112.39837930090948
218.44997974722824
157.32834026973546
218.87333998015308
184.43250489642503
135.70924170400133
167.70741616476568
188.9874473541319
218.83804938255773
186.498937582635
151.45798333782554
212.52688936260435
150.2175677609913
123.58586485188412
160.4220770958534
141.66018148747386
184.26656757505876
178.8128333313578
182.5016934808893
170.9538705881154
148.99792652382732
114.25943129788979
190.75032653512736
133.86800480252853
217.69991248922162
173.14882182225236
158.18289510522848
229.63575976696006
186.31125330773153
169.5038249145909
138.47158522469022
158.0825455208598
179.15676236125123
123.14107686413303
223.3711060306391
134.96540613980545
111.97040449747655
206.84939235740984
222.500060997327
185.5631375001264
142.3314589201135
218.9154846028237
136.2009804675182
183.47175511889503
202.733494544186
216.2163433803813
179.66947328216904
222.64735928629074
155.65686316978466
186.7339696653656
219.3964675524551
218.56155317449281
163.2969579798446
138.71503291179707
163.40562910883602
217.317108354705
199.04146983190432
177.67268904291134
174.07205172704369
177.27469509428553
192.20243480886563
184.44082687949347
218.71124878473083
119.51498612496414
117.19094783257785
189.17407958846215
126.66973863989782
110.41218006154557
196.26319418395687
188.5027741212621
156.94200765396545
194.40365352363065
196.09827022558727
156.28607482402978
170.23608031996758
197.5642533823193
203.76456230126286
134.45412831606924
205.4509256221276
186.05817051746112
119.68493501736013
189.53314689360866
208.45518187678377
110.76552911084663
147.99354472711028
188.76799181517458
222.50497295515007
136.6715100155068
332.0186368938395
323.10386476810936
242.15154830445948
232.8029331934577
266.21748925461935
309.06812614225936
297.2363603966529
263.8196381626428
321.614778014888
272.67477540129073
323.4236642328388
268.5002720741967
292.055967975467
285.5084119763064
294.18911900638284
279.7435251106182
283.40874256723254
281.9786683521693
241.38916606590482
325.2232125056278
281.72611074530226
260.5984751079754
275.7123188851084
285.51302897203954
281.63315411862425
240.65211144858628
277.6148393341806
328.0462633492635
247.69656769289858
319.6720060529252
281.98763501885924
260.661811771769
295.07502753539734
289.7457367022388
319.22230247356276
308.78470012184187
308.4879938607958
312.2263328342375
250.90583222782908
323.2971793458256
290.9394835563211
232.75988600513415
262.56346428421654
297.2365989774866
231.6980953985387
321.5111320597339
245.6716609762107
235.5900814410083
326.7599213129274
262.3426123495141
297.51166485964166
304.46220458031854
282.0191693866723
294.7067628740104
275.7874482151194
318.7347001347877
302.7438752494073
265.0680523022663
235.8165981526696
335.63457913237625
302.4775111689133
274.4303331936689
234.2829762088557
297.0848992741803
303.9544668453951
287.2650015053193
270.1813670523689
269.5355885027742
268.60922118317137
310.55001573748496
329.99506095041863
258.83456233578556
269.19217720177716
321.339093895632
246.3110388863075
303.3658825164366
322.7981018585968
315.017453961498
270.4058252846132
252.20368851134592
270.79660521888053
309.4856750075088
249.2329851221258
230.6081616183865
284.4981512691332
325.39681380140826
266.9586732669218
297.55092620401
235.23660577887128
323.57065615131614
236.62357592132736
316.3804833825543
306.30687703260026
250.21277680649354
291.5200113651365
236.8945970202941
285.3651244385546
246.99546935226542
262.36485594803855
336.2024973032462
241.1854366901244
284.19376957576173
276.0631203880757
242.7295443828703
265.6875697211719
263.47785447346195
316.6797724306536
231.0480185831357
248.7512845654103
240.5984011054396
289.64895249858876
247.25044325545716
279.4701745666106
299.40262863590516
313.6184784215501
320.34560426385843
280.88803828593285
261.6892015378174
333.6861557000573
260.81454601748595
262.6767342559342
308.7388049380399
235.9066398855122
308.8768684205077
256.2187523759131
233.7818434787079
267.4547484591129
326.973891604874
233.57601901542228
288.17915370619545
299.7796433402077
309.14342808532956
311.2411809467288
284.6098746913442
235.97780163154255
319.92424616678284
303.3822022213081
252.59986888008663
333.1935122497958
316.0844580406871
294.9852832156378
277.6674400106904
329.9169103524165
301.3510682322363
238.80868234217795
324.38411324517574
327.389396909803
269.3089999093116
272.2904078593568
317.8243381015106
263.24363270847
250.67500792911062
312.6407330558192
260.0251009844752
237.36345814934256
336.94724343486183
300.60151043671937
271.4957311532474
316.692037755913
278.170803065388
284.83426437705384
272.22525071411377
333.918190523309
261.2262034018465
248.74920177977077
295.96037669512526
286.96754831616323
266.7682109157218
242.75992211638606
288.5092977398412
231.53476549933234
265.428695525785
283.9938384920369
294.40206344086806
274.10169442160105
269.61557860152897
270.65498666064775
259.9000594813434
294.0621288322826
319.29721313141386
233.08548347623412
335.00077716267293
238.36131866216917
290.256606942851
295.78420341643687
286.2652892525127
269.7968827319005
