44.322863298856376
18.109584781343035
20.27817494495413
15.480577343875733
27.249481364021804
36.126804179248836
45.38948903164784
39.21549916279935
30.360711203233464
30.84245231477965
43.81889677019603
7.3613887912348055
26.915310165380234
32.78925682350026
33.6658496170541
42.70188419744875
20.640335977050665
36.22676743271553
20.852937554069634
33.09811248633829
45.389705735361474
16.081504854644766
21.903592246453904
13.713741586190784
32.20146060399768
25.259220870226198
14.67886892578824
36.98635596117599
19.30036660382797
35.42908437690714
40.937582652994216
30.61535577997985
45.71004184616511
15.961145829435958
31.40879857143189
27.664056064638977
31.90539616091419
13.69899647306315
46.986309434933425
27.819450132081972
49.869933619246964
13.17393985029948
16.644517061036105
41.50491111332636
32.723841366681725
19.126789271504066
43.27542622812669
19.168997907993234
37.90424625589779
17.365457350415355
65.2400616017121
87.82930584894984
78.10022496899172
57.417126360457665
67.89425475327228
72.60451907251961
85.11692453074076
85.71115609068927
82.20831610072139
89.82416608985845
93.3668098020585
83.94587367668086
97.05212144475401
58.2110201916836
75.53413079062636
68.23988383019898
62.76671491232842
66.70960598537228
92.06746579161484
95.18820526565041
77.65812220310762
63.043045997254175
51.32136647102788
91.01786607732632
54.10063424694916
87.21673459386903
69.3782428814464
55.97860411256042
74.30351438946941
67.7427600805847
69.7925680351652
90.13791913436016
81.49381668859758
91.34335096257281
74.06018008117248
79.76343916392061
92.81592742754685
60.694202568190875
76.47887239006512
84.92335558232536
81.18557218023656
74.9718015914652
99.07328126296775
90.52158761392224
66.48195297986098
99.18965298484032
69.52971569536723
92.31057232203327
88.41580150009797
85.16412355551627
113.55373925759116
140.29004194151872
133.57789031834199
133.75122411807632
133.01509410944877
110.14275515186375
131.20289729777895
134.3672879677711
112.9385697033013
127.72707548410672
118.04268161719337
116.9423191995572
121.1173999305726
138.41575178451546
136.9055029557903
134.104307870364
130.89690833134742
133.73837349552494
138.8278300676801
142.36720913562192
147.00642927098988
129.93420899571592
130.29971137285676
125.20879351122427
103.05195637468289
128.06677583046908
109.0121967973333
142.28785468546647
117.30559146857435
142.0749626901521
152.89389422391602
150.16137995656743
121.78321082435244
123.53959304199986
142.08967436567846
125.99462501683664
112.61005770383206
119.34268999013453
121.57322837743412
149.48446382832518
121.43727997492908
115.11987657401687
139.0629317223196
133.970448613602
121.39957401223364
122.27879992285331
120.96343833934634
110.5797278389388
137.85388061721955
120.96802451971453
143.47813319610856
101.82872080204082
130.07244394681288
122.17645406141978
142.94620658450114
118.10684003180349
143.6639291172522
117.49458346795653
127.33232744916667
139.54770563822944
143.57264961771864
132.03168882707013
134.5933680113346
102.5005804656117
106.4150787820383
152.2002113500132
107.02212868087274
132.61631184836347
124.39386826323012
132.06535534788074
133.82436634764775
137.74873073565766
113.52690793370108
131.85901383352808
122.19515945952024
148.76608743789285
124.86279135212425
122.26940414517804
123.74832044190107
109.97806000242495
147.15351750548936
121.06837171707338
122.97442601332611
113.653894385183
102.98675728957782
128.61992024783106
143.45482128405203
105.44943481013632
139.69045600618506
129.53952068726295
141.64811820518455
144.17306000949836
151.55931215568054
130.83805719875417
121.26717732460497
134.60109215642728
111.23564430990115
147.09367497907664
119.00691163692912
143.63769364648655
