23.92213273757188
7.017805655908517
21.66719442071699
7.566514527267569
11.029759271350546
9.17399590279564
5.981318483018859
2.8147504978684452
16.445897713883518
19.93606680246259
10.784166463115643
19.750766341883516
17.14724367280258
22.260440385249943
13.724315319816517
22.564851864851363
8.484889121316346
9.172244881552693
7.740767512401504
21.149890788080903
12.485443560928589
7.227578991550764
13.10352237657175
14.603783906086452
17.15871904038275
15.305713812580546
1.2280914919400416
8.694789769987466
21.369743600733884
5.070208711397848
22.094593491212834
12.723235611105123
14.983156810138023
21.463267000755692
19.280669598823902
22.627065799619416
22.845737552845513
21.51670636913486
22.107428248171423
4.789953535781729
17.17278385932505
18.1152619873011
15.450051783623891
6.261298281060929
10.665495881564043
16.043190994117325
12.467133416111794
12.766779923977852
17.597442202801506
16.1234958157739
8.443791533035915
12.70318270892441
3.4420075202905274
11.150809341978073
12.825156069725598
19.0884163138008
10.044807656199103
3.965746256053839
14.51158262523787
9.538372142014223
4.460729781154823
22.926558471099156
43.39978785737256
27.544814016099807
35.05864177988499
42.34307876939996
33.292525816846975
43.573573359350036
51.18322275133956
51.283375118879455
46.516151685032696
37.36587484456299
48.62312110395338
26.805394591449705
40.319602169072965
41.23766079346548
33.5571099122952
25.50969353531139
27.73023977789009
39.07075610865973
52.916633864392125
42.55235105989862
49.905505109883165
41.23343354516642
33.128961310128425
52.65560823244098
25.357816966079298
39.06451351755323
41.276261583774456
43.472648562115964
35.403102235943905
35.73077830125715
38.13824717042451
46.61932300420239
39.73695970003778
43.63437229382188
36.898484360820525
40.4552737367171
32.96616432428416
25.87422380717468
40.516834361419285
45.61536166089005
34.89896980272221
43.0201940947937
51.16433912368821
31.168601839865754
44.36479221895533
37.98471915760765
50.03786912274932
31.030926971289354
39.70072829431165
43.89134490354561
38.45087113110271
27.84542339828777
38.650891594805124
49.73424077284977
35.894683386436114
39.504447097926985
49.74940876127883
29.64290953994481
35.48380360013877
53.15676749963719
27.911260480135958
40.07797214494693
57.8229930918085
63.87275198399538
75.79483981352111
77.44571042246902
76.38833035212495
60.72279261333982
60.713562610399265
59.24492867722877
78.16519515201298
65.32353749956559
75.6360522015688
62.993345837402345
55.904990215676335
74.54955590241734
66.55968032079345
75.07998136834276
77.11459496484834
60.716130128349704
60.45958892361867
63.47694396904051
56.904825793193105
68.78370335033358
75.13890018166258
59.25983622923767
61.5770956381601
64.99244737480308
69.9372175678158
78.71891623178216
65.90737038288565
62.96800389141011
82.11755097783848
72.38711406267547
69.61350649702989
83.43833462396903
69.3882584087984
83.61971435968404
78.76214766056964
74.95354037886175
54.483123894183805
78.47684597973449
57.805983093427905
62.36197067435605
77.42742154770646
60.39422551280439
60.176316092716945
57.95221274568813
73.90830772194296
69.01584192183392
67.43571087019201
78.617932255422
75.66811638653195
83.73269665109414
61.301057510589494
65.24548060676612
76.50531718441297
56.22580935938873
63.44401588562775
82.54529903658896
60.31484345048724
75.04087739982795
63.14082042446253
63.714689756318975
