28.08933440635153
8.598877200829477
42.083968249302536
4.975552257899086
3.9902158080822687
19.33579090724225
31.48336068511346
18.18821904698316
44.52973480348484
26.69733622086702
39.96219009415076
41.133519104127714
45.044829335508545
20.520590790799247
25.873916057222946
46.61405936279772
26.435006740575574
49.33283928987693
9.83664683987832
10.984366172897655
46.83190940510528
18.383787140375894
44.83122913534531
47.06303246492971
2.8020115899914835
6.943571364768108
38.06687330499126
10.76361254288673
45.77848525514354
47.93634319952896
32.709071865430566
6.298942415837274
47.07698372790999
20.466429768065158
38.59786849926902
43.87418291954381
1.031446279596448
28.268623134532902
19.9122980208912
42.90658228749905
30.722733967729894
18.01462380043516
37.75076109886104
42.60133392127448
54.71381469721745
40.8277523783763
35.385451229153205
53.49222468929326
5.560400942473887
32.0993816655293
12.588447314600966
8.579060377188728
17.742041555945775
42.75474776023153
51.48486417379145
22.19888964439658
9.501523794819374
25.301934500946228
35.23625287051092
55.06057979656802
45.428156550899935
1.9464988178933318
85.23072726084071
67.91281065352715
124.98719719404266
113.80085329096366
131.73139749378998
74.28640855532598
119.43887425840705
84.08955241476174
74.82031465093122
117.46977428381163
88.24514059028402
120.326492668383
95.41585347716135
104.95390397008757
131.06459144029395
93.74058501727367
80.76862650770471
57.45610350436646
115.26047691896268
124.08421715286485
80.97913807922038
121.20923636704353
79.0250933350674
74.66235174791879
88.64765020625242
73.33502334220103
101.41504687657125
116.13335666610266
125.7271332512197
59.439865120176606
116.86434134503989
61.70967307428664
60.14544092541489
59.27246061907314
87.01379868878864
90.30674157428045
131.60051996571528
124.93777654960107
66.45900898146586
84.09475871460474
82.50173698215882
127.89366551039217
113.29001895263909
88.26826536782292
83.60435018044032
76.83159863495318
87.46579277926729
71.10516811514896
122.6843639852284
131.15511689367744
67.1221415577442
102.7457025060643
83.50263912388408
91.21353163191891
73.85255955767742
115.91209875874476
65.295530735994
121.22920241760345
71.26948103105723
105.11760629694204
116.31197635536283
94.6704191309264
183.22843775595652
209.21487812271585
164.85325355770732
206.32996108719195
151.09035119345057
202.3998947666043
219.4020651411027
145.59708651809495
198.94632646648915
207.77895549750448
202.48693251322794
171.00218117653878
180.27633616432215
173.84339217916207
218.79585550614706
203.26549332603565
145.28982414659515
178.0698048182602
135.8950411906125
186.9158551815003
179.581978723031
184.24535740237627
209.1990402954733
164.45339176017123
206.04280225815094
185.26202557278455
168.8364964944034
139.67799745218426
142.7046877371122
180.80399877034026
146.55626970972605
211.93170298560648
199.98229924802385
175.35275460508862
171.56536867637624
134.10187016863688
192.47894234835434
226.73933102522705
193.0565883653901
167.44975096864104
192.9163220366867
142.1851598909086
176.2905562692505
179.59728050108617
190.36097672657598
188.70126813634346
223.57794301289584
209.53624794576226
188.4216611075931
203.15050887078576
173.45215531041686
210.28299353818807
140.61107428371008
202.62735670727733
174.1680756798435
150.26534523986186
175.89035375787253
193.7847763773346
191.70809311299362
145.13159876581764
183.48320053695156
176.03146302783213
23.211286241396472
15.54860304204151
18.18393623199195
33.56325427990895
16.01747044353531
35.884498137112516
16.36538301655133
16.042275003916536
26.691383538103224
28.003853705144145
14.203889605302289
13.382108128970017
32.13896901759486
30.072660021072025
29.54187051819095
25.16501187131592
25.911732959622935
18.487291736365986
22.808808510124734
32.98594671148661
21.403691961149793
16.137407854111437
20.835571404290057
31.598669369382193
22.54109329006797
18.532359459040833
17.484766911345176
14.947058195882487
33.93386907921036
22.0001280184497
15.62506755996459
18.46258563766518
19.269557086310932
16.758050478503442
25.98019925012634
16.655318471825424
20.644467099978268
31.430612175085653
16.97715605499221
27.74687567746373
26.534652602068423
17.606978526348254
36.24631339364005
27.984318329377572
33.366416977028315
24.471178565753327
22.65839715799926
36.28795359340461
27.493759536844966
33.66417205852434
30.47280775548789
23.59683890775332
24.762010000905253
14.411360281464372
13.492696033662696
25.74195073403303
28.484125452976215
20.541102008225344
35.80266639453061
35.16228087359449
30.855166500754752
25.379508743779446
29.32107872407649
17.636059410026142
35.253404313633624
25.490395866351488
17.727478378108096
30.250757462695333
26.98142561584319
20.639398625080187
15.5832285177713
26.818539381147463
31.62981759122938
20.138965369480697
16.841061956377278
25.240589771120916
30.29190441257186
34.07811398269928
13.849039064891887
29.973934347477215
13.846506923842846
25.647349577902446
14.770265445946533
21.130345555887978
16.619006725882087
25.70736095396609
30.602565091765733
20.44280720956564
18.184530718077582
35.38083071950097
32.773959481099
32.496582532472836
23.583591312365748
29.51432291510007
34.25999603881921
25.836681595259
28.81315491946597
20.563465057211435
30.588997830507033
34.76004836969554
19.93402191467103
25.680579996900512
21.34815630569355
30.82224859482599
33.45814407288436
16.946744660159816
23.771600226042857
20.42680792136543
17.874133667060782
24.83947109946359
34.867285466674545
18.894453703289944
33.02045798104479
35.081651366532085
25.92027153068865
24.250164271557907
27.570706537120934
33.044079730155374
26.317909646475293
24.415378394830583
34.59909468737707
25.25910623942126
26.0570057940467
30.363515029612774
16.853544589904214
84.60787869202507
54.950335132153484
108.60167655076165
96.74525136868877
88.1088860238638
109.30713207554616
48.64635672485194
48.12314606795354
63.675325078910014
102.8077969272088
71.2425423093356
87.31342320314376
61.377707791572185
64.17951745016212
54.37740468338794
74.40570605319756
90.24763444762286
90.4565107293922
87.10401973996869
109.17973898753577
50.05378445265115
61.120171653116174
108.16054773952018
60.344881547363066
107.30096361136863
48.3424786404403
97.31120934810117
91.40134717242555
49.048950228801246
70.58135629849906
68.22352971851848
90.52897481343636
41.58955158693751
88.83690513079945
46.69692277761014
85.02132923806181
41.05368975977325
73.63387616854007
51.25540919522447
79.83080060790377
72.01205088926632
70.41095794383993
82.7733659082773
65.04315075179102
85.98101224349692
92.80591064855275
102.07420630070348
53.75301769076917
88.54655147566982
77.98935568528722
106.60246599465948
79.52680333042828
91.53754225534179
103.27175921076025
55.177938021281335
64.69261475085953
70.7675992396278
57.2097657901401
79.67138839284013
52.97614229964431
69.36987096703506
68.45412748686192
97.6826217377988
73.45069953749467
113.64153612431863
109.38267319770421
56.691381399021665
51.892385129058994
65.632979801793
93.60213866279096
80.8157324172385
97.6302962672707
72.53109716424422
94.84835905457699
81.82886004738778
102.90735194499854
97.8738287555466
104.6308182835208
89.9930534243847
46.93395117124641
84.70174457341477
60.56043023405557
107.43825851363269
47.86550208699951
81.44925340705731
40.35321223160589
110.58342370961472
43.275394340839036
108.09327304886948
109.64624497293525
99.31657839459828
104.91458575964744
86.35134302912388
100.96205699181786
102.0359937906659
77.52178173612506
88.8361218245041
50.97427935129926
110.87014003301888
40.25826194571911
101.83163846618606
62.849602346600946
59.57076878218229
50.06517108974681
86.5655378058295
60.6017203423816
76.81214358638759
66.65329368740704
52.74713577430015
69.85250429797567
63.01355173147935
91.94192617378864
70.9405684332993
81.06519171558523
48.070378143582545
92.50938167528142
47.94251425459022
45.562751426360045
56.25227448029264
94.26471680509616
97.01754347332478
97.66320621022962
101.82580857612618
72.51484615437832
60.8833525473551
206.42894311335795
203.15349866309856
186.50827799615996
216.1146888975206
149.07081699690875
199.43817939458754
173.13224642965298
142.55125600982345
175.55550315425978
121.34149351951453
137.29365275594168
121.88646167001542
226.1557444216955
145.4248112800827
219.4960237467114
135.22869532074418
217.69883718564705
196.0764485004811
180.81323723034762
175.46620508067122
144.1581329617611
117.65467250223813
198.92357279633637
121.81487475648638
210.32843919586412
152.713270524952
201.489142038374
214.27420561044474
224.8189360912974
215.25914160709758
178.93599780804595
156.00843280845177
227.47740043135101
180.03786997704955
146.1159848542956
138.9078631620932
160.88974157719724
154.06802792995694
139.73297930984864
192.75864287720123
162.04041591434753
140.57703975798105
204.9495698246648
141.75879760836486
117.1596824079781
116.15295172824591
171.12600247330275
200.53012703998888
204.53827615180916
160.10243816385446
142.5941396151648
178.97750984292517
206.83707868924196
188.40723201802092
174.42678686441934
226.66600984028366
156.90861420807164
136.12840304401468
163.75804085022153
223.7278008222819
175.1831943061757
202.09128357567127
163.27086718149337
118.76082325556429
155.75751496229663
195.2868236343296
170.1416275545483
195.0346545633641
200.25881354821078
166.0165804960744
170.324380122503
202.44561674365605
118.16128998847572
132.07683299993667
170.4718594007168
215.0184036200595
215.3607286133912
221.50471533059576
227.1254379152723
153.4296676492631
201.87153337485088
144.7599997933963
164.1916484837913
206.18362341660998
202.48521537617665
186.55425297170748
222.6676283979572
160.7258785190481
189.87160574786643
165.31233602513635
200.00202861207418
189.33222450401564
126.74291680150804
182.11729535694872
157.2014684086276
195.81533276191462
230.5909791810949
130.4813523871149
180.14856570445485
206.69886585544435
132.82703517326195
223.0851446842354
149.52040114432242
203.76550078145326
118.7859978439475
150.28253681726866
183.88592282846713
190.68658573023995
182.52014219103566
171.06071312251734
197.13918272696174
174.274364686373
194.59470534250184
119.51134010083064
184.84045658475108
217.68177319080797
128.99280220186077
186.37821009127637
201.38008840299833
169.591708080225
168.99140085922403
145.40198674160573
157.06465054636843
171.8794598076978
147.3934446312982
