4.60182341564365
5.026557807706128
5.073034876572886
11.463471254313578
5.753805520284034
9.716508461536595
10.950769950361414
9.781629986267038
9.006896960074199
6.9096643041962444
9.915332013486221
6.290145844875267
7.984096993863613
5.059798732434037
0.2102762778784566
0.8761462000342002
0.8360261790928938
7.2236931599437195
10.10371061927195
3.714412279402696
0.0923799776101415
9.726786431408366
6.478983730015375
8.073561869617926
5.1442782197407935
4.5536811486316005
4.336773267966665
4.995269067206277
11.271079728337895
8.29387549163686
2.507718667186971
0.6440320344461696
9.420413636973153
1.0067392358327094
4.874531016924362
2.298157901718599
10.9371943048884
4.316509727046132
3.291929980146256
3.8052847956971014
0.7092747648901803
8.266185790650649
3.8300354778465118
9.529238124318969
7.58645026970528
1.7685890507558
7.870413627511397
10.790517798419407
8.431022198165248
2.4735909221253354
5.975002830263104
10.608078756570276
11.985412299072259
5.536951556577084
3.303903773556182
6.048969955296878
28.95460848339328
18.968817652863684
20.958324453757303
23.10996620509641
29.394270981257385
26.18962599464773
26.92942337712527
23.25344843698891
21.86761396576424
24.44026906603488
22.007056942626026
22.667424263542035
13.161595823417848
19.775663724072235
41.7281684398919
42.820111556996224
32.39163187205163
38.35603858331896
39.650730906997175
50.87422636790966
37.3710276299827
51.42823309158713
36.878143760814226
34.28426791712826
42.51509591256105
50.88335327435328
42.24394366806316
44.95426658695938
