35.676979232988984
49.7716434800668
26.54822239546796
18.296047922399666
30.3693770630096
19.171609564548973
25.036373338384095
8.302856694766636
19.80881712157354
20.091106663951365
48.64846070708411
8.202007865382551
63.915343892911515
48.430712206199935
39.07275779266388
38.94321292964351
59.10293183147151
41.714820173808185
41.39545593115971
56.870826016345276
10.517914308318304
26.037069703547566
48.40666432391766
46.62609022940791
42.8225292044377
10.614513105317513
40.175317869501846
37.068049519668826
56.969158736207675
3.662958353652339
55.17195069430868
28.619728828484387
39.68278278977602
17.33857125393218
24.313701293092187
46.35517787875304
33.91324853395122
4.997188901351624
37.599339819666696
42.63070526076248
41.775898413984265
52.27015007068258
63.359990892119114
28.32677220704858
34.64243283631142
15.193040078930352
42.344451879965874
50.4244775408672
14.534315755263794
43.93008362909844
11.100968369958416
63.9765407969484
42.84806907165533
18.265153482500562
62.885647042333986
43.8914893412535
15.751841341936068
33.65018519694401
48.22379136284381
8.446736416236345
49.8552151352054
17.647303517186288
91.17580921989133
150.0525411473031
142.5963587697533
117.51221400366545
67.54924644806049
128.05219135226807
66.50258458437497
142.54957736018815
153.76399745034695
122.06054126612418
100.43418862209109
76.59483198702459
137.68498509870264
121.56624238984428
105.27695211012613
95.89998460608587
128.77362294924808
130.40126709890149
149.37200919628043
124.37493963528254
144.016569671693
68.33728288623578
103.37414474067195
80.21169950861025
91.49824384798431
77.39027753693014
88.64911112160753
111.07284909955423
83.70978774459465
83.38634527930256
67.20452791001543
117.12537975847687
108.42533593469149
107.51340790585603
91.39566647919646
91.9138639394075
98.46270033880269
103.12027877830518
143.4628659300319
83.20382350620514
114.9383895942025
68.12638871335855
118.69963472191462
84.12724258809754
103.21347266395665
109.83188554886516
112.95018234480828
127.1461364269223
103.43309374947336
103.6992091725116
97.43776788459037
152.8959404961511
94.72382370976607
143.2690269777518
83.14954795031119
132.1666877593428
78.9891287752587
146.69192830814674
96.26479984822248
104.77368899093875
128.62640465868705
108.52494371516839
202.0977440199241
226.5296485679337
199.01403348298996
228.20382250819293
163.0740402142222
171.02239755042578
197.28833315222357
268.8215575094452
244.18902045043822
244.05676422438754
244.6222858801481
230.00646152607501
202.73583984937693
245.73285550057548
191.2386918443292
298.5138956677361
163.56262905994993
280.0913231666952
238.77634234100498
199.0397002253127
171.84925477193482
164.3101592462505
298.2636137106766
230.59302156947842
248.6890164011583
183.27991294197452
225.306937851549
207.78314699156945
267.61928659058276
221.61725787938786
193.03241907452485
270.5722663528269
192.04014377336142
200.49148370291186
252.5473046764218
266.9849904038386
285.9276554367432
231.39185788579374
211.7407052059044
170.2511190518322
215.87313687243676
236.5273212520633
237.69676641601623
172.471166900335
212.99063000683805
222.5556175724425
236.0321096044793
167.0180399565214
169.40000397133835
197.87003823823122
223.46837363652048
232.82558247680458
205.46173404154723
159.14851706615823
274.2591679179232
194.08863209209238
165.0195824161051
219.82061533390092
164.0923986550629
290.3790780090514
266.1784200907528
257.1040712298389
50.42910414007132
93.92844892259353
47.35336878683333
29.65004774733771
10.399096894015543
124.55887270220452
79.26348225877905
82.21125555218295
39.3971948762161
92.51763039506717
73.63218956287234
44.49178776028626
80.7617364033628
24.04660358264382
12.653180219800568
88.03171059250597
66.30656396129712
91.03164332896637
15.217078005134695
49.884251914934595
43.624388165926504
69.87326417137064
66.54157419879992
110.77922860771523
93.20634648649161
50.52928173848737
60.511708935517795
90.64983766614682
12.646899326120469
39.661417865676256
18.592979858426972
86.79650432246186
52.57218472986395
112.31246259194319
68.22740679544205
61.07141500887112
44.521913254127284
118.0730569855036
91.02576630433123
7.268344201918232
90.18855076523946
79.47313622503287
116.77540412790695
98.46749733224904
27.49813451199941
64.03450682555939
99.1505662794701
93.12512955876228
52.027084101183824
97.4115154508203
100.50336609739598
22.375253412963303
30.840935665007635
87.34611333166103
69.64288038699925
83.02631592199054
60.11432481864732
32.64745627199533
124.17811889596449
93.32790896370385
35.54391847322251
47.547593298102754
35.92523777178154
68.16378202885751
58.41277581713504
15.569821155506126
42.461855300319385
15.081877453867222
73.29932762133713
44.20661435311246
123.82360402805378
40.88045603279495
63.31250730370323
10.33393990957812
38.58934899276872
100.82066501449789
65.1731412505973
36.12961487333568
24.891231374099682
66.2067564691799
73.77034418322987
73.85596727867762
123.56490737776133
31.480373552353768
113.6852890168604
79.94856161737877
114.01762654308482
105.51197186882256
22.838315155727706
59.14785425999327
102.78472381406799
115.30402893304355
87.22660551395815
95.5799066783753
25.54794201945721
66.96095992473262
46.07574895759217
17.88954332447208
109.15785946978676
91.19723329594316
76.39054273348032
11.440892864640148
60.73390531688806
54.04700656186874
29.158597167623952
98.27822413642882
53.101181077402344
74.05609075551278
87.3370869549005
77.96032689113561
96.43005597760599
67.12212304961152
96.78605953957883
68.5793423438889
22.92907598706914
69.39787932241092
19.912194876048538
47.960046257361114
117.96131219736955
87.73082346436038
101.97510453591309
20.13635010979805
78.89568996789401
41.894961679616884
58.32823696494308
55.255516244007765
92.70514076606365
109.55235900372801
41.66143338439492
46.308822168285076
79.58648966609215
6.303336646007942
105.74497559793633
6.156264996000694
53.28621981560505
88.57371719308372
56.57524561888744
111.6988584039054
28.326495805650865
22.64043991622087
22.415177274124105
94.17283157805738
49.2548589865014
72.71740489419602
58.240265129827286
47.0391505237897
35.87220759948745
100.41733835457694
93.59312124871434
115.77820851473308
90.37027769505484
91.13151428060418
26.7270700800634
73.09373166502287
5.7828763981592815
113.24209863974072
54.42287100240123
15.350185918085778
78.2991621289113
44.53001633698425
115.49934114178902
68.70595493640467
51.36440220493657
121.52271341906615
76.04107684634624
111.13863385390457
77.39635477508216
50.978881507752405
101.57567871713736
114.70853815371859
93.84720465313495
72.18616592199974
58.958238902643984
51.474778184542046
16.643974367138362
111.49935334156494
113.20553256602177
66.44896582202982
81.75329428939757
124.28152356543583
65.05500912980771
59.248131158424535
62.19957733550471
88.17360794895535
86.0895799610784
87.19086399788333
90.18040899876667
78.995879026068
64.78052461227847
25.462674876600467
59.14475753360808
76.09793596673944
22.720538637216364
82.19829262771543
55.5605614379596
63.06030190590228
103.12379500770153
31.326602621717477
65.58338222108574
115.40044772705785
15.997681163314596
51.94378264738978
101.98308913166373
122.17770251663592
80.85999675362943
22.197675245004802
30.351722489865352
43.09879220948186
98.15198215279423
85.89312104165006
30.356214417143164
66.22077885760602
47.38824274343129
90.28716915109189
62.26399894411133
22.558845361145906
51.97881424977916
121.53104584705385
81.87138319509634
64.62928414788448
85.23795224383232
22.613089290475543
6.092295122323911
49.979483103535266
30.75772696074248
58.02157177540538
59.037271567808766
122.73482293227836
64.09832804237695
98.08273495571865
123.93907061622338
96.27254414402113
100.46760698329834
114.02206208785137
45.55520642573609
33.3139678059118
65.95709951968246
102.57669969750691
45.235930700862355
56.922603867398536
99.65365431092258
38.94100052458728
74.6880776147543
106.60969988705025
109.70279990230361
101.02808841838973
22.592119828482318
42.87444317013677
26.18564808834988
51.904097824935945
79.27990372607738
79.83776698946102
70.17122744800751
105.65392866845869
77.07040972885962
24.240754122339865
39.91953322261874
121.3048651391465
47.23953126862591
82.06807406618002
54.73787550407506
88.21347056235803
97.57759387319382
102.65588273631418
22.603919188730792
113.10159555074415
80.81914148432833
110.17205676731626
60.016063569814
23.98183131847884
93.07277814608562
76.08828056085858
60.71574867584805
9.880128676655993
111.77124052703373
104.97307631854831
119.92301475306132
93.85719441180302
26.867130869790458
21.74051978459488
54.7411339122164
36.5768548944411
31.692569456235788
99.27222879657023
62.93689593239497
80.12186553157535
120.25227051588453
70.43407415328345
85.13339982061787
31.701691540714243
41.824504859784454
63.53900338741733
55.49520590277212
60.79124962662768
96.531070306787
18.501100308412923
108.24109699324504
58.907112341396875
26.182456489770217
95.59528347704564
118.00506679537685
12.637206746609962
92.24355093839198
60.30870474268132
83.56499799601737
65.04956359585523
41.94594398530481
113.92963508211734
8.323757586083417
20.738622276117987
95.42182392490038
11.95578351498883
91.01227073348497
65.93397042593185
45.96182088589087
63.42291051944289
19.263279838206437
23.2955964322771
94.5638757977541
50.381249509482075
51.77383237397982
103.80194420497327
85.30032929610695
96.92592997077945
17.190425716451216
21.670952635282738
59.49017825514094
31.051388062824614
58.71549279510568
80.51948238391181
76.2864465942973
108.82701168815069
85.4250173608308
68.16164520259527
29.215453635575543
91.7963309498606
46.14348481172773
114.56595382824001
104.31063829242963
17.319864362496908
105.24481633196564
59.76278825019517
7.524713257293087
83.2426072782792
58.18151498263508
115.30865053927337
25.770040510007696
84.35702788058121
43.5245212512066
101.2661024218981
78.03473897535108
89.12048889592845
16.07199690746205
102.34230418335221
71.47580261787533
61.83589974513779
97.71762916105672
45.655041009911
94.80471713064156
14.969843932974115
74.86256549026817
167.4537346895189
186.313241461142
159.79178092928134
182.79159058562377
155.6559984955281
170.05995004255263
217.37441682913
168.30599628182475
161.94222654713133
155.98433799315288
171.85566445872803
182.9060069533695
166.79742762420085
216.95415575607637
148.47967396337097
140.45304944446667
131.19262706503486
143.8752030237392
183.289783012334
156.35956055675487
197.8900318560922
156.52712476722357
206.81789007472537
162.9960384627897
150.11282513718834
140.98420752340914
179.51927348636733
127.95541896388895
144.4785502981534
143.03054477778315
141.24400021658468
151.79707149118525
193.7419749902606
183.70963169592912
204.3318642680034
204.08911089501962
164.95247215740798
164.7931707851924
148.99974385028196
186.33365364171817
134.46331930714686
157.0689313857652
150.82865727963662
153.76472085014856
129.10901582948054
164.54172689044663
167.2190095502564
138.50169272675566
187.87282798679064
186.86800824873256
161.85303494150938
182.4456662720638
195.43088465921562
291.9494837336023
237.86452592556498
303.16867224534457
236.17660049477146
281.7097495310461
297.78234286806185
234.14557449743927
283.3065395672944
249.96955999701464
299.95559539844163
287.22664862466644
292.22871188881595
227.50593298997933
