28.730692876136075
43.7831664113859
48.150821548633004
31.781452964960618
57.122577137620354
27.13703503122882
61.34481994517313
54.02992039331358
46.865765770561836
60.63681400648473
42.191620741367956
2.3859529771108257
12.31434876997897
52.80927621575805
30.78058615594158
38.1569117367947
9.319150864482246
14.702154407801107
8.956538849449167
21.662512728686366
32.028425919571646
16.29841985508986
39.71357862484711
35.895766979531174
45.39109775310551
50.59864911357272
24.455334179723017
47.362909986866086
58.25581380083533
56.34497047762069
29.320012022240327
48.46614112054094
44.863865925788545
38.95194049354939
27.908780537518428
11.118393166230383
36.69330996266565
39.1771067073931
8.88370935949363
43.130229579165146
20.606461045897582
60.809154862907874
7.418713216185317
57.43308647165399
47.305920560320274
45.64136295977997
51.356440340937255
2.4643164765386416
22.431199391293873
29.811839730844678
29.108729079916582
54.51563498205661
9.1970083734778
42.74264826526749
2.432161779711354
18.83351665654404
22.60373386473166
25.793699059689636
9.615192183560978
34.980379572688115
29.272309288961583
15.524155588062083
47.97043801224479
59.65411943939381
23.949273032943502
35.645512579514374
20.394247857192873
42.16722154986774
44.19631731590775
16.26423878328935
11.536979310617713
26.375923657356175
59.73499456053987
6.944829839240832
22.21386693519108
62.443780574741396
58.630806981118695
38.58975077261857
4.807661693956518
35.34837139770404
9.246504451988322
45.82769148255064
54.239697287038396
50.90513590760965
16.089895196786077
14.466929718811528
38.28804724061473
37.21254469056803
37.10486007058061
41.053496794622255
35.76979355234065
37.84707362834574
58.22868228175027
47.556500437103004
15.478824444383356
26.289563045537257
42.72400318297059
28.318498532741465
17.465488440688016
60.05200771301939
17.0472042965841
21.72301450216011
55.066308443956245
39.53520791369205
30.029412152049048
17.156066291680244
43.55886790723498
58.36488445184215
45.15424136611064
13.152284873907604
11.278227596154093
25.742563373197125
34.31497603250634
2.460764889389125
48.84259367347285
128.00848797154146
81.93350091315239
124.62828746481556
73.00429825491031
127.37415594730193
84.26544863842784
126.67884198848903
89.41941128180386
121.96635522427124
66.73078390520412
134.99707915277008
115.88689897111917
107.13795158711574
90.13230873004429
113.17675208835237
143.1091894740887
138.02536962917685
90.52421334189582
87.13345226119696
335.16813955649917
285.9712271088254
251.54145879275768
251.9569531136465
281.709542999777
171.52512582997954
214.51839139257046
365.7193618306561
261.8439095720705
199.05542593930903
223.04125700421014
153.0441626496395
366.90278195682043
308.7297656765361
350.4688026876685
326.7540591964166
166.55876995851753
190.61187491268163
220.88201480966748
