45.5196405054533
10.292115625991135
25.339427991521806
39.12209801428101
33.320459396387584
10.935677845635393
30.428778671885155
18.501563359407474
18.86649441723059
45.34342786955521
15.721779451710297
3.603033669497453
10.663493465777927
18.531136518239784
20.45233841459728
37.423297201261335
43.34162707504002
28.75991872224178
25.96926079508875
26.24081768257955
14.377540459830724
19.244053611307194
33.494136402439736
13.12473679613581
7.374944223056982
19.719179505341295
43.3852311191753
39.57235830751825
24.779934095089857
37.52331285661307
24.531215023677042
13.392328014712936
12.53064125555861
37.09839023177911
42.95647398239932
35.91437638060555
2.8554581284361547
39.85954005371043
34.98290297793516
26.663990712816336
31.306961568503773
34.94114044612543
19.44903770934291
30.511041941838947
6.359740382811527
8.562930805482631
46.705375962705986
33.9567125821452
36.77949690879777
32.73547651630981
46.69697524212359
36.84632873372553
47.64221319191323
36.99926441772982
16.53264189769885
2.382457657604423
11.579364440089615
29.150397470209157
27.940319967686822
11.696013332667649
47.68419026211792
45.7678435474392
112.38474562217564
94.4854528098167
102.87087785005632
81.47498529577933
71.6195508281574
67.54200699559739
105.79481911988603
65.21411113834816
64.26012684538334
64.30818477403204
103.16798271321744
89.61480877797219
104.35631670476685
104.23485280264755
107.0760359107758
93.7355092232022
73.64829281278736
87.43238402337808
77.54295070278461
67.77072104262275
102.55805262007453
95.80993078676835
102.24246457462169
70.69784185535107
56.891493203404366
52.560120661193814
77.08192959945343
86.60578438555196
79.97301459121621
71.8220842624482
83.6125979890034
63.10780434519469
107.6417610851151
95.36664477286399
60.93540476221583
53.375674975033924
79.03520861089144
75.3824263814112
76.24844256131111
50.46078988252992
62.913728429212014
59.23463777114655
87.94221971639243
109.18429900770384
85.7379099578202
115.24847247927949
109.15613771814817
49.15013520135147
108.83689225211683
108.10015423509212
101.3234967835429
75.49495230268151
82.91541910199041
85.24331130976067
73.88396260204519
76.77288203702375
67.90827929408357
70.37742275335637
85.16320995269896
66.60763483774268
97.60582902069903
60.89312992377772
145.03676228582535
139.58831559035227
216.17538585118297
162.87901968249673
121.61645073544024
137.93612680297227
160.84119091217633
194.0509894898988
230.1073603601492
144.72501042337558
138.51749740389948
196.78918803879534
157.9204796925341
208.54799634269392
148.11742113066853
203.81012758263637
197.16493202953498
226.64644527460663
198.86263185452805
167.69251534701073
149.44253025640478
169.85850233387902
119.21498267992285
208.557944345293
216.336610590925
204.6299658008533
166.39450764454816
151.12147790170698
138.28108567303983
160.63861617019163
151.37264282866292
163.81037478347596
174.6597822387445
222.71643908393202
134.5851764665028
161.95328650785495
190.80939499740336
147.7451468230316
232.39230908215137
207.73558820505477
144.32597606985897
188.78454137158465
200.7455050005215
167.84687271272836
152.13910318874318
183.80007233181672
176.00608138144716
131.67333067767794
158.95206962670503
182.84058584898992
189.16068626370483
191.66682096798127
138.33266840192258
221.92433924005616
164.40685359271237
191.43191129990652
214.2710791601692
119.34395576865731
202.35107927997416
137.85023986439654
217.66162046581294
147.92568924235516
26.848159678875046
48.643334472503646
90.7164204973817
9.432047155997822
55.351122275781364
85.11960509572727
48.988991171463944
87.69675112666883
66.81359391110871
74.59492835858777
57.33698109285706
65.50713068227144
85.68035065431957
76.28307397548667
53.622273870542756
75.84246426970773
13.616981234818795
16.567895835300355
46.101226460328064
9.781387310989757
8.127396698130752
78.106313347633
77.06525530806479
74.58367580294812
95.72305754570237
64.09830947865643
52.43149373321344
100.07800710944848
77.19542888372892
78.8943940178848
87.22844554783968
39.162884983253306
67.40465621480011
60.115819996863614
97.26851004911362
42.29070578477681
40.94313700884199
45.99793983218913
57.19059154728901
56.68229752901475
10.302503461247653
71.74651537762222
92.31960030606668
57.71471701986939
37.01182917051741
29.233229289572414
11.961778380982707
79.89555811242047
91.18475983259266
26.442156333924757
72.65527770103243
34.747485367146496
45.19048499211179
26.605812047402875
55.80699201417499
28.666950903229736
50.68487776263247
55.00854619928052
65.67568606674372
75.58087915415882
31.50559924720641
64.44172802524714
45.95866983961446
15.94407398985129
23.16975986510515
49.26984527112097
49.675150456430984
86.99901030630303
57.74556378481764
17.515322657274943
60.95703240609858
57.74876545792601
54.863203720851395
88.66748185452727
77.63629601261674
50.464237718117204
55.42207508667688
78.56742857351387
40.59897987933598
38.38928989270563
87.19530592786396
33.51403932165101
38.66258174833422
45.09452924604659
62.40140738455261
69.12318124682089
76.07980415799862
38.322196692179205
23.469502443597484
47.976226393555336
70.62783740512067
58.254206919105286
89.93860850872481
138.02491591806154
118.361071828173
123.23887274426238
128.0254636726173
142.5420439079846
139.58693111442895
141.85276664492173
128.45241060748936
125.91539441601263
148.1061104742172
104.03339646149908
110.93929938267698
141.15329012557038
142.37253782147175
139.84936860875442
118.80861031620266
125.14713092339574
138.06313266417388
132.11464893169423
112.22870270275546
129.56877480824565
144.8666952566337
142.22413918958375
118.50639121061367
129.15221233719242
113.41470355739796
146.40681920010974
131.1180920395678
144.43440902208195
148.1181207242571
115.3020791841765
101.96314935455545
112.9477116326531
114.62482196619817
133.95382078498994
126.91061885913093
126.9707801523555
107.92401709939912
109.25368756728119
136.09390417778587
115.0167423541531
104.96146500931145
141.33894234210322
116.88849802614546
101.11232467922264
118.17887155882148
120.2359632812137
142.43453041843182
121.4087607110312
108.61161638564415
148.52440422069844
141.25967641558466
123.36029353975042
106.20674433317197
104.675149154006
115.42196057238986
120.95955784468181
102.71165383109812
102.82718643561428
139.52814577274083
143.81111744634046
108.17911993250598
119.43344922614867
117.26434913902028
133.02899202632378
124.79424563171422
145.1086133105844
104.60100155787023
130.69217493620442
129.81841653649562
132.9560902024219
139.4427333455086
112.247706898895
115.6837549224457
137.98711534088332
142.28921217956207
126.49097242030764
140.89753182470736
141.81392384771695
107.52340853930453
139.47421688860678
144.48133199822422
113.1802077782842
147.0216214232158
145.23645378498878
145.10562785279575
141.44736883177075
114.12369846446084
115.08863168136601
112.78335389290436
117.11888734805191
104.40110321553857
109.23045703444296
110.73040433459816
118.54503090098368
138.83390620669772
139.74654120706822
131.56466585761564
144.56086832940514
130.45188684891363
104.8541412669931
141.17862548817953
110.92726700300463
124.72813938512122
112.50838093835725
146.75170746838745
124.53434222149552
128.4651971321927
129.8085795306476
140.9354554232612
115.14676804598584
130.6411175627499
113.21910644660508
129.95707311616536
107.86407749993076
130.95481260888275
122.57254244318227
142.86912648545507
121.62100447280434
130.01795918314144
126.0854741890009
104.22126447647724
128.98927475223036
137.83736036189143
144.9434705013634
135.07752553178887
106.2003493426428
122.63458004136486
130.80816722016021
134.20415990607947
145.6391743040393
140.77887263259547
106.21163582449017
118.98642737771699
126.38818153691307
131.96683853500727
132.37616013971018
135.23531072958014
115.8395738414771
127.97176701083109
104.85775934581152
141.17919736318981
142.91801750711736
141.00160795755534
129.94005208582257
138.56224065830554
101.90452482624698
139.12243169829506
125.87885318793087
147.79847088284237
115.46915828010833
117.88897114754515
116.58457875411716
107.85144197888499
125.88325024393723
135.0096097675656
128.2646366882797
114.07295290738863
104.03188353648514
131.21257295395182
124.10917165894911
104.69266579948653
123.09872318057691
114.19405827103037
143.92050373171244
130.99255131042784
119.70529356312313
136.79234472016984
137.3483739422156
101.48583871005202
118.41126278885984
119.97037835346694
123.90168371305757
106.14745765045713
124.94545605356718
124.3172458806985
113.00750571760113
144.25124870191328
121.72649826091914
124.84694000008527
108.85085756679132
128.002340178204
133.0553625454273
110.0549154011397
119.89558346702493
110.63193505147808
128.5406453981449
122.03808993512823
122.40168140504183
142.41866074057117
128.48401011990646
146.6568878323549
101.0720932751557
102.38043912287536
136.36059587791812
133.02298136263028
139.0386356550071
120.98931353260669
111.60660080345428
127.5516562836407
133.26220206896915
122.08520428480048
111.22185144322184
125.54744767935323
148.9694978031257
144.35320435066615
138.9419421912471
138.37739056560443
138.8030166732492
137.66613055424298
120.41868236847534
101.84220146630388
138.75698633589786
104.60079603658932
143.3725861591187
115.65240308815297
114.21618241618162
124.30392139713192
121.06291442732129
137.5849534036431
116.25348243623122
126.12071226908651
144.32700001570598
121.86205012727613
107.59923510035512
119.18103352702755
110.39667713265625
119.54720711330626
101.87970020290265
107.86650288218553
118.41159571020003
123.85200085314318
104.41860276788212
146.69557958695765
129.3537260062613
131.1927345678679
141.90744449738324
105.68522077065448
134.2910384736932
144.3219913702227
127.66498153573315
147.89285183171367
137.01680457246096
139.75825174377292
119.14238073367754
110.67968439445868
127.40497638087975
134.51711495585184
125.54981698700433
114.8081146613132
121.02633458493571
127.47734801470483
121.82361847869684
118.49218561179254
145.71755108853827
112.64453541646733
139.00030639757495
111.12144146066596
126.1697054267739
107.53965226609571
122.9110721203859
116.24447028768887
109.75567487560023
107.49479148714371
121.26673818343436
125.36581273834425
132.20155300087757
118.12419810857845
142.29400427020062
140.6681761615731
123.93555997851128
141.02488541224915
119.13474938241916
107.1943599866147
112.72946234924224
146.26782660918323
141.6464167906566
104.74028915663442
124.97356023211
120.25199382896659
111.149110072571
160.07579083251196
153.23951134177034
157.47520796728335
150.7665222865726
153.38819724470636
164.76118254337902
153.86273773663942
166.15066432169905
157.35885558173996
165.59170428924946
151.3700783716624
155.65093423874418
157.43753977158897
162.03700327511098
165.92000194474858
161.031756964181
159.86893116057487
155.62878899689653
152.3238807469407
156.98819534097416
160.62654758929293
155.58625670585596
161.30224070271905
154.1174060594894
163.5584627842523
151.99428562265848
168.79509829865756
158.0971467214488
159.49521229665183
157.29842466737463
153.78260239107757
160.73921340922286
157.86996317942965
170.59442336013842
165.3209574882612
167.15192871210894
161.02047187815157
151.19516347871198
166.65496451536944
165.63036866762357
159.31172162258076
166.41165717599984
162.29684898528313
157.88993518864737
159.38417363037638
153.67895879494918
151.53836143546172
160.73582537886307
163.90233102336023
159.69079190830152
154.29900178860132
168.38812731636935
160.20522168705477
150.86359261341056
151.04047914792648
168.7993727897439
166.85442627666978
165.1674292245517
154.70748552144883
159.64072536261287
149.4622130512982
158.67272426756264
163.8710142319117
156.19260659769054
169.04592144719976
168.28122012417796
155.2456236397377
165.5789245337619
164.83153199115543
158.18110006521022
166.6231955503609
169.30192803227465
159.77013607976187
169.37847087254502
165.86244714055167
170.65985076737795
170.54507264497926
153.2774440007734
163.14840867718496
158.005462443272
168.11303265723564
163.98150627940976
159.141759972033
149.01948617208606
153.1089845130397
153.6323598282504
158.80683857028404
152.93337896206444
149.62624671469675
159.7471235355847
158.0965224815852
152.2005519553357
159.17990415278783
225.7806511901163
203.56380311609712
194.37754839383945
189.3100754595353
204.15792200908967
227.58656741100145
209.8967400539049
215.81727887664505
191.90153409502196
219.2556328278377
206.28165681549515
200.06318181888582
195.0723973847303
174.82862660756967
205.71683836419874
181.77919985347884
171.5955961588159
214.93158743004417
194.79473036906055
199.82166913550188
208.79564063678293
197.39580455960103
185.20068806367755
218.2728189865558
214.39984210189618
188.94095034258163
229.59130700323942
197.21153628782065
198.8716135605459
218.1264697874746
217.18952517163575
224.40632526190475
198.4352145255922
212.6286171457719
185.82824564664867
192.9735443837414
173.4259683483939
212.9942949370567
221.4017960394118
223.1784238849385
191.853508906758
181.14614445358376
190.65297488089146
196.7626622063582
185.6480665587547
188.29193725301795
189.0081865721887
226.02734376339615
212.79597036583476
217.87443347376183
176.51060072303693
213.55226466855646
206.7143159646046
180.31405257530272
199.71410321469284
180.32519897236114
223.91158499941844
227.57284965652087
204.09140195927085
174.06263579201413
202.16904083119007
211.6755261071506
188.85704078308316
172.6537559339411
210.10867658520965
221.53247468896728
204.94947564061644
213.2880681260514
180.3637285797639
200.8138914964029
191.15183498342623
201.92112513821144
178.04703299880222
220.27703603032532
202.13073256444682
171.55536777766577
199.0962044185989
192.57671333238147
226.47063466721357
219.48528955894201
201.78220785796233
221.85936304392786
176.29260885183555
223.88975144829334
224.45020653503562
212.4822696727516
206.03640829449958
199.91615988153077
183.01003363917096
207.61999394713166
212.63552009196323
198.6915725181502
221.76997651134843
223.0256399500591
183.0308106169305
211.7204235860324
191.75132468641334
220.15763099511057
212.87770914309579
220.05127424069994
177.7370675235503
221.5733813050789
212.99232029088031
194.40513851095344
180.6392260430131
203.11821179789078
186.59131545994353
180.40412363848662
177.73235582983148
200.36893239800648
189.8781825880311
215.9104914701227
207.6841979000676
211.0964420472377
230.13497332271365
218.94934031815313
171.07573020220522
200.63432713950627
182.9835723289212
212.84381564379822
215.56235393073302
181.40898165056518
222.23480323097684
199.18904432776606
187.2049088219598
207.86392694671554
180.9533431897836
184.06876975968325
199.88033305397147
186.6917842712154
200.07047951933635
195.6319818590316
204.95985366900817
200.50787148480114
218.29009709581086
172.11897342853342
231.05535656479856
193.33994588458742
215.27722212789644
224.07804787275512
187.0436065928592
223.3989303519005
178.66864960461007
198.26368669504072
226.8527729154534
185.3654836725925
172.4996188494004
214.50375812036708
201.59476356374878
192.9738130604889
208.90636452415282
230.35901449731446
203.52311862911935
197.45519848781547
212.27438446356734
221.8949655558965
214.17526954683981
222.2910613738132
198.72722036687688
172.7147448128277
200.91225476657613
223.2918953815211
184.69608673328415
232.173340221709
207.56358561893455
181.665478654497
207.21664972955352
194.85119760842423
230.11867760317224
212.94717743820007
214.7644473248828
194.84158867197957
220.22241795538326
216.84950237427128
191.1377998828125
194.0847725608683
182.36257756874716
206.45602136439928
174.90009858401504
220.04529390758805
171.31830865142823
194.18850295417423
182.2907677916145
183.64127490645524
224.89456387009648
206.7553869016576
186.65191813915274
