16.26975969598351
41.16893090586245
35.0288382122126
11.403510128419573
14.39120936091831
20.384564581926625
20.80790968783849
9.415779036209255
41.917704547395786
7.630953726438946
16.739269884005267
24.89181300214658
20.081973870553867
20.614777630879708
20.097924223139554
21.7684022457455
35.688022929019226
12.370803644034162
28.015903445607936
4.127550297906616
22.67163436492784
39.58711194586162
13.63255273171634
18.786993386322685
28.574923709768758
13.003568184972092
5.539245602294116
14.284221402123896
16.055835632069254
8.709540876770792
37.408849267387765
40.65247037851168
44.1127223790242
25.183458611072542
48.02545945531992
9.557452860641483
14.912549368483342
33.647415261812235
39.16130999159153
2.2104576685479955
36.020931273374885
30.395703924336292
4.1583175753749835
40.1476647996799
29.655221398191337
36.335365440925244
21.635453163102035
14.99176320626374
41.596480079838294
17.501732015310516
38.48601080991712
50.4598160941492
20.93355981537882
55.55480665641665
12.303633039938727
31.634186750588192
55.88565311211653
38.2812104713647
39.640133015124164
10.61945522144234
12.905893253532737
44.93634115530805
61.79439287977844
121.77506695754207
113.47922573640058
73.33122010339997
98.29150875254588
109.14641035205359
78.54675826749022
92.87695754388447
107.69350833464337
108.52642727519267
88.49219927665897
94.57177755300792
100.35955872821988
63.055197956082225
66.09134125082558
80.33752164676136
74.29094536615705
63.59023127955116
97.51922457851276
122.26047577968424
125.10080493798603
121.1696451302288
76.56723370803569
111.49537488544922
116.01641350493493
92.53640803712267
105.7252181926041
85.46671341753877
116.13208279507366
95.92598726661161
91.99814507398185
130.48192093398688
126.94126086295854
106.80515294152086
106.6152102711551
120.61762224684851
95.16628579901577
88.53428687951617
94.42448538503825
89.45988233284498
101.3719361946385
121.77420136742623
96.22418856259372
101.11669888760726
68.0689903054206
57.78228735857426
121.30208567114792
101.00404193486033
97.873462380228
88.66843524381832
90.44665042642852
71.98197817145245
80.91653876563872
70.73032847239344
98.21520700936154
59.11342024497469
58.4897362963097
91.44855761421914
84.00719151456119
84.33750787758142
94.8625574175423
83.87424427728102
135.4946875807193
138.42120255520246
193.97485661515574
191.8392395217099
184.56839939974233
135.76851559485
181.81592100769163
137.2041637475556
152.68247283192258
199.75156858149046
176.113125790183
141.76037691828788
230.80996801083955
161.4531051998717
134.73206147972047
225.69294121505027
224.10792413470466
198.68140536321798
217.21568542416625
177.582768356608
216.8764222323013
159.60097476841887
171.4113060460866
194.40518916482256
166.33041217344024
186.3123636143036
159.05207217366348
171.37092094108277
193.45198893510647
209.64549365000101
169.26049094360837
216.69723744408876
174.68401230032686
135.93866121414163
153.1765735449287
159.04195684088612
149.18982041812916
187.433172206709
220.66186552408502
196.97878535286878
141.3062800328838
166.29027893000816
173.38070567157118
194.34698191034738
212.38804210895063
185.28248751978782
174.38274857285532
146.8883560676924
209.40295687890662
151.05762361149473
206.52961942499735
218.4641327405655
231.45643352326178
185.2444697071283
229.06859626226696
195.82029568965555
151.10170196672803
207.2490801728403
190.3847699614678
150.0582511030362
142.27923106018247
156.68152045346562
25.915530849360575
16.92093337711595
35.42143714967225
15.610981054221911
18.486859867511924
15.877089840387347
19.097047851861564
30.873864210124395
30.376732660403054
20.06228928191302
22.966863068986147
35.40428014550612
34.25540566931276
27.915948241856274
21.976995319764526
26.14106880842705
22.46664388192117
31.360923353775355
28.186700305679953
14.651441314658415
29.110368885297827
22.530031230647946
14.729148472495357
30.19084113442803
26.180749843906533
34.0817750208443
13.714205121358113
34.08297566497178
24.990779729777326
29.815262943063345
22.99824056750571
32.31273484065536
22.373799315683293
23.178435282849332
34.56222263154069
23.639394172837168
32.32604735797487
16.645711900045715
35.99661067836707
20.787833581206492
29.433317496159848
30.19600043198463
27.31572874245225
23.91393251708321
13.488760121595796
30.669581011907606
14.123219571424542
17.657313123144164
32.05313907795411
32.06215275697443
35.77431069711781
24.88223153553207
29.197749043774678
19.740108162977723
18.446802521264047
23.77707928302775
30.835649191782963
19.44203619179718
36.82443327506486
30.704582920163197
13.665524609418652
22.769754088090586
16.311451781868595
32.95298601130475
35.47564103066141
15.979522386645742
28.030659386538506
36.15535055978906
13.481777401591877
29.333623453962126
34.24103695131776
24.653371271717123
28.896858138569115
23.81222306346603
24.203169409940866
31.24142492249736
22.061666213673956
20.44223414946336
36.045625278907366
33.25154718710877
24.152472848849012
18.626226140301775
15.322732939544423
25.386890946356072
33.19090818579885
21.204005596621926
34.328554286899575
28.959668407308286
33.22776131658114
33.92465781100795
32.08719159101151
25.43884942875714
19.82711986903786
36.812405509169814
17.32153676087646
15.917958964581768
29.850671878808956
25.720006886099448
15.833574744829697
32.35654742907559
27.233253137588907
28.32047147857952
28.283136694117232
23.196166102906872
28.74152430033319
31.179636432755444
36.705656927911654
112.80360275684323
65.95898133091646
71.00583691273384
66.15874342075361
39.70920360648186
110.35063016743831
87.97610295584249
111.74356983500047
103.72436954843342
54.011329878562236
92.36142401181573
63.06366508162803
114.45589054214129
57.750208937765706
85.91345922892899
77.83252842238687
45.81733247210278
45.86291957525731
77.92972756261862
85.72648656427192
53.1145318954667
60.08818772450484
78.76599838797574
95.13405075184099
52.24668451807223
78.78664854129568
53.87998116802251
59.072828885422176
74.96472278900285
91.4464535832376
76.0314937735801
42.608039169887014
58.01416918510411
103.43431324684903
74.07173205829542
91.11193414955493
45.73728470401379
44.80979971805027
110.87022852305435
51.46876877139056
80.50856533860568
83.35238493143383
84.38873081588554
68.67594013027093
90.7268368050023
110.2336454764717
87.95204008592255
96.15621335940382
55.76808490426737
83.45459179677648
110.64241133300979
55.359865621228806
60.04326394001127
99.8158614300905
81.11847093815656
47.07461594797143
64.871702405835
68.79310160270813
64.98421980749389
84.13719303531931
37.55343716080295
37.612196687809835
82.72718494623906
81.18557423157144
101.09240827039203
68.02895041498066
46.551809344420334
41.94767659068939
99.60229806786603
74.13262211325824
68.18559968607455
71.91368227084753
92.77335635820495
62.91628219501575
114.55152254258996
62.183698031379336
84.61491098108218
67.9292307702109
51.48504072831027
77.45275274932244
51.76577726939529
84.86372754258724
39.176099219624035
47.33259493781108
57.85566094066567
61.256776634035816
71.60275273861583
54.41174124038314
94.8976938624044
51.756594311330716
74.21441402978185
108.72736456849455
56.470318550361874
71.21923701738456
75.9203921239646
100.00608830865053
90.68403121776306
49.004919733001955
45.43731761945967
61.477734071403205
102.10314621412965
108.11238302540237
65.23651391919252
62.38110293248612
68.393474341271
84.04487823928139
82.20336424077757
174.96270966877975
135.4142778919833
203.33252169503677
180.76333521922348
141.3399339177725
206.53464190118467
147.03700155505481
193.86423801446165
154.278090677286
176.04801613600063
121.08108737188088
182.64021788703636
148.98227482540622
171.61324983625795
162.48455171181627
183.4846054145425
200.9371616725931
137.51810939665882
211.35422868383833
145.6129829386792
146.39512465020093
183.60126152656088
151.60000562298575
229.58849843757233
167.7671888471681
174.34098546599188
194.6136469731288
182.14616824472148
138.77420168033228
204.40112431789544
173.22935914216242
189.3168232718499
229.70610506245498
158.60869035763957
166.4447132761685
154.4921350424591
215.99237666315693
136.74175163949766
155.96304249893262
193.60993406048902
157.61791697036224
189.8578435080135
155.29094360153326
184.96453362482288
159.639482122452
172.633869423788
199.3081856684223
159.69443460363385
229.07029433590202
178.15599965590408
195.58716423601376
198.00107881543133
213.21243470928215
193.58461797294314
212.23159273951734
168.91219266345678
164.3336420906489
181.68928626921868
171.43111434111043
173.63822540298722
188.71823285943563
153.02462890517322
127.52887271326108
207.0690735275319
133.18138730314126
200.36727387897736
167.02698817379186
173.47878030782198
175.3319466305977
158.55642100712967
135.44034854611607
204.20948393080326
227.2032600102373
143.18983871883225
169.23411744749328
119.92930554059356
152.94022429817542
122.87401622505001
161.19319208255138
159.44774590302663
149.73914567663883
223.8587783680128
193.47156428970501
206.057827183134
132.62299928883937
143.63966127215178
213.9449057038799
230.60694186586156
170.70357126691135
142.16163367297588
135.86277722415994
158.32865219726446
154.38441887363746
209.03858264837186
136.77372188923692
201.2544627386975
127.692930986133
153.92817229823243
128.6287902964944
151.83131750335062
184.1793810357882
190.7950474049254
220.3913916488683
170.2980548348818
223.07779693532015
195.41563937834977
128.06583367746504
221.66902073361388
137.13818350441824
162.0693712196999
125.86455520095885
186.9053395363029
141.47833333203656
155.67769860584434
167.440658609647
193.38211699921968
181.2882411886992
191.48113596637378
189.17915524839475
167.23769425731015
225.7075010307045
119.22740770343053
169.36439376517157
141.62501418145536
154.63307840079491
119.72458493378139
183.2673845241758
143.18528516998882
153.04432914315257
192.4312622810577
218.0384868459486
167.73134066720027
201.9110806345826
182.1964662509051
177.48154173569733
118.67756491766374
212.9322403538898
161.17238478244897
201.4649624651625
156.3221707111988
123.43168259992001
146.17938433885192
167.36539227972992
178.1839323145214
224.5693713811532
151.85265501573022
198.04030368854055
183.6137940976327
184.4624331139303
181.9471768236321
176.8436902400439
218.35027835708814
214.4771105354431
138.7762359081979
171.83419485839204
165.32918817633538
166.94131657631743
134.30099538675475
211.61870720083147
130.58605089933678
146.90070191529466
136.5265755631754
128.23543993325097
185.61735317811343
134.4741774205448
150.03640089050955
206.02558972334546
184.87520164737472
218.55900524097092
206.34647368543204
219.94436631883013
148.1982887571204
141.49676293877536
144.39636201822958
221.07515176605085
159.86585877104173
176.55265325938188
208.96312503009165
180.977501390702
179.48666107607767
148.60534901789694
187.87670652760087
205.37683091471982
149.8492502106771
130.65164339956576
134.54234994032433
219.83444166562543
193.21418583599836
201.60911330006624
231.7721925186871
187.21577830599813
222.9586649370923
132.78951832203995
186.21458068868895
148.36664594586506
170.72614602875888
197.35652963693246
187.15039237334892
128.1933822203435
171.80689324034594
158.25346029031988
225.04529399277362
199.11142533725294
188.48322825536385
193.1182293772408
120.29015806219073
175.8580825311132
217.8463786158258
144.86990308144487
123.78815613597718
211.81638985674928
208.11551741113857
147.87792393522736
210.86339638689338
