44.87755716762777
36.375976861953774
9.554699867530303
8.240135459979317
14.746215268071301
8.575042163606488
18.096123047128764
3.029916829881522
10.05746323954957
24.707988833710086
34.05694968149791
40.61442685064124
8.390758988841622
25.958019947080807
18.954584578605584
15.467666870163264
1.1624049679038428
9.168941516329568
44.30675457606587
12.733109540097557
45.81405811781189
4.4627934626765615
18.731985321633548
12.515673281789908
47.1433230541776
4.691054015787611
3.9666325878290465
45.76717693081002
16.542580193685822
35.939447646139385
28.97266003686754
45.95333892553335
34.97157076984216
2.519526953046345
26.275305853520084
33.07310655471907
20.74430327342843
12.627953961070396
28.71796577218104
35.52839020956125
33.62953734188796
9.717207044716156
14.469840422682207
8.921235591552952
23.74442521369098
5.775635265554769
24.846048489886904
31.201506662816612
23.68557544619224
6.225861459529558
20.368527362273163
3.799925035862163
6.969577021073441
26.517190521772534
1.475140301450459
25.72064228504378
26.10778753035423
15.955923574321881
28.010335768409572
34.74145268488433
19.022915860185275
19.53723870470637
61.17126473563449
77.64356924990554
79.09153824507256
106.73022373581888
113.98743179155672
86.87780893038695
66.3897754310709
69.97701009229016
111.40502422764467
64.64847280097563
84.11802311184276
89.40352524838345
67.04416480039207
79.98809760885871
49.45311806472838
52.52931085807354
107.25477398502255
64.53017033326088
89.63690100724003
75.25908270187766
62.68029872258194
85.00229434357556
86.90458336698407
88.7534261431963
80.20964615133873
66.90255095765369
94.48746408818603
94.94091348493923
68.74211769596975
69.02132698630687
107.45763664842907
93.85497405165779
63.42579489769443
114.61398945538996
84.75848669039713
106.83208736173549
99.81066887489827
68.98973356696382
77.34500504089546
72.46857950618316
70.61114539042575
78.1793709492067
79.94875372337913
69.75813735761315
66.58126291082519
78.29935274387363
60.01490384473283
104.94610882529689
76.87176642703119
52.81956404840965
83.51199077831832
84.54704163162172
71.21949094662746
71.84743439819528
86.55409804199085
115.47246390904097
62.425738270285606
55.15760656375975
111.94215794044284
74.02230400609858
88.37367950612177
108.94091755555722
133.64797225131687
187.47331122047814
130.1869738887476
134.8302177762244
126.8897447629017
215.39283602431811
204.7770471681703
182.89957451425371
208.45834250697277
195.58656326400097
139.90496592242582
129.7310980554432
222.1169766110021
164.86709662133828
137.85841316695416
158.2145007298691
156.05964422055212
120.73522873595914
196.73561842674616
203.6493403368479
177.97632694703734
190.5192765377959
153.8136080028067
138.25488763402763
155.41725090064378
119.9693238722677
152.83950675296074
224.42556178106426
169.81028544044983
210.70604987598958
171.9436705734843
120.7236657439766
217.8156967368912
146.47282745124897
199.21014396428788
209.16004737362312
219.56263595762834
182.3753097666993
131.85047238119154
197.54254338922294
167.35182621835617
137.06462505378474
118.74924853559097
199.7633251601621
142.41856003671788
173.97991659464336
162.4613849098789
154.56125416310056
180.1935912881137
136.7023465334917
128.67169418167742
213.44390868775022
183.7236555075977
144.6468826042386
158.9655872189695
130.12049206894704
132.2687516242578
144.30806678996694
208.26559861343435
145.95587922202128
201.23755910987325
199.18468291709803
14.018648021233261
59.948971204032574
93.2785763235238
87.53063915705468
55.42206901976468
69.62831275797299
59.67074933798655
87.81923973358703
75.11489673610409
71.22551188955339
85.50186719448045
89.12711980174231
88.51165207722661
15.765681466401944
22.16211430420219
20.589511894061964
24.4407727984331
48.10835038972055
89.81690553265878
50.94870900057984
22.33088218044515
92.98967896989008
100.97715382273537
75.38776911590386
72.08016556947862
40.734634585887136
48.01908707198757
47.41233385546054
94.0413261689614
16.78709104866359
41.496665858810886
68.6025676448599
65.02414904229227
32.83106979246587
16.6518015729351
99.04105537621712
65.64788306977502
45.03638167723836
26.01850095248832
55.93574354387881
32.97158220950145
57.04625526278001
34.51161754111757
39.78570604075628
55.756979064854534
85.21829521602359
57.34427572335473
92.3549614216043
85.1410117354016
46.03696733895258
21.558388713897095
48.1080044989965
57.01543089953375
83.572287940591
30.45552067788642
39.34000573343996
34.63383622886641
87.86643976937066
99.244834093868
42.39119873171255
66.0819723786402
96.10137693837395
52.28523073760345
64.0985113279805
75.50755887100536
11.71416360911406
64.83403092828802
99.71567000551592
18.2166642709863
62.48624067940231
98.84265366124424
69.58665678871887
87.51842760872515
83.43116070667239
74.80117611238754
81.91495124353472
37.24129115356432
7.457412163251192
8.466332444306431
85.46426432223802
54.69560037395204
29.75635388962353
96.15270016889667
55.998092741725344
61.3293275274253
67.97682789576474
26.315073521120226
61.79823646248569
68.03428909679108
88.0837837891609
75.88308721630638
86.71216666783982
75.45675299910172
140.1405533394186
114.77933386581023
131.5380351250681
139.40752783590403
101.94459941399408
135.0137503248224
126.20451664239502
130.79608069009956
146.8675702524983
141.6815174099455
126.12654188937869
114.60340688534687
142.90308508741543
113.9186354315774
143.81136751001748
130.4652937033444
144.09963679374064
116.17251317648993
129.44894456167808
138.80849129517628
112.20706165247297
123.5423315129568
103.05898719405312
115.05169557512447
106.1488066288158
135.26281457797282
110.21222601307784
131.8888840227254
131.75076849357635
143.2085382791348
102.4742629675203
123.41875367979425
132.11576041108964
130.1700418194178
106.18072378884733
140.91645135509975
129.82336655361
125.99975506928996
101.04020388332019
141.367743482351
109.71905559798032
110.39342450592827
109.85703089586796
124.57317273475385
114.5721030490686
107.05810369283851
135.11146268695984
137.18562551744873
123.06486031616637
147.2160706448597
132.63708322875314
134.2683180362495
137.3279258825109
133.17312912880664
120.4246960101285
123.38078746393232
125.89291067915681
122.88061098128316
131.50906673972923
123.99249357052065
147.7819684040686
123.08060188195219
126.40989931267664
134.57353672496157
120.15301947532238
146.88779356172765
126.74925473389946
117.46625956814528
119.22508285255364
118.65566323174323
146.76439393160123
118.42529060075388
126.27346216597921
115.74986857465964
135.95352603104638
112.84946201603515
127.75666727072445
145.21006080145904
117.24942828906303
109.05582488394217
135.31109163636032
138.28731033979085
130.72475115137283
144.404460081249
134.11371392029554
143.4734563260141
113.39785381632768
114.67812020307481
104.8580202482463
121.98932099452342
105.65731224946369
113.12742918530827
144.2759024733894
147.9390916750576
131.35127311523127
101.58035107432252
140.72955507649738
131.93295492639803
143.4847486369651
145.01046103121598
116.83672515715877
109.57504787391112
146.49393207404532
107.88337466465397
137.87877919047574
119.16589033123047
113.81330423422153
116.59047906201728
147.7616424998463
129.77503582020782
102.08054670746435
122.69544080229743
124.87770639951499
103.56657030951848
133.80454469220763
115.44822029677103
118.35026067612034
132.8787169672259
124.24988682945862
128.35198794661494
144.1887404295683
133.01529860052074
148.71826490397157
125.39848747644001
109.50108147738067
140.00475207126647
120.02160511556458
112.74767645814028
103.54190233414431
118.90641029792246
148.90428072659589
126.85568751648805
127.51306961310546
109.95688977135936
130.06938041672794
125.28748747684827
126.54313469581886
115.86743852458659
139.99454739767376
103.46781361706161
124.91022709439441
123.22074377281454
111.3611746308739
111.35091641994859
121.96752931264515
104.04736342700409
129.61064359366753
110.06197144844559
107.96621644747097
125.91988249753909
116.16119679160236
132.93682345723863
112.41010597275412
104.12607535378935
133.48865515811366
142.13252930356035
126.06438368163997
119.94830608822221
145.98576136346864
111.71811386846933
144.71072024087556
104.46158558326033
113.84075550823809
115.25967542692601
134.99871306706513
111.4280944733482
117.51807270569431
108.68964832967794
139.2786574625279
104.03624358245378
144.16744448323598
133.46519822549837
131.1710509808421
111.69906322127056
133.35559235113544
133.10938312141093
127.28612036650038
146.48020434638943
144.14021582616004
110.74975382267448
106.26749775372858
124.18404088457952
148.23614512879135
101.48445441748791
122.02381447953937
126.7295391989314
128.90830434615754
156.53468493938294
153.6223694414936
159.85038120922502
161.5257699248177
151.91921822558146
162.38357541563695
151.80807827804387
153.16748781204308
164.58868677078644
153.14377064198567
160.86541395606693
164.57310582373927
157.36801240050818
159.26000768145235
153.59098735106969
156.81765358543973
163.10005619350622
159.5488386810676
167.98320377676527
153.30163445267672
169.19091533164467
165.85545623075916
159.3673862002565
159.3742773557499
161.62213103279785
154.87042493186684
157.04551839177265
155.32764908941044
152.92527205615457
154.95353758466288
159.89000450733312
170.80612327159588
169.98498562318747
166.8117314678329
168.5687002605581
161.2003228754319
168.23323737773796
161.2054514135644
157.47088339971444
158.28639048236744
152.93761857753242
163.50252601474844
163.78342186304593
159.6417459045744
158.36327517189892
151.14336740410667
160.44242992201347
166.0175206364931
170.04856944432927
167.37063120804726
160.5832732986116
170.82889464370209
156.99884295470667
159.91054735447963
161.41327802497142
156.19313886854525
149.24155851531967
166.21963715317025
159.29498556473715
155.18055805841297
164.62706853763524
156.65379962515914
152.81540833599837
153.69304017962614
155.3926472957341
152.97800172409035
157.5676174848278
156.6120098731327
157.7144502668594
168.6302281216545
164.82869470526262
151.98162517753377
151.5662417759713
165.37283380509467
163.2897893349595
159.0608213655743
164.4346591409997
166.37123733872284
160.95295082583868
168.33971019325958
149.89086652085092
157.0421392502892
158.1245116546915
169.55104444974415
163.0912048797256
154.98243180642189
156.14673671109279
149.0176669787741
155.408183667275
149.5890450139284
168.05482487284888
165.35397109776855
155.72196904030233
161.05009319694037
161.71897641859013
169.0792961325451
158.4850822009414
161.67536351663185
157.10730168613753
164.90197398857543
156.72786362385955
166.32041839554665
151.88294673528065
159.1033449723857
170.58104578771184
165.7139782471393
158.51072925613767
163.59793750470521
161.93014095833198
152.30663164195116
169.6424423711365
150.2211640708267
164.6988515624069
166.95164134176395
157.19860951004193
154.5473750028678
155.35316838223378
151.80562101445895
168.8579138266917
155.18508112083686
152.46189108546568
151.0361418305034
161.7152215894387
160.9350921543377
162.46459064553835
163.10341767744004
166.63612283306276
152.54412461021604
154.07065796203315
159.4203845309777
164.94559840792314
166.71793028807568
160.97276514777877
160.7660240049296
151.30610281175666
153.0893350850978
149.04108912227835
155.53617676146968
155.83238497891514
166.52097830921977
153.6708766119198
151.056617331582
158.9267755406896
163.52352758908734
160.72345897771444
166.76065431905033
153.18682511621896
153.6691758429871
152.4812902042227
157.10396277219718
156.86045665680294
161.99334751549804
164.58404435117632
163.6544404993731
156.02031569702044
158.16481214371117
156.44103134886646
150.32087136323162
151.38824859386628
154.57513513850787
168.99298509593322
162.73953043537279
155.04062418241347
156.4954210047564
165.14390343616182
161.24732985191307
162.00686583230112
155.80471098522983
169.87161416911925
154.67148528904875
154.50386005431704
165.6408538940372
157.34116464602968
158.14100571656093
157.42738088013394
162.02774618301316
165.53876740619367
164.5720462135513
163.38467854785304
153.70666702636166
154.26535846354358
151.18920027545613
167.419649280321
163.02617160875783
159.42470632281513
156.74334176580348
156.66712335264992
160.50430798017916
160.94326555775606
154.97614581267842
164.26712665921073
152.59791973593792
150.95062137000582
168.02406561397402
157.98499442954372
163.31223256750457
166.57830197827437
160.1918060700016
160.0914769290664
155.93279427558969
165.68571088408348
160.29467511543155
155.1827972397645
154.98631491689832
149.19080881025644
164.0420195049646
168.53280805639992
167.19316705698262
165.58724855193154
158.0511000131366
169.2450645728039
160.023352345827
151.68350092235244
168.96860303886604
159.37092446376352
163.70647075052645
160.66235611218255
157.17023619990613
165.15349578163023
155.7985209033651
170.47320574393427
164.69767380853312
163.57619014320724
167.04769501795823
162.5889111685508
166.29060594892306
160.0191993495805
161.4126600410327
167.99218246829034
160.08000082527164
163.1344606760355
160.9949200328678
155.42364982003377
153.76709557449584
162.16429078788
169.14135049096825
166.31094528028527
158.51916515648227
165.78172923302594
161.30820358595994
161.60775075070399
155.73761852941018
150.64939735071758
157.3059362625162
159.27844825095792
153.59569426845678
152.77491900610568
160.9871561352652
158.53207087008113
151.03453335064003
158.58471402415375
167.1890309280513
159.23426668372346
167.69504310950396
156.70155026761032
162.19517463378102
160.15931056346693
157.04427134992753
162.53950285402058
158.30449926476106
150.59620179397422
165.93008907469797
154.81622128561025
156.8681490350335
150.72726168486432
165.9021499516653
170.63438117221529
151.86279611363997
166.29289117546455
158.23837593743522
170.11732183106756
165.69067795576555
154.43933270824303
156.9256599570578
156.8612912120462
151.64371613701712
165.1346748563314
161.37842742188803
168.19717253792913
154.32821834508061
166.55854925856298
181.31242789750928
173.02819876740972
209.37348402852913
209.59647036638023
197.37641086882877
198.41634777856618
226.17300555422477
212.01551690242468
208.1079643970108
203.38904077759332
186.22848244883795
187.51218023719048
219.15463719324612
182.0109118886798
198.0470714088703
225.67934540911736
185.8874481827118
174.97225801094788
198.0692852023589
204.56143566707235
194.73991373648641
187.66554162002944
212.34191000781465
192.2857524637803
221.27521436988326
194.16789480056804
179.84458464876593
196.52690192618547
197.84518329144242
188.5522040555625
207.19617475714168
219.593356178647
180.77564791284072
216.63772402334314
183.83213328019548
200.74882487461116
221.06137115321985
190.47730336428307
174.62838195286852
177.918238484072
190.59115466984954
191.62809747060223
181.33377552873708
202.14850171724126
191.27882950675755
227.33347340463982
226.10244476334825
188.8137945733633
224.78978809900525
221.7949466
198.00909599904796
226.83300513221707
195.8202237348738
186.40212872082807
209.39575004227464
198.64256669899896
206.13237823226206
185.47152810411743
182.02509924911183
209.81329875362277
203.84166797347447
188.32062483383947
171.04342875354425
223.09894287127983
173.5705476303706
227.3678871492827
195.32943416815053
218.41362512718214
212.2556870811809
230.72054140405317
232.46150134908322
174.60785677074082
177.84954255963362
215.2440161004655
199.78075457356712
211.54966947995928
181.76980390838102
212.41882832845786
184.41008464945781
191.9929574173194
212.13090614330662
180.06819313133622
228.09323310308181
177.53012199185508
216.9153954380503
209.199849136827
219.79754178849876
212.8425060198126
183.92565649021907
186.56612367767767
172.1862216784219
182.7964540566573
198.9487555982991
