20.89363146692693
34.245706927737004
7.232764320902426
22.578237897236015
22.23682131711775
9.705851447642113
11.279154168195191
20.648350670935393
15.178663217550628
10.073830263420618
2.842474830830712
19.99794171251092
26.714578797547546
15.848959733034249
33.320967263125326
26.44060211670354
28.625919472521957
31.756167686638435
27.98841682875049
6.027602150975506
10.757731537632278
9.237972500007753
14.801287923961313
30.460715872281746
7.273023697575399
20.10762758920443
32.265474749461845
23.57939453059316
8.460842245738434
27.306809627952934
6.584215901983558
9.243798881762737
3.042559886982927
33.59299662443317
20.30004265924763
25.82756751283806
8.401828838395167
28.19060042573467
31.354930880334365
28.61624389764815
29.423835673478585
8.005875126168112
28.32873948997309
11.217530276881925
28.6678411020684
13.162833422428513
30.648535105382454
28.500841406464357
18.43682543092845
12.127642760098581
16.095658126395517
9.670240368587585
30.35155932376326
33.703005949972436
34.10726245960538
26.608623982227133
32.974650896239346
24.9754049018501
22.077059610345376
20.930476125363143
24.00717219060593
34.236030799388736
76.88336029693869
37.65732830773243
49.42103075935215
73.95115230154006
66.02355316647623
58.99167322282083
75.5908045343802
60.97529949268325
68.25596884651442
67.42815197166834
58.68161078072529
74.24654015677346
52.200785822001585
84.88360564251934
58.940980967015115
51.57723402369183
53.615081588146836
81.75721462960136
90.47269944022685
77.32057818623095
53.10046156365415
45.07181394456413
69.77378194963656
54.406993954571206
46.160979048750306
82.70068824305358
72.0022737317978
53.17091953551929
81.54031805819349
65.07618433652299
61.28012936938663
77.79671647203992
47.788413291464025
58.96763039748447
74.0163504146855
87.85767054288078
74.11036378685861
45.99722160485577
62.32992500829866
80.18902052141271
43.37143221787147
37.70419723841096
52.1030729350193
53.42032295876072
77.7487430770436
52.46779193020221
78.13859821511633
68.90652789236015
65.17491079227511
78.77680749899234
39.159939119373874
38.0440149398041
91.95125015786161
83.32357552759973
47.52912361889145
79.63236101701727
80.57192213457287
58.86145418110297
36.15084060585754
42.883321319132264
37.72373263672286
90.1269230536611
102.90874032254965
212.16991075364308
126.73199489465583
211.16218330031936
196.50636678865567
127.64454804590207
117.50377798611325
189.84678216481353
209.7702006120434
196.77843491695663
176.5958665821575
150.9436906384801
163.15451680692044
145.18843480699326
117.96277883357524
140.20081723491364
137.58129178427396
196.56390891395114
145.0554212155082
176.9931345467505
189.38576164483436
181.18783112531483
149.23137164599137
139.69565584205137
190.87899712332995
167.2258842318868
155.57402036577352
166.5386314279347
172.66526882820065
166.60168133538883
212.18794287334396
163.1987576506008
183.46117308591033
174.99814933761024
116.09468893869621
120.2488867564953
171.24847147169027
188.25672099942065
196.50805986360547
99.87877008661988
160.074467534386
114.50758174966094
206.95325971702022
166.488843956954
176.9971279438337
173.6006126864712
206.374029858151
113.73108683224194
160.5869762823606
151.69691665971467
118.79877916177566
128.53449278005994
157.1273612403777
120.11672941480076
175.90676368342747
199.05502189240525
111.9448719873273
173.1790349410832
152.99859117556025
153.6501510257003
179.11756889549807
170.90494435916932
27.287024888604506
49.397293128903776
79.24452620848474
62.63505941623983
93.42768549062515
81.76406910694885
19.335852239364733
78.58069279223926
99.01855752694209
114.6082101424841
76.08932072903404
66.92955255688514
111.83588129559233
90.63959520492415
36.18946750447883
105.39500207224762
6.518529808001624
17.58535994843011
64.2439542903875
110.92507464829768
10.521097217050233
76.9822097592772
57.06353531570468
64.15909434739326
103.84850632232897
101.65280244806678
56.37622036291793
44.945068678420185
62.62709526905903
103.55444236213876
93.87312759410938
47.37626013404299
4.663564136066533
98.98007931895208
38.416024534468804
79.08307039827821
80.87558874483634
49.50806033723492
57.011612431403954
29.65878258064869
22.485319480090716
79.17917216390325
0.0107147350349166
68.04090864798782
55.367623382113905
75.94804113360706
25.898647714166493
50.68180360550571
76.37441187477069
18.330462456390038
14.672810378461065
66.80019158860486
74.23930215968461
26.31818672675802
24.000926904754486
93.77867085151351
47.373241037858925
23.392499032542695
41.345775763145355
110.15592707534974
106.81668607659603
43.57704005679105
51.642007074848536
51.28766690568336
102.36955112065093
38.62188777540483
40.13662807334144
91.46318811537299
23.576769607335024
16.362646143508996
35.34096081845643
50.13451665187986
107.74613458066013
80.90695163048979
101.19879074035904
79.04245899076744
7.907956186060517
20.687678088213616
50.01235737791018
99.39215394868266
86.01661872107691
118.58906229490205
67.6918440397435
107.72857988306563
41.85018032635932
91.44182393466431
33.998376142618504
62.6735506751565
78.7422790117536
55.84559325569063
122.01698347354268
46.32524681056363
110.03490819488502
76.18313685010999
39.97996302866988
79.4036374513214
93.91012520205024
65.68996477017112
40.67451109642863
101.86460100497744
65.3039809451196
13.287821034411962
52.09848124210913
10.189840111679842
120.90133856852073
53.30337722553524
105.69586727166052
119.0481105061616
26.13121829329785
103.49227286768084
61.19995183342948
78.75347862302667
64.19992380370991
107.36288982294609
98.08494686490499
38.408437895541525
76.84820816628903
91.36233997812482
13.71615325906339
13.446380843022673
118.983312999357
43.96498622873831
65.64587872252308
87.55054196768262
73.50374209999275
58.80668923066554
70.22697964268916
22.042117800641606
25.5276224200057
34.02177281557979
58.051416991464905
117.5968550050109
20.015867984467697
80.92317394313869
78.85223872754847
63.63836469108634
70.71733837109733
25.06000295922911
60.67842639599354
0.1699716627095924
120.3978469565523
95.33980906583335
7.217490447037079
38.86503332766782
106.45327436786005
50.504606022686495
3.011724488296494
77.88577411333534
100.02342252628301
15.499366871183128
31.65191594519258
47.058114938370394
81.05037183430451
35.90825395426036
40.71116888778703
72.47603243374317
76.23723234520938
11.665441202385729
60.09991927770608
49.75448053270732
36.79434817836457
84.3816111343323
61.730794479854666
97.17238739245713
27.5978972697461
74.95423298162116
82.32930976270349
69.6906608002063
30.236627557774174
44.74694432936231
44.33487679903311
93.64516048176733
10.248373660270737
75.23347632937345
74.55903987575951
58.19899449070064
61.042153376855964
58.56746181091559
75.67863683987798
1.0813838390135189
18.011615836573647
8.899657189645218
34.38855946480642
103.38784869207817
97.36565745087444
53.09172922417696
102.14523780580339
3.1749881928841077
52.094672319171906
58.072994567063944
109.84545931481016
52.23223114565168
117.1678707254864
14.493576846279943
54.82694571784254
20.466052462999514
31.819992232517006
34.47720871577098
36.28783885740655
64.1165706678725
66.60794907152103
109.71184256150201
80.0079006497102
31.221230541734734
80.42471617173614
47.62323825961158
28.492535025614316
79.06251172198616
54.5897867185038
112.77219260302493
107.0323347069128
52.3801804570446
41.35797617535866
82.38496189644957
91.9031496240338
31.433850193859033
122.464386654592
70.64350578443812
119.04804296523884
85.44407813222975
37.007169311858206
83.44653070743365
40.11381335438058
27.673468678916606
60.996138518789884
59.769346180831946
0.16616572948137076
109.49787978132636
90.92635388133544
83.77624502799756
119.53908706069276
71.67209781839165
94.41060166839152
88.93923347523821
60.08193288356291
52.488561168675936
55.25125898207429
84.5146352534191
84.42958117721388
90.916365334588
55.14704119898533
54.424220596695335
49.97340213400394
97.141388307388
23.348579360643896
57.99197220657176
105.76304355434827
38.783461084577894
12.619282297137083
49.39642135513222
65.79373534616316
21.18701600781815
76.12604886577805
88.09335299652415
57.3047538461427
116.02748559503041
114.2583619673685
32.057613834534834
28.94971173068364
102.36768109286035
116.97740199035817
55.132378628416646
22.89624959630799
62.99836593993259
121.37837552258046
54.493000697598305
101.17558224655588
45.19228673655614
56.89144874453514
91.96855927157266
73.96231661633017
73.95978913931444
98.06238920781729
66.04341846995008
16.104741674310176
71.5676434265552
62.138093615458494
110.30540340800101
50.16190428578796
62.47655997618089
38.03473236879552
20.51857861254617
13.824030559459793
1.271393203850117
62.22142715637771
98.54053506827
119.46140591696185
90.58514596561605
48.082066458643894
82.22730794703725
24.10014705088608
65.19678722982698
121.31638415335121
66.79363033344869
79.73021743981646
61.655741743761446
106.15633174142795
12.197423474276341
58.72934304021804
58.939531440831146
26.956300250340256
43.65264297724747
103.87779051961493
35.46685661502244
59.01118917130794
14.369618741402896
98.29390942463942
8.214866155063142
64.38158398005696
98.7526269789202
47.252886384110894
47.83860113265236
92.32764966087663
61.57489278076423
68.0854022955285
59.05783208576689
95.35600607271485
75.78937363268217
75.34571493355682
116.23670808610876
78.13268459461597
77.79215838902941
72.89617225084565
117.72284275754731
103.51998664277674
115.90030167343775
52.246268769476046
48.71781416834752
95.23105738315343
13.100612729884404
120.27266890703851
31.687262446594357
28.243459346139133
20.67137343153307
108.78342098769772
60.48874726209571
55.67135374900469
55.5322490414636
71.30215889285591
94.74072147330843
56.09450464636145
52.84639945114702
74.43788320517643
122.6576787663346
70.15705778445562
31.708521460756668
44.253697699283805
71.78523121454842
80.46972058013627
50.59099915063514
67.94068108399621
84.18454331289142
119.5662191165361
21.99985543317227
71.26168819095844
24.7721630015552
112.03272067263266
106.83295115737239
100.63177736280953
101.51442022412587
98.10222066478158
64.58501637885381
8.188513504488498
142.73795398692621
148.19019393107362
124.38378152203892
134.25138075687147
138.04162445590822
133.97002684909108
157.55299261017478
159.3155969224588
130.7684181689627
155.86228765512416
144.31195890939856
130.21355138969213
149.8973253239251
149.0460905924374
138.12444184939605
150.58821525053952
123.59031983484181
146.71677046818226
139.98829221443054
126.32884925651773
132.88977475078838
124.7800384991364
154.85491879761622
168.08721009701497
162.6190974252704
176.13832692944067
163.8556585585702
202.72968161199645
197.37958297578314
192.1316420323395
198.6596513038398
