47.0687402223966
50.605750049376475
56.56060882912639
22.38696233195028
39.2910038341234
1.8227875827874627
63.874572717538335
43.75951043383124
15.095394733677963
30.528840685785745
17.61678892685055
1.983325979155154
47.68622011793793
25.525617280664406
15.38804623677899
5.46672157834546
54.82124323583406
41.81472581114613
0.1827956627689744
43.668977986037724
6.966389740786077
36.39926831566949
57.37134405297342
53.75654025557151
41.98479604522768
41.44087676732971
30.68565617607576
37.49790823606096
46.97513659824195
8.345549764100639
40.025347549202216
51.81507899708892
68.7003913363265
44.26764722065408
26.386822719988853
25.609177235517055
15.981884474242733
55.81555178137474
49.98790186653184
24.65253725269099
8.309100431027375
59.95811707438935
10.88531272125675
66.51750960723501
46.87895480964513
25.92380539321806
27.07071967497256
16.378429691863293
37.63685398238801
33.319334677655135
47.8052505934542
34.75103968262466
44.65688790459598
6.776938339697825
33.3061305211646
35.83347483902565
67.2217852295795
68.76068329890504
14.990066318383011
66.95475710423295
44.428013581475824
37.4992771714273
30.455844637556357
19.39359296983815
60.65328745510615
67.70191330386784
18.27046898797289
16.779890350404937
57.82914315236003
15.55089512377204
58.040556079902416
22.679403384277997
23.023779730605042
18.467645029560266
7.638436304283715
19.24115480826245
33.34644096582032
56.90656100474189
17.219265802197402
52.111138392889906
39.712811176181646
65.30633639206906
3.1392459839687987
8.31536867921778
19.235639087981728
26.455941047594
30.932287342455385
44.16338456922633
24.18860200668274
5.630908502863505
16.779820454098857
42.97098585076105
55.62582340202427
17.631324005737728
59.35194930394705
14.25848897812297
52.150319953947445
66.19622956682818
53.74678189118562
17.596386469295354
47.27817460709812
26.89202375153419
36.1621653401186
2.9095992736366085
69.3275910294364
51.18249299475536
62.21012162695105
8.53847065767997
28.415567169061312
13.820337750281407
8.14574265484152
62.73925308175834
20.064747265907634
51.02000631482752
46.890820398032844
4.812742575186281
48.734792599309316
40.183404577473134
33.55475608970844
42.50605410527401
58.20011951587656
52.095520074533496
52.27182422087756
23.63931630294565
11.85755078437088
17.637691663451875
34.37191103491453
12.891872020800658
3.609780268511088
69.19981848303908
36.05917578069812
61.32374138117618
112.62246416840333
81.54808927954068
178.6342482146965
140.85467354989103
223.82232146015406
201.20309423518776
238.01155152324947
206.55540049341528
24.36842301918562
116.48781285966774
44.37788670004573
71.41574122652209
106.92332734546034
58.50865342247173
26.519468555124128
35.01049601121291
75.4620286953223
83.86622654075947
49.92613532540581
116.82950659689541
75.03003687197385
79.76323545579434
86.93549527423191
65.07887619122585
78.33451397288083
121.606839530043
18.99008253478651
3.3772993963791933
108.61578460058843
82.93986326223497
51.34322929781436
75.27935706124313
64.87025941837244
41.48927724257736
0.357389232559683
57.591383003579836
56.10919418969452
23.438429899447534
46.13135761814644
49.383633242392534
31.484305528517705
6.6400108233576844
41.75839267608568
117.94724659915408
51.424900024725765
87.48641537198606
29.389209380419842
40.54223734724964
38.786060417534415
100.22683173795724
75.18747693911143
76.23248699791428
84.98680497640584
56.90084813178256
40.777549232754026
44.1328033189428
88.21102717545057
68.85799452154305
33.08472441213226
6.739795902790625
80.18707639584719
40.74726078051465
120.79688744534252
57.63740468505721
55.03495714709474
20.780436994484177
53.722337622421875
49.710004320697664
56.67434710390637
55.04702307371657
18.385277287756566
85.55130002437977
53.291716840767464
46.054372392355944
114.07491281565223
59.7985728716652
8.802853089947327
17.83481130795561
89.98099448402283
80.3778008358793
45.97434891268762
28.678737334443326
43.53280110580536
97.7262001030676
91.61061205086385
47.11799545081935
33.40047706417777
42.60236993421539
102.04255483901247
34.095782613034785
90.62526600671507
99.76817359947438
96.55472237511982
35.69306225108876
68.39979086977637
91.52914034258485
98.37469475674376
100.6269732624649
95.46387839487844
62.73808210731479
61.37434295773018
53.125260924846295
40.6360719307595
27.80106803589574
26.761086372205575
16.47531554735503
68.05055730970916
41.03440553997619
78.2451508659842
7.467780478641927
46.74184192250419
87.02887563874926
121.75449324801355
76.19204854629682
84.51505492748376
18.072288300863264
4.052627985626543
91.44949547331956
6.819782933758724
113.64769534867771
62.04007826504142
44.70882579238321
18.75569341933832
19.189049245872454
101.08202195370853
32.41606253086417
93.05961317857538
64.85643764925642
50.165605285085064
54.16131556184092
75.49705342424409
51.81481121388544
107.22091241015096
33.98262040259104
102.02675804691603
48.17434306815275
28.54706551081803
105.81421980895226
60.91736890048202
94.73943688254204
114.83776106101251
10.80905715131405
0.9040675245217926
36.19818720833895
0.4507464937815584
46.432614035946465
41.09067702126367
120.44885299179296
46.40761087032258
77.61538365582422
77.37607343411268
6.315075479661083
122.28166608346112
82.02160246167844
104.3868969516582
31.386982439586973
48.44337401361019
74.05786134663597
102.45315972615924
8.089536530548372
95.66285683052742
110.18714971807381
48.66152673630427
96.73131928140305
64.69033652293233
109.72368155057157
34.33247570149811
42.050738065194984
78.60472112646136
64.69434851067507
112.7906995699982
18.4189176743429
46.50101213661207
85.32063291120679
53.87695596290991
66.15113197430946
82.09647902373484
78.67493280097156
89.49823576520993
39.91827422797821
10.264795664709922
74.6889278563952
5.6220907978140175
29.736424384489457
104.46710838567284
101.23462888271962
1.593974605324462
19.353663885707206
110.71085234227519
90.73091650488425
91.55111454802926
68.22517351103392
37.2103382466111
69.66274665743717
19.40593666499467
2.8398302142232836
52.44433270108971
1.70526399046188
88.2705981758975
115.46305027119936
91.88022540282688
46.5018457759095
11.138006821460692
3.4836710030265365
42.140903514691274
53.459909277444794
91.63946133406024
54.09505320862081
38.38288543340833
98.59007507796704
55.498725229277696
29.083879127402952
110.43709330464151
58.38268396252167
11.679097551099701
84.47856056796792
60.57322683314831
29.166119785463515
95.37549098353105
75.7130146541
32.25736205070332
10.019778991957772
115.74732032394573
39.074766199160905
100.43216102512883
56.543810021076276
37.23479370271596
97.20554510894743
88.88613345599116
116.43231957655684
52.60223352685045
77.8895112556994
75.31596760993932
78.4896434682683
89.30950911277378
27.377557010264603
108.42980689879926
110.26879957275145
99.8294974742112
30.7934949706527
89.53318025185074
85.0780674779183
62.203357622838304
33.088605310136636
66.61159875789637
3.3876340955457493
103.27294910023991
45.756448340471565
101.1328931454029
116.26020933798081
43.47540482778433
18.32999861752876
49.34967765355749
30.455318276685272
66.36833477075696
32.96629500026225
10.382975868576601
116.97255665561701
28.107825766370503
76.16345939892054
40.402675825999495
61.47411006031819
97.47357135074743
103.84184669082165
57.071673050563064
17.457862257700583
18.592115133974495
46.65735774815285
66.45189752358993
95.32687114026211
23.050251570026767
25.505198896710276
93.72388809158
111.65927078948923
11.469899354073029
16.593110674682983
121.42362770707291
80.89554894633875
37.19033673465513
7.641565742105811
34.06782784826106
83.95065926146569
97.06971843881846
13.89020677734019
3.746904613358879
2.8104452810413534
48.88980564355902
60.45491674849054
75.76773138368662
72.98139417569716
92.18951311551665
100.61359944534419
87.6916551263783
73.70502754493226
76.41582221577784
79.71218630478151
74.8370511371385
119.20927458948438
55.32725104033677
42.934628401969306
119.64799791797077
121.98821456922639
20.64362726718482
11.183937272284673
102.13482311706409
61.71374417163733
83.19354420909156
70.67728568812214
64.89592573861867
26.213780787199596
38.524966131440905
41.60734997946672
22.080317382182542
19.276398359357145
67.45331139470905
89.1915116536145
81.61941598895339
79.67504861070384
81.29215846412558
100.46527472428184
70.44956336129438
95.15103332393096
111.99631202322524
39.86420674300618
98.01761729682539
20.708074928902874
70.42794222470259
55.504451892380075
68.57467684820153
95.49953816670163
35.53477487135497
16.88032281456561
9.107734791881718
122.00090460031342
23.722303710960645
21.513334359466455
34.47881920137968
63.03131783482687
54.95899597317103
35.06622616070291
12.271456767467882
1.0382056731714187
60.50137763103903
81.97480324936431
119.71530318858012
43.04249976798121
18.00760322416501
17.065099341464133
111.96825903191177
98.42452622443757
62.68775247073823
102.48352530915544
88.25489995652691
78.78505621231565
91.64497389237232
30.989528988048423
97.04834070665004
40.56482256909754
13.851135585533548
88.70879360982873
113.54100260375486
110.43724001039482
11.904608183644015
37.729994346708054
41.42159694082585
42.253990756698514
29.507274154521316
74.62973265579178
66.50978450273873
44.677253825532084
54.996842341067996
52.33017826869653
68.50903233754869
87.02702545080965
15.94327406277916
18.876897031078904
34.24786556887233
61.8655220428074
2.0556542646942404
25.50618579166037
38.655852885547056
100.44434138028508
11.819334548755513
3.7210973098892666
74.13538734624761
26.54192010881784
59.18198449356264
8.775442628733401
56.653572271207885
100.52719154968898
68.36913836837653
98.00923326824281
65.29737943715625
77.79655930729001
15.933030716732958
103.24662811234353
48.511707706715065
18.166217969708626
103.35159139989298
67.97809340407227
41.25038560799571
12.875853499345233
90.34442158396868
60.20430871762221
74.9906792616107
59.331797071241205
97.79338195877976
95.8081380640494
78.90944907714669
40.522319949971404
105.88206754585032
6.406144761865875
117.52940928848304
76.1088747658408
46.60730546453596
72.71788274539388
17.26456072043601
45.55310062036637
111.29686888320585
48.048387936561674
9.38807148560079
102.18400599985041
56.55486533804159
87.29460242625939
99.11663040146976
37.3219483172862
79.4752193421608
105.17027887455998
58.15929330818694
117.32222155834097
70.49528332335163
74.13482459503085
98.57134299288512
4.407281429024593
118.48354143520235
97.77485967924315
86.13150059004612
81.77183981973748
12.612594681353563
48.197976990822
57.057930639601395
49.91850946171601
13.418543937192545
93.95831969057448
76.02146299547474
37.80102882846618
74.20345219012428
26.644994151748406
0.35072151749345437
75.40601137744645
31.539826889145804
69.76456277537974
126.07040110906402
151.83822650592128
147.43544537629376
128.19367929642547
154.33344373553686
131.8743928461026
153.03972214430618
147.09197556420133
159.69160086890443
137.32873781472605
155.6682261630944
125.10965095006118
140.03570438423722
153.57369707958904
131.64365823822502
131.7770741944174
153.27562656259576
141.06477393052984
174.52638106346768
171.15195289458129
181.3702912911645
197.49177647646988
211.24717615873183
205.26214477279837
