50.86497353862361
52.91282188585727
54.15406041444933
14.120591823806905
34.75414452396037
33.2518502045594
28.577998616339265
18.12556748252674
16.92183789164277
24.31599334960056
28.075209036124658
17.070177375547477
3.9590707983639426
24.876559680883283
29.315251858467846
7.768952077644062
50.43268601097568
55.60385676941813
57.508579006230875
15.74988026395354
22.736654327694374
32.42881466740837
39.2623486660706
33.89440834874192
41.76384000718231
10.672243570262182
41.89716736297411
23.94651863130183
14.628510731741958
60.31003593837107
29.255031273704166
43.65964584324637
34.72022806957511
58.270775950178816
15.65464274025451
59.92615949711781
41.14405401644675
31.741063778223143
16.476171846756777
39.0575143394323
50.246504213851026
50.407387534884464
38.096972726662756
49.41097953353378
38.267452120422654
15.691547285849147
32.42313589068708
46.28696548377033
28.582345271903314
49.86548120473023
27.48472192066511
10.633922658441254
14.488337388434427
44.4442559934874
8.064103952985914
21.146854165803255
48.271419783261095
28.877730458553316
5.951440989896039
34.62934812083806
56.45337772919886
8.041756651583562
102.82292769435116
129.14017284100208
104.19758465013864
116.73237674844567
84.47154018198727
75.65004643944485
99.67094677683431
122.85100712686841
146.2897274151127
136.70497603631804
131.32469438708995
88.13188999194897
86.20251605172328
104.79754030286128
126.50301235646685
113.57149388174474
88.00550780999171
72.1090500373736
89.00726569861615
97.39001214391222
86.30445022772689
72.90392401463703
91.09663502034168
100.55486741860494
82.05523301149279
105.68009977064979
132.8684765108461
85.94349442737635
65.61331666564638
105.53946859865044
94.8282633457157
95.3268714475188
125.04701394544335
110.26124850841947
140.46658713755355
135.9419768626157
66.48073021981745
107.004826280887
120.35226674490974
127.07344787596617
109.24652794637889
127.58202575051673
116.55762436021584
150.4760262800339
118.30758667009381
141.97725132497942
98.30456275089942
121.05367476535653
74.2790983157673
154.50685961692162
117.79841956083231
149.40556739236058
99.94339496351049
92.72067100697183
138.2588494176178
129.57969030220175
65.23354743139723
124.39675210733975
87.8481709181076
92.3457707696701
133.90363241730384
130.07272001125148
286.7388023578684
201.40590116841759
218.44055363040246
239.19013868131026
183.8273400803789
281.6875215480037
266.4644778491445
206.0024535846929
307.3640605333096
232.23923942966567
161.2395596717476
267.06897132113346
221.4768884209721
278.8767480050314
244.46993887620988
218.62781522656442
307.2095290934042
294.69751361540017
210.48456887413087
217.8366483336434
284.04822189002067
208.09556514459808
222.26484192110576
189.8175465503283
202.5810807628421
298.35641539221626
228.94906827991397
291.13795964679093
200.2099342641322
270.42042040524336
294.10109301971613
185.288957435673
173.13749825929233
218.3555234997843
161.2615426218878
202.79162333900408
247.78886504574848
220.34440382878003
241.15994387522264
224.78129349929847
263.918173167759
275.1823029595737
235.10963893144023
184.68523911915395
209.525470383289
206.58136131194743
168.77568127310744
234.13716335762277
247.4263003319628
244.57346492630333
256.47504150535246
296.4585137689349
301.671769722658
202.1112329384048
229.07241418138614
205.89511917292143
298.9097847596757
222.32115948581213
261.431879128756
200.94724781959135
167.10738246232486
264.03925973886027
107.0238765572366
52.849844634170296
42.17034789856915
114.40116984725574
57.4398482052843
47.53947491354702
91.62409942287368
51.36719549617799
96.96983044950612
113.57279350244941
75.68512879744793
30.038439487200414
51.384176362039966
109.90358089426181
28.17534272552021
90.4287110495091
17.949516136066478
29.227632262368594
67.34112767548825
83.1358515904486
55.73746484496626
47.086673264498884
73.36483091143627
110.95861698744906
52.66036293117049
64.63734214930241
49.26117664626641
93.61589803727651
102.1444895648174
88.52614474564302
70.08594679949842
62.86081750544916
86.12933101010945
90.87170305153245
16.37637456455817
70.58658748561976
28.705065774451903
101.56815185250412
55.5832508269648
89.57456429697928
96.16720281918789
39.650941689863814
42.770893457952454
75.54580489966654
107.79224091578763
53.81435462396828
99.74318620748599
12.526762127716914
76.39391480468284
35.87653542174097
63.60098986815103
83.58402893611063
71.58082765354702
99.78282063872608
76.33375720765626
48.099484768542226
112.11518029859468
11.38308022735636
98.49989408756264
78.22694024922029
84.23569263174912
106.58039995822742
105.0415490055652
58.058225901547175
115.02051865872745
85.77316479878968
105.91182255539343
69.64956242636127
90.81046212443343
80.81390939408612
85.05401091482422
50.83146336057095
90.19666963507821
81.37753030270257
52.17974517639371
62.76878947873337
53.855983401265576
42.96686799012217
102.35363606388191
34.826516291898834
80.12287317742519
20.87159800999057
53.35369810140814
121.81123028200838
93.51812222895717
100.82636897264776
114.36510086386016
39.0873334692449
95.92278300444173
51.8332183702775
5.345330917096767
103.55452358932422
30.929877727796338
58.80147147535694
105.07267039579023
40.28035023930388
22.484938182051778
124.30903145805402
15.2695112494755
13.19810179064801
36.805841226244084
34.3691880404355
54.61084319860103
84.76541679288019
80.97900538379812
108.99855871217196
58.151896493280624
95.09846675699882
44.99419250433932
74.68591891515334
124.999879326936
77.07432759454697
44.49588946986104
60.429993632679924
51.483312876286696
70.87732614919177
66.39384470363824
112.37462293589165
87.6579640279993
97.74000422929748
119.57284234712243
66.96508317364679
93.7318663306824
112.637104148638
90.64501870535105
118.86880837859542
86.86825964147161
21.116529412197096
9.385350422244606
7.376285036295833
44.16089389725326
8.658175582222839
40.33557814812657
102.5234546955266
31.106510732782183
94.31565791748862
6.268721079095258
21.71849429952102
51.78937243390613
88.76073577147626
33.561626502946474
19.47960030253411
47.78731134586231
53.65407359132229
72.33989349210543
43.11393717901535
61.195113573600715
69.81643255304179
48.45663318811823
18.904100856936438
11.096051545464825
87.5074727346549
22.405493265814414
80.8898913629958
56.022660126414785
48.20579496084129
79.62005131462546
65.32322712974165
27.777622765289756
73.5883273160662
73.51366674282085
92.02695965310213
62.69758506231634
64.49957411039699
97.26516898101329
89.19968476560592
37.03549543965386
45.48640125334295
21.819093642811573
53.74806365406833
49.79632866499703
55.39103114742598
37.800765631689714
59.543850687959825
104.7315716669479
41.88872130088103
56.05985270269118
62.57508881095569
41.5295111803512
67.95636565677933
55.512120383311135
104.99718193384186
114.24803536519741
74.42591286923808
122.72035794147571
84.46698907010688
19.969490844347575
109.49975626676374
14.69986003653235
66.5950980521359
89.61925508830987
52.759993252258155
37.828971186402285
117.32794861876111
17.567261593133182
78.59223976571532
72.85505326131536
68.94777673337795
82.7515814874995
16.810431913044944
38.51453841366094
77.55908583615334
46.86533774762218
59.01386759998341
109.35150925590048
26.201022877714955
8.010243500471184
92.7250615336059
47.56209880866698
59.438389633368686
120.93778820232566
60.20754433717198
49.23313216451485
99.33395454975835
31.741237212328713
8.053635478371689
12.412614734124944
15.123094883591115
31.94753560471206
25.980295448260563
59.50166453288949
87.64721063688134
21.15838108993352
76.13701157337788
6.997765281155118
31.659958822601602
97.41621698719143
84.94595086927349
32.20483226285171
87.88156836470208
76.73664538825982
55.66433997158848
73.08525577502667
82.65649036489515
11.659962896478525
28.912829910448025
41.08354945432555
111.86951446542159
63.7377101903607
76.45425600804285
51.3215028489888
50.29042829990894
87.48992139330788
111.52254580232866
43.04004335105567
15.073621934610685
75.38177413745495
73.31155019634727
53.510558795907926
14.514169855670772
113.74180683204068
29.318762342606455
31.072161252142443
30.262028876729836
52.582162082605926
61.853514070131986
112.07569840086053
91.05381227941433
24.618180256586044
50.0002658352178
13.96644167424693
86.64978405677851
19.69385061557054
8.85804455043833
50.1302059651563
104.8353152205658
28.33213730689497
53.10250742621267
11.33438472908015
14.924932073242083
99.05263942871042
55.730405421955616
25.488903040065168
75.63749345274888
42.06151035115877
41.91416373425769
77.59462640630782
59.664316087886476
98.00612848265482
28.416731456880775
89.0026539934063
64.40567127829854
108.07765551477453
49.864547344258455
8.38553248197281
57.322070825522246
40.23787433679672
32.042039313484416
65.24028830170094
114.94005696942284
80.22373430891918
38.44223188997684
90.0005640254664
98.35409534623878
60.31045001389133
75.78654076805515
59.19801744421804
19.323600131408426
53.781143867562385
59.3382375845073
102.26055362496248
75.7083545684982
110.52016893481465
7.498642998277191
35.76150066590472
15.092806195285
13.585019404077094
78.4090731920443
27.508613950130574
65.65428205225658
35.52157463164174
59.457606566088394
80.03722811537328
29.83145720244096
29.018635849169478
38.153116133609174
62.412374703006826
50.27665126228236
58.9558266332228
118.64302657431213
12.925580335035072
26.235288032505565
17.57887885765321
34.050758180343614
108.87567262273836
37.73176634474491
105.21105713361155
55.459324726721704
71.18352250427472
62.323146377935544
83.43464393052629
104.9262158337781
120.85977507218567
95.92366667684765
23.035488219769505
13.901078777550765
13.129313040233292
10.960781587455045
57.275129487099434
82.18109905084933
112.23537089655441
48.88805580704205
112.06867731094678
15.384007477191126
44.74650280105208
35.183460787295914
45.3607390984698
102.79633483026674
115.58528117198296
31.653771319519834
36.497321227828806
65.35661977437084
79.3433072645
86.57844515140124
19.07353563094059
21.678659657308955
23.711237496598073
93.78137910987041
88.42666880158042
18.475624394089785
40.14117784431791
213.44470660379034
207.26923876356653
161.49161541750507
154.77075856878236
176.0256968097919
175.3815668864553
208.9116365106273
198.92435135045582
138.11012926570422
169.78464309629823
165.3354387239194
135.1682372791306
210.86126632158792
159.49470126045895
200.7791340729196
217.95735931941886
155.98574871784865
157.34977189302077
175.95469393665198
190.95544220364337
156.41000599420425
178.75604714248948
163.85466666933183
199.50348803817525
189.8553843535659
171.20008757680242
185.88188344742477
136.86787643294292
158.45362248984603
186.74659208688425
210.9610050602186
149.19035567132494
203.019982028832
183.24100242475782
206.82539864153523
162.42796469447111
195.3916861936917
130.00276079329444
202.1586724387384
160.3054111163833
157.04003328650134
143.55693011675334
203.09278936194625
183.39106844518682
181.62044011456993
175.09216823275685
208.7273090239222
209.53100363307803
174.65106328014903
190.40688117656973
180.17053666367374
186.26581726129183
177.47807942851782
296.2979469492226
302.325363003482
241.8645461115899
228.5681422277678
280.2885148094111
271.2196067608257
265.1876036207557
233.27251816136123
304.13702188446405
267.38677830273934
269.7867817280596
261.71119017753483
290.4319727977191
