3.131571395717611
11.672394654195452
7.447939884382301
1.4939330292451558
18.761794928199457
9.071281243255488
14.079966877223626
3.625936410216025
18.554006177993482
9.889972301575433
6.264785310008857
0.4022695635777769
1.1588401607589258
19.070854505777188
19.348678660181022
6.722239344861814
5.188248096575695
12.387794827203773
10.72302387595815
22.71471708652721
16.613272403477588
47.61285412487144
38.83630223317922
42.284243906108685
31.82436594692537
28.659798946158997
33.56323788435094
23.0573340496597
43.186574207298335
36.50081710723516
36.476106455299394
35.759167921381696
36.024745421093186
40.03138944563282
40.95734442546191
45.87032666189591
46.38752440213366
38.5349592634756
35.922533983477976
34.612739041044584
35.06727090617852
56.53527420982565
56.05992162353656
50.15799267256812
58.62590152766352
55.811721426196165
48.84553000539297
52.69702060188124
54.45765899566187
49.15987860526596
54.1089223527008
5.132409204510163
24.350378605414654
17.35694872923033
4.883162954072313
17.763880270765675
5.357297803072951
4.188420181622632
24.44815824088898
13.877148886428525
30.608760996213576
20.08595113160449
20.81492590699399
4.676325289730954
21.234682846231422
10.274427809217904
2.797838378421119
7.827489088035165
3.2821009157859393
6.593501282516671
7.771229407096506
9.539704522783737
38.32309122810911
48.22403535861462
49.68768233444697
63.145109239425246
41.74616248525584
65.68035896116177
53.830526720160826
38.58325324648774
68.21833504973436
68.96671327552465
69.43929691599516
43.73571889552471
55.7999462081163
61.94501764712791
42.160125419674955
54.99091393777608
69.61714287481406
56.63025366547733
46.978006103409854
71.23347186416261
57.450948319139364
38.35050000343767
50.84475825809669
51.45855186968932
50.73812125567956
59.95343125802471
6.926361434579139
10.043211402913876
8.921356591352719
4.525200655290926
14.107804449572821
7.811481138274425
11.437354578082568
21.525216220360797
10.959227640302576
22.504356500151538
8.779675588547564
4.542961826513645
6.30434963586259
3.757311602008988
19.27680896475132
15.437999264709363
10.793369422611422
4.515738234018383
22.893961608712132
0.2545701322758056
5.8282999146899295
10.243720067577959
18.5603526364254
4.631953754028903
9.99098548206965
8.804283221069932
41.213634880939985
34.4407989328419
43.18412617654502
40.14072899215317
36.66976076412216
40.72526347354619
37.32851413522893
38.799942355285374
30.881304081538126
40.87901734579366
31.24868951321129
38.83322636797911
40.12422503486846
28.692296372944806
29.4679460039491
34.76453984764927
43.50326977732899
42.15807611425468
28.27907505211011
35.662180291045374
41.04126787799372
42.472110348823236
34.51140766710057
30.954627568885382
40.816886530681174
26.787815097899085
62.39964763285399
50.49254834501294
65.75541779727868
57.97791947262622
56.295217481291544
63.20598767246876
67.5167714179381
57.411537410902135
48.151477143786884
57.780158576014394
57.89050179115313
59.137909245906215
64.55120551732337
52.154983569685214
53.56143030024492
68.84396933996608
49.30251743576315
58.67272340092455
56.01572933961708
63.280959775695614
59.37223809307826
56.43415800987357
62.024416494812805
55.29943759476836
57.69722849060796
14.04081070872429
10.147926984699167
7.934798611983002
15.404341382231394
6.996977221065577
12.61475603692358
2.0215411229680633
6.824178392986605
7.505450843554524
25.254152767601475
9.299495662995556
15.591980517150747
5.881693506541497
20.64738242331576
16.66190798596693
0.5667737131245225
36.84908076809751
45.97471466459814
33.34592283982693
37.97697915432614
44.46214840732488
49.53872330778941
26.438760614482206
33.9799155121071
38.54778916115388
41.65812516711988
33.45246259967348
33.62760394857664
39.786642035038966
