36.44350186753703
13.73262447530835
31.969043655086157
5.493936236997165
3.6984227757960006
33.33469919291291
24.464055294444666
2.2486992040548444
31.085339926658072
40.54693658138684
29.132343359500393
31.476434815874807
4.802120221366948
4.731767118261999
6.152315642550743
32.589068196641925
7.482928209006484
33.294320215575326
17.603903333171218
30.799042625378167
20.723499609012194
26.45075060254943
32.96835554297843
22.487180598029084
38.21128149233071
46.55035146605188
8.753651537503163
41.31639296021203
6.42353460074262
33.23410380489032
44.127435361834
12.928922687947036
22.47221980765277
44.133189900599035
38.27595177960433
30.25155069938429
22.340203914671562
5.3518195037543315
22.922143551483547
10.235335712749558
13.262847947400607
2.6982964791829005
15.781582364784041
6.67739597295326
19.655061385693177
27.99497169291424
46.88418118709579
13.511668745160174
41.287871842668466
32.80644986728613
10.873091538797889
22.203527026726896
32.127562725174755
9.48992205737768
19.96916904205124
6.662777717127323
21.976748390683046
18.233247684908434
14.88863015644323
30.646488457509225
10.66980010998043
7.726617570342388
109.47567726687006
91.4713455363678
67.41276405202248
96.30561868521706
107.34940368281333
91.82898279432816
100.18691198172826
96.46786235834406
110.04871369980009
56.70692958299165
106.87980139470254
78.81470999025142
71.58982625090094
84.07045939903226
71.32811585706473
97.57051403879248
76.32731901545674
54.06284381255335
114.63011168616904
107.32623372723688
99.60550482431006
58.620165286098235
109.60317790819923
102.35610878141473
93.04017836515622
74.75034914174333
64.06628791768304
54.16198952915842
69.27363238474018
96.94002934274242
75.08762436051957
77.51391491786094
64.98441070779734
89.51044924734582
109.90871369031746
109.61096604744402
73.45270954172615
97.83111518994284
58.302091972518724
94.67243481556014
82.07465899144341
69.51031018074224
68.61650992662759
73.68032553403584
83.7650606162555
64.11073154117383
88.0463294179091
95.98272399158225
76.1397889678492
108.64361814428187
77.2216221500306
86.24231501096332
70.51992965860936
48.43103801630082
76.51295085356814
59.95652484339993
65.812141510859
64.10525727396269
55.72708251486006
73.5508331350877
75.80365638929938
72.09950705826377
162.76372073516416
143.53379159307644
175.6918145409547
216.7093283084388
198.72512193752215
168.3241315363258
189.22620437813936
144.20795064716373
225.09138159323186
226.5956696934503
222.16645235851428
162.07118118018957
132.50233705147255
163.4723986857204
177.47463669728202
170.23993260529488
116.57910470201759
228.02171531592816
196.20340053684075
177.69653414485222
122.49744321864056
168.9847617111347
187.82740366179726
134.57983493462896
173.29067997672803
127.54784877532242
131.2187428992488
145.1039456329499
214.591215098285
127.29001087315893
199.51096084952778
151.85564419260223
150.64284003522025
149.67134271103458
151.5767403972166
184.6692299087846
218.69444839799561
158.0241458963159
162.456319266647
118.98439198517045
125.4434900041349
143.07710921174885
185.56909455222598
180.48815287164925
212.01636652178027
204.21719499378082
131.90824993006026
208.75578370950413
191.1341528145679
163.8223791801377
185.65307882920197
119.53648181663223
220.57373246277822
147.7507740153167
116.2292359112875
127.79794619964171
127.28027083690019
134.25712400048627
161.99200734629596
184.03183669045086
178.85008872467452
205.9780205506437
71.03842687420092
79.75619633088449
79.20439890847855
25.419490368424533
74.46087423894357
31.684087844225356
85.18804038175166
40.47029327084995
23.218706035336687
45.047673071774845
33.844867525574415
57.65311770325199
99.96621468514087
57.017433025293585
31.048706837251665
99.72723889281812
41.21754384512064
28.146018677509236
71.7840332172252
73.36212554118745
43.399185968141154
77.81630448133356
90.04219839671657
39.54330774704108
42.26129026905451
49.2061275376293
15.294535900160952
23.312906681567718
88.56936398355526
84.24860351145595
58.754659598846935
15.370072436471055
29.366213436267632
28.421112251530452
53.0430647341331
35.40875348097952
89.8189585854688
70.9119273245013
43.581027475736114
20.777085095892453
28.90210987976189
44.05562037135747
100.4066307357869
33.34172114803383
65.42125734931534
89.19230358166249
65.20912781802296
37.04614375959678
38.194671095239784
64.23483416967228
36.04586024858987
74.04295019865378
29.551293144216018
41.18012415149522
52.25820649626353
79.0059289460171
42.28522598447884
9.754793436411205
16.075427291181875
57.476053710777585
17.727331546525726
22.991552871076735
89.8116866552441
73.81069812628581
44.53079894801877
71.67592231840062
13.389402227842183
47.29042846979485
39.252011186218674
74.43390261673956
60.21444312431524
62.70111634685612
33.27181895632467
96.38361263287482
84.729934122002
69.6864594926218
91.70159919699817
89.60641544560939
55.929316741621584
95.8867272337849
90.71942830606216
76.66922378864045
53.30934199486734
81.49135732597811
50.536800906995026
90.73935672644018
90.42885308335937
57.457956638819255
78.34524842706094
46.05225341852391
53.69573216373715
43.905514431910746
23.054732572611574
14.888137637933369
93.97283901158278
58.0904101257555
37.943663124005454
31.821739192643218
99.71791805389424
91.87512225399728
75.16243486670696
96.49192924573781
29.515341163619404
99.16154826915874
66.629277552263
39.16736759583622
35.20105769964421
73.22045179539403
15.471845394962813
36.589584600537165
21.67356616865864
85.48867958080173
27.63507848975933
56.6002947465174
16.20483514693835
17.40105911244156
10.781164738110398
71.34688395249752
40.43795171753928
48.177948286969894
24.81638261985302
94.71819234698623
86.21776856667466
65.71004486875196
83.96384276392628
42.68174908398349
7.916972219929676
42.60165704706771
38.26262836593027
83.37327664884023
45.641456287546674
45.205075917540434
30.031387827678515
79.80431328368317
50.197452641486585
41.23271783564488
70.02325902210005
62.204740278431416
50.57065175547947
96.70791115069258
90.93938814029798
34.45145189053637
15.124710598696986
50.39521360180505
69.7798648749838
16.537424289087944
79.84635578722265
30.83107140380251
91.06664952724216
46.35264906068588
92.29533797962395
54.43454724103962
59.70848635847833
92.40015506944488
79.5642765523065
47.593573643543095
88.13337692519525
44.285152287131304
17.283174277116608
41.86458657348719
100.76565306411887
33.115749083948714
70.21649097789972
38.47243996801207
33.62244147324088
96.26619654039456
47.08860679373988
38.67617026127775
88.83337518227665
85.42766931072497
19.318500611102223
48.396386654295746
29.16167905920978
16.120250621905257
77.96519656211005
34.46413747314418
66.52910533570547
54.02682331149737
72.61981245033267
45.76054649245504
29.983982486275302
66.79612203180659
54.62903359883931
21.114411130404036
31.726592926803804
72.95299761138449
34.43082357639155
30.71778027673647
51.442962910776835
79.93580413843227
28.01067181612093
90.59562731938144
89.87788066727495
52.80906483733914
87.66244233348988
65.31954314860712
90.57343007322834
44.09551191210274
58.814133029914885
43.51440475490552
31.883894356630318
57.0874007322934
29.2348088457125
53.35889077286225
45.07021098193187
35.63933315967749
19.623532093520822
18.80289424070105
26.275652735862728
54.68723478834221
89.09584120913348
60.81255789254398
40.582285965658976
21.467061457373134
9.785274571541208
47.48386727200906
96.77262001080206
16.698075986017635
48.0385414716876
36.90549380224944
90.4324665844062
60.67492914833833
36.748234875782536
72.6022194389445
52.26578824519524
80.08016267288622
62.48078902581068
30.59134073187693
87.91470993309291
97.23004341777023
28.52596459525519
42.66242259560103
44.83995582331853
29.78809633271088
59.19113015204059
40.335739569410144
33.91910505631352
68.89060148233433
87.26024623717817
96.30597531299858
88.72977678921339
42.985875932666374
47.104228747185516
27.326170319746446
85.55824942464557
60.30147185835723
11.278632890732716
8.935552490538441
93.1578355076007
72.2647978915071
37.85564366786036
24.284156363443163
85.21272755132726
99.02905179576496
73.97864297098616
88.98277037838326
73.88200282621199
51.73412896734297
100.57172186094321
61.93492952169989
74.20297419041385
43.17293920888557
18.29620299471263
36.20742836727138
12.437147055981
47.7031242859509
62.690670129403486
46.520772306548366
50.99004034715245
16.890371838090942
88.28259514629512
45.7955850566535
60.25665161907452
72.46714521128735
10.685434436293605
28.964591359670404
72.85358502960888
56.59998255968953
40.178401400915995
82.21906516367525
92.86856257021421
57.61294831697358
59.51313067745059
12.612749696315774
16.416285070076313
21.40053534724734
50.999858522501896
64.4242516150507
63.98359778457565
47.052091036601915
48.62582702617026
79.61414561298797
52.185754160364986
28.409040478602297
40.95690608041856
77.52995636162048
43.10452490348928
79.41991754530005
50.37682420108008
35.00531218402401
14.288925425931964
39.85269813670119
61.26384568383097
41.4268611325415
8.116586450074145
39.90394423389417
14.242920811100177
60.83020924397097
35.24651856457396
45.70012006941686
56.58413592848466
70.47015436673158
85.29528760689581
36.25269015687592
69.64468203813132
67.67246245927743
42.039689254095215
40.78120606735034
32.12572936703215
41.089066237022955
51.75703363817401
58.7135228050842
95.18240534860662
75.14826692094496
90.30818245400866
63.91621725146949
96.65256027191691
18.137113407048965
21.534489270079362
32.079192579118704
97.08126800477578
96.71755466530436
13.114094023865277
44.101082429108274
37.708828179242424
52.91689951122446
83.90680662155063
78.11538491566954
28.376928027829017
58.56410735011806
71.71513344600076
44.14942140905335
39.41169169930215
66.82458652457863
34.65094545150659
28.84913328259955
80.11922210226571
40.84601215115373
45.10411911760965
80.00907106792384
61.934892535959335
73.4412203566953
100.06736798938896
19.821257819994244
86.71664254125696
29.901696723180912
85.93075332929965
76.7762314659275
63.54426285871468
58.060149112085185
46.32499954654334
52.71787680190912
63.30418141736207
90.3963877769172
91.97767889893777
30.313354713681125
96.16491134314187
80.4879649494588
70.17537613724329
88.35528762826362
80.45386585677693
61.84635632376296
77.82828900295283
46.947815166315586
72.64366310251705
34.99138559643292
83.99926816276044
73.29897834189771
9.969980309748948
74.97462983983081
79.4210857070706
33.42452438932639
76.59743631523293
55.795017226891076
42.97320532142861
35.689610585810705
85.37586984046024
60.14309698651899
24.633792010681923
47.076256076956405
52.19755413288684
30.744095665993136
50.40092953544652
28.317928506016074
46.93218994900735
41.312250295755874
49.30787056914909
63.74616717516204
54.15453103232555
53.063670568604195
85.0603186434642
27.571313627738764
64.10891128245032
32.64729456151397
73.0534278162063
38.45106315696769
23.45694229052693
24.068774822473372
96.5540047366384
75.08661831043668
62.21956181329373
41.12878917582043
48.4566538708261
14.861715580800286
56.364423218704985
39.64321303498127
10.670442535585813
7.525619739098644
20.40061223910334
79.95941787402717
45.26855762369774
94.66695930933423
20.892919918718576
13.405349083239493
95.9654671793309
31.657156448182153
12.693161488634516
30.494320770847533
69.870530849186
47.789267725174724
15.8236452666427
45.76640012979052
62.6783056156749
44.43107077175505
53.57684301425099
36.89519867686529
68.15878378813197
56.41780122520016
7.606971058687122
12.45274515674626
47.883100515755146
48.78701037778059
31.49146339350129
32.01238750761158
62.37864218564911
29.646525978582016
80.09221480006852
64.57588843254473
54.335759075164546
86.61878345762491
32.96775520353107
88.10714700525484
49.13834460614697
69.5069835653634
60.14719678634708
52.527321820197834
71.80903822796601
31.14741118978724
19.84345086734195
63.79937483518613
16.201979165357876
42.74791749153174
93.7049595311496
40.461524335274106
47.56220534741431
68.88142579842068
14.550845866574349
15.00040814167351
130.58353636533403
124.0534332716372
123.99394934815759
148.91445085380198
107.8715202018883
107.04264896251291
103.82634345064642
111.38640319829051
136.64509129568378
102.06697630019043
128.31771037160726
144.56864305511195
125.98546271038998
108.4206462468068
141.95879270805204
136.53584608122807
113.25743728243138
118.72146820993817
115.05345036387843
112.24326580048643
138.39146437307477
111.92627081876314
136.92265399029841
130.13715997247388
102.57003527747734
104.4188858371002
114.35320914376413
127.79239027478881
116.51810969642797
120.6256722894643
133.56010855020972
127.4783964364685
107.97026825340113
132.69492401299405
148.5461757503281
126.38270095647492
120.0843801450171
117.80901367654917
129.87059637052496
141.71759420201158
103.8518560372325
137.86015611592788
132.49838640530632
135.9789353531518
134.43447203271285
119.06452454195458
119.18443798924567
107.83767658964878
138.94109614679888
101.61100170882459
144.98352478410004
108.05893511057572
105.82855082241764
138.87014275064345
125.04658073240901
123.84522685536933
141.6052749844804
133.74676349673445
142.6452027018756
103.07946731518086
113.08600974847248
138.672272739616
146.45433879035846
130.19202519436044
142.597277921621
113.33555920958572
130.16728629474898
122.54727708795335
106.35253352520095
118.57446280602387
135.81345220571896
118.80970335774668
113.39276472705754
112.19294809182871
115.74088213960117
134.7222563803018
116.62765370171354
141.58426840768334
124.15480051409642
144.71682977901366
127.06541684074591
146.9655432303098
144.5002576534605
119.06968013732731
141.0693878783604
124.64256637764493
121.02294376597543
128.58625515644724
147.623273556654
115.13033612531756
116.91180709702515
135.5362075257005
138.8107292593958
170.60213610870656
161.76074519378506
154.49556043483975
150.09768328213482
159.68757347027343
157.68343648238758
161.7002305338787
154.83396664651406
166.01946395460965
163.03770698872637
157.89053040451583
159.46820169509823
164.47843991092185
152.90679209741364
153.15256105726363
167.2241819722641
149.83707851938175
159.59057630458628
158.62003174485776
169.71512559490446
150.2906841128089
156.76000067769954
168.66205386564164
156.60763473770837
162.65622854860456
163.79349066658307
168.12926943138126
162.07003453115664
169.07644617508794
160.50717762570793
162.19363687813555
164.0414137899679
170.20736847587588
164.895580178607
156.85105805027297
158.9002996046807
149.82977734241982
151.169304464656
156.66967466463248
168.302770359636
160.07013365424598
163.08964272945929
162.98827869295175
167.08854447957373
160.08218506057713
160.30671479603632
222.95570277704655
202.90213640147002
212.2249515392551
203.01512272995868
195.22435280054216
180.38673256607547
222.19650965441457
209.1467323981127
214.66301268659524
218.2704193741915
179.67444358274025
204.96559535447884
184.6618781777273
175.99230765558826
173.34468004173675
215.97735485285958
171.31896803680766
185.13468903217876
199.59289853348972
173.6838987012405
181.98706549947667
198.34091488579577
188.93090403888294
212.692799550579
193.52418643973448
178.31036596149062
189.24617392677493
182.1779633946117
203.29277038712723
192.48322059815192
199.5398019665773
210.26879901160044
201.6272873518371
219.39132900660428
231.1693351064374
179.2488656337018
191.64029474487776
190.86130720883025
181.42557190699745
213.75114493459023
189.00257908316695
226.1514945086233
185.95925335612682
202.71629608801624
200.1033879843753
207.58726988265676
