18.199303540289037
30.68875918645616
8.01089449398648
37.18329681405432
38.96189139622688
35.05629191272045
43.11807448425584
7.761905944605285
43.59762149382903
44.550692403329535
56.92718971180636
13.476261449389849
54.40264798534163
44.104296478636044
56.53382112132368
19.52498784261295
20.038039841483187
33.29488691714789
50.14267865329458
23.280266695124375
25.032015423352462
33.57503191652756
24.536524181005575
47.29063116532491
18.324207049729008
58.40385677628803
47.73185913989974
4.706320095126067
16.68691745989125
41.756212012768934
42.85647445970491
19.005498231026735
47.73191332689303
36.06571836812843
19.70676985689716
23.82327084976474
30.022519291584526
33.85272966107576
50.68884137658072
56.214214521689996
47.09965400784804
51.10652897020688
41.497137589919795
18.669560486954662
33.26815970163517
5.810577017735596
15.236808491472999
31.007889446436458
14.665359889111567
28.810177128716646
43.362048760465896
56.68308918125176
37.05023923403132
6.203331384144246
34.43693251793751
48.07931001584986
53.61535844519298
36.875342509857646
11.724094503652989
38.983966533081315
38.06874184769025
42.19028800647856
137.95369463893792
126.0556909170968
90.81250608685568
97.12526478528254
99.03616676161607
143.5374456758419
106.43932556623558
143.55392597026315
146.90513332641413
120.10663638815893
142.72458490478485
113.8823492460075
104.70111523783322
150.94747796135445
117.12561948546188
100.90079412179573
104.57777122321005
89.4838749407256
92.81771555361135
104.35785379406225
101.0696729994928
68.66479091065011
111.09785524956537
69.9814265589191
124.63874470716877
107.34777947395789
73.38939489812151
141.68634316191844
85.17452631778221
153.9466807566566
132.82230717027545
94.32023738979343
126.05153654677514
97.99173837410545
79.88322379973009
67.90432384252316
68.45253898373804
70.69757371803908
132.58761569631338
76.0074240505585
98.5015981696634
137.5277170020904
99.48468721144917
82.756227725395
130.55838428885275
68.09030619309657
68.05777770989292
109.67676189479862
120.55368704781978
120.44620247394556
92.90412533658095
93.35589311778675
109.57405342531627
117.35071149948443
123.17887857977614
127.55799594531584
152.05294789794047
126.20562366905712
88.85746706282836
113.28741578560555
103.42687315797724
137.3804239521768
290.65743326932227
195.27169922167218
172.24607482577474
281.2958338393077
254.86285476387496
257.7904773216276
171.34998245212617
165.84890501822758
260.90504007881304
195.2879273626858
198.5741304161985
195.01793140230032
258.40230719110633
250.08857857805359
270.04451124523854
270.40292460000194
200.646103368706
207.9558435223018
160.01258313493324
290.8913717564401
277.9081952895309
249.0245619867934
212.04406441739346
228.83147235810782
269.1029976989896
283.982528853105
176.99784439869674
205.8612422188547
251.43309541418736
209.10257132207036
204.3687729918646
158.34605978210192
239.71002810386707
208.76914542889233
158.39431890599562
204.8946022361778
210.05673970261228
303.84878398217666
176.8365266271663
301.29720538305276
160.59760498627693
178.25571743398757
222.98881120544033
235.61892942414033
250.7312007979486
219.27854058607724
204.1460372901398
233.05496389882592
231.12068369928033
297.7638072166524
205.03973342243484
188.20050491550617
301.92618799213585
269.41018170164847
200.53336958111234
267.4406489948799
211.30996373200577
265.7118215704845
227.80385815792616
220.54436413069948
240.06671074816782
265.34340040917004
94.26429913449934
69.30941044478928
79.85204859228921
82.05129265017054
116.2603769971707
85.40819741019985
39.47173068417881
93.8461131222717
90.2903649248477
98.84894948949514
74.41522384685703
102.34064244187692
52.29162723621426
49.54519008497081
104.0620620505816
32.51404700604697
65.22887025412285
82.74938133571797
61.83819182536861
87.76327223018782
30.30211752498934
34.19709676541619
22.234669355951056
106.67221255248214
104.87512953881891
113.91759790386756
124.14167539033791
73.65409627643918
80.64784765596512
86.32077200424335
14.881556541536881
7.245462836659357
42.65444898969756
68.90902918746973
27.773513359088604
44.71810955424473
66.14772935130237
29.574732523347848
98.5123010317855
102.17247480533233
114.72249301738412
23.160493893812948
21.604374329958823
94.59352879524192
40.104369092542186
6.079012275154433
59.224594363290464
56.47768133063602
76.0835550982196
70.77938389571938
82.3954191764323
65.59054530008876
19.537601755230405
58.63012090058803
85.17887782326454
96.05093530506652
30.917546431323444
41.988525260805915
65.27069821748414
76.71578434088592
86.86867730668283
83.92206674861708
79.9866445854426
14.709222630290007
9.598293436434453
74.06669022720554
19.090048321292883
64.36158990916225
89.36795189805163
116.27438359838821
65.12230460183292
90.80335763646988
85.76500059552916
84.79150314051853
38.21199682111718
95.10569050013994
114.27787854462973
54.68362884963305
109.10857150695672
12.86159048123519
67.94497416867537
66.70061140383206
116.15759218995834
123.38826602759558
102.80307791948431
38.74730627576163
13.796954317532538
10.067610303037213
62.23530490156434
72.71681379860533
67.07537654296702
12.72165117795111
38.755978815426616
31.730911929803398
105.29460402270882
19.238580002187284
8.292759965308555
64.8462134406155
87.31167560408585
68.06978347841061
94.1491368633613
93.8873062920432
73.1202489385898
123.61163140655984
123.40548463065443
67.09729725875859
92.9208689192007
104.4886489852762
95.80379113692474
103.82387462480239
12.250797050808515
78.0713250036666
48.12621351781098
76.26151926417052
102.24769787871082
31.025623820574268
69.45066018794535
11.342798497960189
31.391630042568316
84.20567434187518
56.415370687843506
104.41237563537916
55.536850304658124
31.991135236715202
61.79933348327622
51.30963213531513
85.89095319446494
111.45029789179912
74.97035900017536
107.32017486435814
98.7447028865895
102.89235400216893
40.40107110348465
106.79988895040215
79.97621531763765
12.71321349512688
74.2652079327455
41.220559209625975
80.61841795788835
35.34372129595879
103.54003301528135
42.61664125630999
90.31804535169006
81.06654403649125
39.70697058436841
15.167713567195577
75.49113467665343
53.44538786655059
108.09784718674682
33.84662551888621
48.4533544567943
80.7008636369532
53.63406751817277
82.19166825633492
53.150274248739834
56.09706041767494
46.03102153266805
90.16147271662825
47.130968567067455
43.12324796314641
84.0412809764324
106.29021835166606
96.61859230310125
62.30722949890909
83.20860773550336
59.554568793467865
20.061058207527502
43.90270909306966
80.71989213410723
31.245565483069555
27.78258330542171
50.00933777601456
56.46869908100757
76.26984072677496
27.62077424331396
43.28683491849854
47.93352893509701
61.60644487496675
53.349626888717545
94.81826314076471
98.30394384369725
10.369792735191055
23.421203437471405
111.05220986513477
85.6800618189038
79.3800950297366
26.89874855803913
33.087483731439455
78.04309647310718
88.3167239290733
71.57772599139108
63.55630353069931
82.20104686607172
9.571639529536824
41.57600114790247
77.56290417773707
74.36145795750357
96.1109557674745
60.72790156703102
115.0312337087085
31.49173868969868
82.28513989101947
19.773090172492445
122.64899514968788
113.94286685297598
124.54440529263618
99.77185836603518
29.233858056608085
102.90765350975626
31.833002608963895
66.23215607952447
79.84882543174896
45.31512547308197
108.00333486469229
45.52840105855089
98.98524770725095
29.487940291811285
104.08580218552677
97.35775330201139
48.13198900060992
78.05084103549923
86.84311894081875
87.4888322576104
122.89654386410236
49.91778529442551
120.82142626076886
53.939000473790905
30.545792133994702
78.3591712552322
48.43834926517427
110.2901326202875
21.498208272369205
19.583358277800343
33.40082396064348
33.44903769307806
65.09078528266937
9.905550320887798
61.79566629892584
43.513383852032824
117.28331229852161
10.677462695083449
40.15896929442799
78.14218961901355
9.03829279558812
66.31012678436815
94.84686080759687
72.6343502630697
73.98158914509077
47.79497739057862
71.73040738168037
53.1612241436137
21.865205335517864
123.7969063881434
63.84580754140504
48.881333380520246
106.47962011084103
86.82545091210503
43.8312468273032
81.2895649451246
85.9470608301481
48.61478840330513
37.09062295214866
104.67417674637487
27.726742715068895
24.708404868490376
83.17374399108712
25.374088763937372
48.569667588723505
63.98186405679448
8.854815486101977
42.66292021378963
106.39551161780744
74.63182665251107
109.00195497026988
95.22041889828583
120.27919073916306
70.00443059441267
24.054078772828902
92.00594275324892
67.2446340870313
28.573536869885764
11.105406073768421
98.11035084149381
39.46549592736881
99.43850518307258
88.72319183473108
39.116185820575446
91.79997551977897
62.63444801029624
36.704316390521484
59.27651799503765
17.742679617749708
72.87214537702934
83.23889663025133
62.19162327408493
11.393307979204714
88.47494742961325
90.29107873005754
47.69194795915959
89.8747802200459
124.35066122665467
25.697325204901652
72.83653114574302
23.436662173087107
122.45922624503086
43.423614958392776
117.39667248406707
95.98306635818946
99.84434295269102
108.46641431703763
40.01969017281051
108.73040431831974
83.6513334057117
89.0470678027536
59.558568003932244
110.8174997051425
89.37332974078211
23.67325843690363
77.21320547941717
60.64226933479381
76.44772453504115
88.60065570189016
109.33520909222239
68.08619751512846
49.15795785835684
46.2649751614949
17.657372517232325
69.3989729309636
92.71140013190644
79.47813596669667
41.035242949889025
69.7232115532745
54.53357898709456
30.101681330406663
13.604439205304509
82.00364232855544
115.62978642215748
71.39803955146006
73.80919352999693
51.32181170752057
48.9384503921943
88.11605646494873
103.0738094353137
44.85766548744914
23.3093080262594
110.6951010077428
39.43824096451655
27.773479289188813
35.43416057670109
55.965240219142515
93.14516985750912
29.465883079797763
101.77485088206859
78.77843792878656
80.84011635848267
97.67672720297642
66.6597367953722
54.72461643795799
75.47979257742155
84.64890224773657
105.38774999522687
130.17766744538372
199.43084658403467
129.3805139333711
191.24479425565417
126.65101533354853
212.51011265916654
174.1344249731493
202.36607461266456
173.68556780957152
155.27266818036287
159.06169221749334
131.74873753821248
139.51885534656742
156.7036798635807
176.39943449434415
171.77534763183206
171.11035108077434
140.6536704265358
174.67354047384634
153.59757403284542
200.59491021700472
127.62757262400632
146.49012570481696
172.98307567068767
159.27015798661628
168.63636293025107
216.7410646715097
127.34811329307931
128.29637230777846
213.6384379584133
157.03867168406668
148.32890401262995
152.6763795892646
186.6576961902237
165.80862351643526
189.050857659553
200.84496841580568
153.92087546528796
193.93402030966132
219.88947276643194
214.46594127772525
188.52289209683883
155.82839436933202
168.3830387881366
189.9938549283023
209.06992118415548
146.24309294942958
204.33235225122925
162.47261023246688
213.92810988207827
187.17667613208357
201.880776864332
147.52775268888556
289.6605371522435
274.13280645376693
226.61624263063737
223.03589180597635
232.42389467667488
228.76841370427698
276.6157630818432
272.6278591033738
269.6463022277734
251.11941784627047
266.5092282241395
296.84364011464714
258.51890801055293
