54.9397683459049
29.26547676721959
22.20579893626707
21.12205249826154
42.00527768978819
21.02823084044393
55.81788570464101
40.30230328273948
28.450940100945264
46.40037571909603
3.449972579988767
41.903340611031005
11.505161930525638
24.17679541605311
3.680782471513485
4.983253148596564
51.3664241735129
16.633962985932975
51.98755190334124
54.945120175852736
14.29388446655646
31.459469492644835
15.782337014746984
29.90190123802917
11.682414592444974
53.564316722580834
13.139974217605346
11.47355313148509
10.230253461114962
41.53523257358522
17.442400630346174
12.725311398152398
36.05373064925354
29.281083845728723
37.249040381994355
46.829338819829246
54.19114839755389
15.803955217354082
42.470485072824424
27.578584369916396
10.53286783800003
8.076830509815434
32.625856699513044
41.32465029028667
27.116922108923266
14.491739285199417
2.2838571564340597
50.28268206945342
29.882657565351927
55.088590981529734
39.343546126679506
36.314988337894995
17.085270989156207
25.398279260465905
17.489275379800528
36.49252394951974
6.799712571062688
26.954365338006692
11.296691588883217
21.648666941024157
16.79561617104582
4.523004871948057
109.23748677225738
66.37443976140523
122.05150420897762
76.10567488026618
90.36028286412122
77.03216677226129
131.0471591094151
74.8237938268581
123.64183808418359
115.07035020821264
84.62941538689167
114.2254194365496
60.54580256789935
100.65750406291357
66.65919264915256
80.43416730167615
62.59676840808861
60.12900631114888
72.94942011812492
75.42897450422534
98.72427128095762
117.31515865215658
100.23487021913739
128.30352793280514
99.63678108490679
69.1894074106938
61.082940064534455
98.63104170107911
94.41271681577855
101.93739713961503
75.90757540052732
109.71556285873164
108.30909315216356
111.41086411880471
67.2009893986201
123.41609772726365
59.895578130870184
106.12639697681098
73.22832787358502
65.01079735202335
65.59165828347115
59.15081721952878
111.47528078036201
117.93854685465206
94.39629676490276
105.32831118704216
86.95001642510049
117.64336572459479
104.80055664325945
118.16063694224962
57.43573164453439
92.02396884267257
83.48530563781003
96.689770031313
95.6923339323412
95.22995133363966
95.35052514868927
116.80152099762341
114.65066030130329
101.30309852919054
76.2571660023643
80.37857012933219
161.13055253738878
173.29045276285393
201.2062143705349
143.9356723428488
164.74851886911563
195.79183815184354
193.40730648005552
146.96154799864993
183.19643060009864
162.663599888444
158.96558728600652
198.58379245115543
178.3004513282087
148.74733344756498
178.3474651262618
191.708085640975
194.13256296255818
184.4799549531577
175.60809658552492
137.02816163328131
177.8166045274329
217.35462883590898
201.97059661516204
159.64703561810092
207.7372029512068
154.45108478735773
167.853111784717
140.41209690975234
202.4732555033773
135.10554480674185
210.64678836934704
222.53635790205715
178.75533694254435
167.99273718108967
212.8756483108228
207.33982863117402
192.15449612205484
188.92398028599044
172.24243166313067
198.7652077561314
222.31506221270672
180.03987588892338
184.0107587677203
186.42220990397692
179.3218174251944
143.7095307819385
191.29038247776055
203.15202973837052
193.35868643321328
205.6999132174983
201.99729563514796
212.54811107421025
229.56991998837054
198.27963042642006
183.39663713129315
199.38919969968623
185.4023919910072
207.4746624513978
171.92423614115816
191.27880638756878
200.0508048086612
195.17368511710708
18.036150112322883
23.518142575999388
26.988247247410932
19.09697914803901
34.07490403240527
35.6566211548843
28.391066276929138
27.350697584752055
36.5266854730603
33.311396036439255
25.42567863257214
15.063669038240816
26.449246981951084
26.4528633968433
26.157778906950693
28.154043600024032
31.609690434420298
15.97775124355329
26.44209603472589
18.444238499634032
33.1359118722883
14.136139137652759
35.80699257158205
18.559067008036344
32.358080581040745
35.2100939874456
23.33872063088371
20.281702341796525
22.064604701129248
23.659844261726214
32.3223879739467
13.296209742498405
34.17154011714787
28.583494098226826
15.535832683189707
32.40916638882292
20.052619799045424
36.843926294059095
17.916822909606132
15.614033245590623
32.552112703084006
13.493401110975507
32.58481622846929
36.64940141514492
26.856156363315158
18.13167079946004
20.463217731953787
16.436204713451048
32.294852907929666
20.911940388019723
24.956308497814792
29.588844516727598
31.952260111056138
20.25337428476969
19.46111642986282
30.13456034476785
35.4197658552837
23.529123018739575
36.54665463707554
15.774102369632772
24.8010832664573
28.42858397019647
27.14081284444721
24.61573177636583
31.457838546494052
27.312884750602592
25.944432738612853
35.638912403465184
23.329385940745194
35.23712089486094
19.507218351171804
29.39195333888256
34.948142277442656
34.689392409121
20.885369444817485
16.067292036221033
33.707731146774734
36.46318280292028
26.398776155420997
17.92121365271037
26.091425143301308
16.067660852389118
28.814256762892935
32.82329956624803
15.233209719076523
28.052126358198485
26.314830110880862
25.640777254402696
31.293580453861754
33.46122369424637
18.145331705510785
23.53357221638672
15.95881490464292
35.16399000897454
20.813423552901366
30.870132094233508
16.26648178254973
33.436571720913825
17.348789726881986
13.322809855916411
14.84923133984578
19.277509966684704
23.489914820290217
25.707478548434082
19.30835882235244
29.924737530265016
30.38840596574193
29.13020879749599
29.094245366789817
24.55371274999195
13.711281862853507
15.109602876941322
19.5946670208119
13.790958671296075
13.134490570098027
31.135592312536215
30.607534260187357
20.660521660979995
27.253640251303928
25.432517898404893
36.669615020392385
35.074863574686376
33.65025393164407
19.233607327213715
27.21067698900816
30.214304030111364
23.662238196401237
35.00374859510117
28.60676578993592
34.71147214229342
33.736607985247
23.009991709313283
23.768449615599845
34.13279462617572
23.425040275807262
16.139298514160963
17.487626360551438
27.65575760844616
18.713314086101814
14.476756681686716
23.65245412426928
17.651235080502286
27.492341992188344
23.796165376010727
28.235658710925215
16.52426666236868
14.287136743853331
20.710291778565903
24.073493816653762
28.85538312897113
102.14184022056396
63.11912885517034
81.51779474710699
75.43314442089529
43.89083482523433
80.3616265803015
63.86663636730803
75.7202651895229
60.62817335629591
83.91366875845428
54.09227213770507
64.53191744964965
92.71958038170925
113.08913546272288
39.66239368618443
51.81799416943625
61.252566517368564
91.1982433329475
75.26758813097034
78.0285061648704
94.54541390108362
91.80324766141644
63.842958259816
83.26214927080628
61.85786182576588
88.94706212222022
88.20474154164027
55.443034895512625
54.12650934404326
46.19748989075296
91.85697843543231
111.36814309469486
76.00144782520931
85.62319358734254
94.98576760765877
62.609710640439005
68.9875885625215
51.402440495058066
70.31883500289483
111.14717141868603
102.65686250227967
102.70377616382976
74.93582660532228
65.92302045119223
37.25226468616381
41.39211704668702
88.19428306296986
88.0236238416378
65.7932145599857
108.82739901073927
58.92264749445964
106.3971294000429
74.8160843774418
114.51570614829123
113.30424951545896
58.260092145319334
65.44202178645419
38.19911551092242
97.09164441844604
64.50793825524238
95.7014905894293
63.52232579762478
93.20859901168244
105.89896720377106
80.27133734368633
37.80308092296208
46.47756762934826
70.01517753025446
53.95623275030587
106.13322168263633
42.19344218277969
68.16006778808399
50.16179203559679
103.31037791483507
87.24727814626294
163.98847883022623
164.82050898696036
181.78798837613473
184.26863708823976
159.12572768172325
226.7431040285432
190.27289984538342
158.80346317209205
157.0778895317956
119.4833281550774
214.48614566601145
219.12271203424075
143.84467621425773
183.76720552751993
175.91411380529473
208.98787937552217
197.84503246043184
218.5105806520785
222.09544412714368
149.23215112993927
167.4638841163639
151.8015296861869
121.39648031558951
190.81519697408774
210.92571884009553
175.00351216542882
134.01052220319627
208.08592393624542
173.30012177190196
191.098888687531
158.7425876696189
147.53410834943796
202.4031841314319
149.70007862116222
214.92914257609465
158.66047956904208
198.15560867786783
135.0735516856944
141.53668558102234
217.33297847193916
200.0177287253477
154.40622462506028
186.70463239243546
134.14404983997457
116.51258547303686
209.8411180263244
210.9840089383251
175.428969695502
187.27129478616007
157.75925213671877
213.87818695395143
184.0705442919298
171.32819561719265
221.30991744377042
175.29099083576287
164.77698011192697
217.1729598077457
183.6638008340114
221.48526527935877
155.32039000914224
140.70884039098837
177.62680497143768
225.1364176790743
156.2067816282202
185.35192049148642
203.76622643299692
144.40060622882413
129.39516550369513
183.05764684639547
124.3885761016929
193.41600909873034
202.87814366991532
204.56328861107085
166.58181778123398
125.26332166425223
193.6721636753009
226.71787458457965
156.802597798302
174.3136993091022
173.4465298594111
158.1267046380726
154.99224804286618
200.001103371084
182.82248074126792
200.70000160655567
165.64356911002366
160.1762482298515
195.2946061847848
130.9071202605414
153.0279176108089
133.87828698659015
156.43024378542393
185.41988687871475
172.2933294887154
176.1814422977587
230.79157660849376
146.99141813238967
187.17908960495527
230.22625030252232
150.13921768656783
122.02802991631854
163.1159390482179
199.48907664694858
141.17487237317914
162.67529574734647
156.65122307521415
149.94892100909092
208.6933502731141
182.72358630459038
180.89532403864587
220.51151663348475
134.94388173334522
139.66310358247097
142.0848044869596
205.355949117771
184.54334382477268
154.02793760351764
174.59252057021266
154.01962549877138
129.22529914476235
142.3258709412972
167.15217602144065
206.9592495908778
132.69506394656614
135.2389052347001
164.54093934243716
171.1492478846326
142.67872724487293
187.2573082197648
205.24336909506903
200.2086930555865
139.17927756107593
163.5575914705818
206.88909328593536
174.46486116231364
199.98494068216107
175.73046921077483
188.96359632563218
168.4842980680787
204.86550032546586
206.7242178888132
165.86127702672172
160.7501696807373
171.39051451392316
203.6622963858347
231.0638380791083
130.58943898705655
165.00437495117723
193.50579239809625
153.84880411073271
