42.67558472516178
23.15237678031274
30.72245392445378
21.826650437168983
48.277883512003925
28.569272211429528
15.598421744362602
24.85865584377821
38.05633230186724
25.35517212324563
13.221725076358558
12.98970428337347
29.97632625648177
32.04530915832904
28.45153167557013
34.46039673831307
21.28513466904011
44.63574602347331
35.18189276640908
36.89940846334275
41.73843795458268
35.6346202408464
23.539093669270272
12.374061148495965
37.12196844148852
12.104383468257979
38.45823498270099
17.957910036747677
38.39703055214093
10.32134381561631
40.50085375279083
49.44622753620327
25.662029766610058
12.814330065873758
26.56492305765774
38.384446409312204
17.628502933213372
2.7840140321950244
22.46633207974662
26.287853329483216
46.321533907620974
15.366909910433852
18.207560409021223
26.16189634593785
32.28939976314163
12.470370292217776
43.21011301657847
31.531422941819844
20.3580154057665
33.00615532941478
84.8507432274773
70.63340798011711
89.18761161987523
80.68713505779142
69.86232484526703
97.53143512953469
58.83804963702533
81.99495696543671
93.60047678235267
79.94588909981489
93.88799153984017
89.43065268372945
100.04256655713733
51.65977885886149
86.80715163161194
69.18739070226832
98.78758616754186
91.14803089654666
55.635594284361034
61.00278573334089
88.63208888015507
55.815253875837854
63.14386500162421
86.02661757726077
62.04420069724032
90.39530176869557
85.7394564087686
95.63101021447167
78.03440364041862
98.31591585540403
96.35410747540378
71.90019980132644
75.69647938584166
86.99449587551528
56.35761966510105
66.61617461561208
96.90876430805842
70.17143440003116
66.75607083707803
67.89568955438251
80.11800707482833
72.84581054898938
73.49638817770898
86.06003095757123
97.10978956461987
97.59374223728408
76.59778317502074
100.6030192584564
50.27455999698191
68.02061516913201
127.54390688510094
141.59196393829038
145.50713861706302
120.1462812133662
102.05375479984812
125.89652645801738
136.72951921367584
122.42896040653717
119.2092890229032
151.2104702935124
128.62759016702853
108.1847619393092
136.94215172625206
133.68402445260386
153.86751908217911
153.3778698159653
135.29468028911424
152.38119506399886
104.70826289400526
140.13993320493054
111.28121944040714
112.28226386947824
103.3048952785698
101.34172823136404
106.10634225041446
140.12076370173043
108.92513512107064
137.1804804447811
137.94898296950913
126.00116596668427
116.6710944769969
138.40974815371308
102.62164353480667
122.44624272044958
152.38292223981742
110.34070456109409
139.84990839935162
114.49684001881526
110.57130657058087
124.92024708080763
149.04489461391458
104.81440003364803
126.60855637929637
132.62700718212628
121.64510963397491
105.223019770897
140.38495230246752
117.73244314422871
108.44564972149931
124.00151802414422
