58.90439445837842
49.231122343205854
27.660803967615593
73.2315265538918
43.55121475093682
29.029986626120962
65.08503132292958
28.985286269625767
2.17181553839589
24.566850266870457
32.39848874857714
19.599584173068923
44.915174031240596
29.453985858683275
47.17629354833872
48.32980905517826
36.9218433517249
54.41607870299599
14.734046695101984
40.7551306807215
59.97528145182989
24.27440920656641
38.76831371768206
37.02236027646868
39.23694510545864
29.274401429697583
28.54110023290235
13.489424969913173
9.264859212217377
56.10608177807707
41.33655394703392
33.67883841988945
12.103546741261205
21.134372866068986
2.7311189293574003
32.51479526744619
11.528982835598093
48.252259017686114
5.2012166511797275
9.634155299200604
42.03552025113941
45.0882222226629
70.27203185447962
40.42584537015417
50.10156308573087
46.42707966284732
2.408686316174361
36.60291938036967
27.04251471207362
65.96026591645676
11.17177697397096
36.348371249931446
15.033698301546845
46.62193821297474
27.859077773966014
3.276372688203807
48.99182311190003
65.04633051365863
17.106672617399223
23.496947721240552
40.39625387051274
62.31366466907008
161.34401598923316
137.65329758333417
162.02131571933643
104.57653137867806
132.0354412174406
105.37198155650141
164.160465019159
190.34428459154012
177.45036646148526
159.17269382381284
125.35811438587633
164.24022567980117
119.47527134380277
116.62195556741922
139.89484040116812
148.65487304223163
159.79588428454747
148.74590671622454
119.32145915265437
179.1580258950557
124.35842161916686
165.80937229070716
151.1792983555368
78.48459906417304
173.4604599949351
86.78178354384352
124.91378667494557
104.51568047709317
145.52048713615437
140.45844200124233
180.55887065372482
86.67143352768349
122.06166734364788
120.84667278448815
149.9280143169105
180.12303270367894
179.84194709253853
91.72952013435739
136.21726008442175
148.6743610047216
132.51717649524963
97.8145559005506
198.22249740754293
89.45462432808328
111.53277295093078
124.31603341390549
133.20911166145984
112.45728245515325
122.88090375709939
98.35486911119725
97.61090105916756
165.12827791216262
124.6360442471416
196.11325097971104
169.9273409709902
93.67718527648756
128.0029600168999
92.11461517006339
95.52960347992075
109.83038988053079
176.0371280339798
88.61731310957222
283.56823151149433
263.6609938220266
302.6895290373321
270.24197303407624
242.95596176476548
241.30226122651214
263.42384662128165
328.8182260975739
364.274619799772
249.87208192005943
221.3739309860686
335.3284068012581
202.25809647243065
243.8875902778524
268.7790457622674
304.6692794219572
368.43999483747643
227.89228342217993
342.26281140600764
281.49362263259076
328.9241147387241
279.5357210315177
314.77695419029175
327.1130491049862
297.5289953362621
318.9477627152277
237.76135666210314
357.9346260040918
212.89586392261936
213.47926457144615
238.3659532375436
248.5106510351534
329.32376452367157
325.0508379954377
365.6405739338963
326.5912994138427
370.0467847119164
331.5856710649606
350.8376805586548
204.10443789623852
304.57202713010815
235.11233445316566
323.7689134759127
311.1247261336809
316.2997742509543
206.06118103515996
222.9515656979295
290.78605599120067
259.6066776504547
293.27750643795747
210.45366947567925
304.6052457180869
330.854866797055
251.0900224870649
298.7866139664266
353.9065915659638
203.85930611389327
362.48635549870846
359.1289494873981
337.88093973170277
244.45270408121078
270.8268928456071
106.21779542440717
63.31260795732349
61.77978232221913
79.78969661972637
116.66507492041276
120.21696001592372
49.05469562198826
91.67621758891666
103.49323021325134
29.376516421286183
70.74179591163619
130.24264855278375
47.9890308439703
84.1782790587315
149.75325698968996
20.669444736210465
111.3341314517284
143.35301382800384
141.2510658392275
88.38956391323653
17.087633325300303
62.80057338349992
153.23265424331396
10.43771990264267
30.341663183391987
34.68505189837165
34.11525948236952
109.02679212350733
148.03834553315934
13.13346778692923
89.24727218286614
44.65733666295799
51.13835026134524
98.21679795851303
65.33484134518991
153.94871218088306
167.906902145331
103.88244539853099
61.562196446371175
50.54061830322315
118.6936746311127
159.37002198727427
74.93532836955742
108.5213905501503
164.83718450066783
18.19387514470884
163.46798665099791
108.99813389048248
102.78461891625736
147.10115171786768
51.64441768587327
148.74519033343975
81.49425515776122
23.11453462633915
135.1697008192152
157.1909775516063
122.63132243136499
116.41853485465089
153.29146035391534
96.67483443314131
168.95381668741354
62.84785520643169
59.96189915558527
165.166455736403
47.37356768465617
23.121358661296014
150.8590272145181
113.27547205710721
132.7489358025401
24.78020272807197
125.19334798665281
49.681827404081936
135.02604587580265
17.248348302369507
64.52456669131499
51.28125242905823
140.57909108751113
153.77989337494074
55.23638966934885
91.74084701959315
146.71942526310482
67.05922457884313
168.79506077714234
28.81961844519948
121.79229472290837
157.09152437561713
84.78879918128182
173.47950927196638
125.53320271860689
148.3388131473512
92.32691465268353
97.97124322865831
100.01097936357395
90.73006944518113
73.64169260713186
74.14250917010533
174.98101813102
90.57875204541183
16.181881601477016
114.10960782097786
47.29809879614405
13.334135922018817
150.0962228580227
173.63011962740083
34.61011437670244
153.25766150624565
52.17063094355214
24.9040100689992
55.564291232337
54.1646015942467
84.93065390239387
140.77350510676865
36.37110474015587
171.80993420823924
132.14505997220365
87.23405736230865
86.91532417578473
60.41397414522224
10.80639063369324
118.3253849523762
71.75065164453268
110.6845302217032
29.270666752288037
91.37786105064946
30.342279552374244
92.21624068257769
75.81158858156533
59.902108216644876
106.85639313790277
77.33141926540766
76.09504550023294
38.21283533586358
72.57503857634507
77.67522144058924
133.92095303871574
79.24580999007667
107.744774731651
73.21393003838091
132.12183044581508
47.99619409731036
124.678379893429
145.79585913298075
102.24345630030717
72.2744090136647
64.09635465910111
46.4348338889427
81.60973344753194
53.88163114151347
38.61389573905101
118.45570233040738
54.17243278712125
94.61274633869344
176.35615943567666
60.7853114399684
143.96738894700138
28.23097619240933
63.27260663611389
46.324308943546235
170.76207023198552
152.87600348272173
126.34964533401222
126.81420398862807
84.11856580332692
76.48017052775164
128.99992489887876
70.79019823613339
91.79356183467574
63.20047289589759
33.62992716995535
129.86670420869572
101.34903183106478
14.681053115827865
49.30921464110268
66.48239505102964
79.12041984732205
70.16448731952275
95.04310609885341
161.08784775815028
174.49986751948478
85.41696202402976
89.13608387524856
117.97797596259554
115.4327598531377
98.13665034131225
159.7184736574748
55.544849894490724
60.19537468667263
117.24762424917304
105.2695729626337
65.74695144128272
144.49190620902385
71.78594845595785
93.0524386720589
73.68637929716277
49.584212926682376
37.53855345833567
162.9649671267162
40.98949477815261
73.78189029980662
90.46745283080935
64.13515977066086
48.061848815839554
59.257781348413495
164.38388595072462
82.39893848358476
92.30091214123057
135.08542377295203
65.7576845739938
63.753606291758274
61.421338908097766
21.433201173876455
152.2892504968989
36.968117124066204
145.21473096137885
162.39071769491542
170.6925112902129
43.59335985273202
133.83303879054063
152.2006337573317
43.63543915345836
32.56562026268682
82.9979284230107
143.53264359738174
57.217778898645825
76.1209194122438
174.55393459586458
145.149830295107
168.0530698109468
76.15545919176931
176.26566075668106
141.72081718833647
170.42488213146788
155.56578527900973
174.38320201584457
144.65623660973733
17.176787260100596
60.83030153818573
95.09916220532185
65.88691084623295
100.47152254611412
132.08805889722402
176.22600531057645
84.85872932103547
70.88837112820286
33.009936101537114
26.616566961201215
100.99329815841327
144.23498970575136
60.092454911542845
175.76874153879496
285.9533497114087
311.3091055880863
326.2292797579729
295.70488989461376
349.24993468436554
314.4541546152366
349.7047748610636
286.03359072448956
200.3202535297109
237.29142901642325
309.851688463342
285.67782880640374
189.94286577844127
315.3355067020375
222.1813464936518
228.81451750804786
343.0191745065055
190.74454200380626
285.0256698585098
219.45080237897577
310.81341598419726
269.6821088433542
364.5201999280081
346.44649043085656
219.20010108531386
302.77084859954823
372.4371585643861
179.1159060144028
353.16177208055166
300.1174023701081
361.23529703719146
288.5006432089529
298.7906098745913
200.78672337458275
241.61512678869616
217.17288890961325
239.55049351748343
359.40754914842194
203.3600675098316
218.00454916598528
222.06628081447778
307.1684718165105
228.77950769864123
233.80369908377818
200.66742267164074
282.0562497635175
179.1340786111305
226.9962652329571
247.0831409550536
250.62874525164355
287.40089717493714
193.22750736954708
296.37759405369513
340.77881230874897
183.31357547349853
352.93415314190645
196.21289821295645
331.25114800637766
207.45033607928383
228.92561744714894
370.44802569612875
206.90277777653387
255.38037754114822
242.71642762508935
266.89951493027013
305.67555533384876
358.93709311774455
337.67614660781175
199.107459223616
262.01414488021913
307.29187790135245
268.3302949581308
321.92011659502316
213.34409436462803
274.2727000550423
310.52512821533224
255.52381447072742
365.04437293398763
229.01420432714636
331.822253458376
270.7073171069362
329.34460001385725
283.73005580385126
282.7957791313299
312.79265387782567
371.0813110677075
233.19589614397768
354.8627649135746
300.31101610510035
260.7377050645248
304.53851160524283
188.87904713186867
225.06066813190264
258.17665956295946
248.50537840029827
213.0082930399771
337.41428745850317
225.49430656852985
353.74725297777036
198.86274017170862
328.4307370407567
245.3777228027661
357.6580773376002
305.19934843218954
338.59933084566967
222.48757290562622
261.18165605731764
348.3405101799248
197.60140132257473
201.2005397351448
212.61578208729435
187.8156851929685
297.8182560767294
189.45189211901987
234.619511825145
191.7920142867186
367.186481132324
269.1123617890634
300.36478742439533
227.13840539988283
298.57707804928384
337.9314088020254
318.44646195133373
211.2953327010855
328.9806088821351
350.8062484888925
263.02445382828023
210.91644401397787
356.56196994987505
251.07371946708355
369.6766908659077
281.9618053779809
372.85381184914377
317.2037880388077
201.99475166265347
331.8427618610036
257.9028318842795
186.2437206430401
220.4624059693726
240.96613420681606
235.9114294968049
248.948987151376
220.73138716448315
327.0488266128231
310.5705429169258
285.2289764410007
253.6190595849363
183.13844744636737
277.10283029738525
276.0673240303393
203.2769069956646
291.54871013905716
371.850200844639
185.93977390684742
236.7377572689322
338.64628292270237
330.6269140503389
344.7871334431608
329.0889163992824
293.1123398292068
181.6978002955808
197.61604214707933
295.0252360586059
362.59898215019757
251.01965495299245
257.4997606095268
356.0192498480131
314.35854850779396
284.6734889657512
337.8099852827594
336.4215251352125
190.4109132700985
245.97197212317874
252.85145142829526
341.61766317152046
351.404073892661
238.2707516275776
334.7342738405406
210.2886393065582
370.31932382598876
368.2337888825585
285.0549840947308
286.6684341367795
299.9324878893214
223.49150221232316
326.22322974271356
279.54055982195706
324.50099106071804
247.34480039297966
244.97988493122688
251.8292692713506
311.0714618520704
236.6616102810617
227.400773446429
261.36393470053974
301.10406423043963
316.88052370593056
191.981689876507
333.74259279603837
242.88164396342796
283.22116715365485
338.6941888175931
242.93584054372627
190.09455988868248
301.2665303862726
187.67374230200136
251.00364085775453
353.7208023413927
310.16712514820017
301.128342546312
314.0113589774183
318.6575697236503
290.8948777729453
337.5239489623705
371.46742496332956
256.6981747657925
194.89857064077475
229.5878765860279
309.59283820461434
317.22256333493453
352.74564306187267
339.4450094726991
222.44675387061255
327.97412962701884
250.16523170269545
230.90396181211338
341.2873200458404
318.75730822685296
274.1613014872364
213.3117922285931
187.8131439586748
217.60980879206167
345.04145937131335
251.62578312771177
243.90603882975486
304.74739733249663
346.10653588363317
306.79777818703144
262.23706756236646
279.4219018797726
257.8887190053048
317.4888292157897
277.83017181550576
234.6571120745335
312.24537073460635
212.13238757576397
209.03300660124927
353.3892616171578
291.63877783401904
216.58024363226536
