13.95570351322931
36.04753795988346
22.782537299908675
25.404511482147882
57.96760747585549
7.455051219659772
46.73636177805693
19.408546474710732
48.83792505325917
13.443720529236849
52.79505179204392
9.430813020354105
53.709696520129704
35.8925507252661
35.42808853027995
14.629309044794386
23.26744446294449
44.665117152489984
55.45152666786315
35.721303626617825
14.620595899839692
56.762376326116325
12.65301382804963
20.126079143733364
8.018012998264627
10.041053324966306
38.9128529396543
5.648122456073747
35.540770755054986
18.734194855169584
9.762834999400631
40.667734896591845
61.274417492981655
20.47030404808263
61.105106729422
19.59230597613314
10.91679686527246
23.840042606073084
60.29864912257726
21.266566508488136
17.04151431686767
33.5961407600646
47.01248627244043
54.307062077535235
25.56495058020022
63.59180354110713
60.20130720905627
25.69964199244272
49.090846894224086
6.2582466853403105
51.572974381594165
43.69667291370681
65.42856891625799
21.896046032753027
7.43366856988002
12.504156502691018
35.66750175423722
31.213631436235623
32.539935477550245
22.113408108931868
59.5894663702084
17.914385253523342
55.77086929642792
22.601094120236745
53.077240848370224
18.126597450023482
27.55131377943605
37.284227969334914
61.958055237983444
34.16972283362539
62.06880263319598
66.03426286817637
46.485078573966014
39.96044615663986
29.862489608715247
54.89934860923209
25.419763729599346
46.06275323062496
43.44086503732735
7.9831574534590715
36.20245269974226
4.495298693481619
50.569435549996044
10.12603746892939
64.40757104805041
16.048575612644754
20.7004444809901
49.868508920952905
20.345613023014035
57.885627256363236
45.021838319253604
12.702341378689024
48.722856270109425
40.347514779573984
30.9091564753188
36.0388428963212
62.269865356240516
47.978656141553365
65.16003785002661
50.50978001165935
9.326318878533655
10.268579531983075
11.102688744846152
16.960105803491928
61.832594781853416
37.236036117131626
35.403574578544784
59.72607812345499
6.5179653976218255
45.59978233380501
1.427254246093021
11.753617911590407
20.660973178237683
38.028755615919174
24.209598966318765
51.59862319723277
23.779836540497048
32.65549064175805
25.740066254836616
32.74560558255898
47.55090572057609
22.592218655169557
2.6172560868472807
19.930744344957333
66.38477545546598
28.385713206436186
50.22265505457348
47.220016120415806
6.274844425374795
43.829204422112696
36.25200604328061
15.30419520597842
16.538687365364794
43.44477752706387
59.573470813245464
21.58143780736
4.589094773842156
29.449517029819166
44.27876573518679
15.370950800150293
48.16752381477741
43.813710800977994
22.47976779101611
38.733960581594886
37.896586792449256
45.765726243683936
11.537879201919
45.286975216971705
27.9262763940217
21.544001776582604
30.527911469311817
29.524175084918422
42.10114829245317
62.201133307454164
50.97873173959112
36.45921914033204
42.21000468038964
16.550227116160894
9.187071734430724
23.978336375585616
21.970768337289314
12.95945800580246
60.5435162320118
52.44190314232308
33.268721142139825
42.08698047595332
6.787277059266163
39.971658026837716
29.750599550017903
26.588615942559965
28.264350132043983
43.47227376986118
62.116300240277596
62.832839825143225
1.7900505154616013
45.94304322252688
24.6596666532906
45.15540322809038
14.694465839643549
7.993618460106827
46.19674915133932
50.92141135268889
22.257083729180334
4.68222654654539
34.36769880836361
54.9846419352267
11.38895574210082
70.49076925869107
163.09034460254955
169.01520838095988
69.54702817663858
138.17076675381952
128.50601958732267
85.50079857942995
108.06404224284628
89.84117123832476
136.34005659802625
95.11265073359934
74.3169393142498
101.706293494519
124.75439752951745
153.17328413154405
149.57734927437886
91.18014822603404
77.76147292819118
121.16894763050594
147.35045920937645
196.76433828180552
297.3646374248068
264.5157950361959
207.25769583991917
215.49309476279998
186.74680141131128
291.59675498522427
359.35950691183746
324.4326631761817
243.31961862625928
206.1709301693802
189.1581275544201
180.56348504738742
265.476192316719
264.0790724370103
180.7137349317017
309.0411404916395
280.3323946157169
313.6024221974738
324.31551377451206
