1.0876659283920418
23.162567905814072
36.474722649932474
16.22148946751375
23.31068679164621
8.900401689876377
37.08934238737335
27.583244279881118
23.591407943273268
8.981413337608162
24.453163316543353
1.823283813481666
41.577828376287044
33.424075296262416
92.21131758829667
84.71911754211352
95.39254129718007
48.74184118039628
81.81023743111436
88.89177227732743
82.13186443899242
78.74632094842934
85.02296239463794
68.04637071390268
70.85609490290285
99.27258608526284
83.82568569768229
92.46163217004826
48.60671473502382
59.44247102775004
107.19488217914288
107.5570594012053
131.58474759590993
137.20269550970121
151.0475775927781
103.83285009159513
118.66450713310758
118.29453444623242
122.69378944883113
153.38458165407548
104.09181205190245
136.4099300604091
