54.280703100694296
29.36581706867301
12.305283859730835
46.71215686546411
49.37681514806841
61.35833293563942
17.881057773446283
33.15130407898143
38.35645805020091
63.049470949242924
36.29896466764493
3.0196910486556945
58.51257362407665
7.236863116947596
28.533249453008196
10.25771283618289
28.208719236171117
22.6219863692719
58.81441699211814
32.74413345936108
52.513219441114714
53.237101862921186
2.134871589822808
50.25253191669988
13.700821715438199
73.7053960174695
6.583159046000752
73.28493703205555
52.98185099327192
48.9760885349894
23.385005009667204
42.3659281792747
50.578326640599954
13.648639738210235
39.67678761559551
74.81608043513157
6.125744703034819
29.26408796492037
50.722306083384524
30.897413251449187
16.16836009787809
50.11745189820823
40.677837104847626
68.4042765312423
51.4208425852218
37.50611811541974
5.567398320775638
49.17752382625391
53.23818301467715
31.218010578186608
18.24330325251944
45.629416687857166
17.547572982726805
5.3739604056255885
9.398364119058222
30.278779710374025
31.187410645714877
63.45286189057816
50.13516573047521
25.758938688125706
15.965701697253373
50.42582028221696
106.47513325780284
117.73130687841521
209.60303118892006
156.2377598191892
205.98232288069917
114.82567617718668
92.70248938775606
179.00976499768436
190.96967071801646
196.98711988600002
185.58179432509854
109.22566387451334
96.76129249036822
181.56465408615932
123.2482666932079
102.77926022654725
186.56968157233152
188.26008246190312
133.42582153976187
125.4566966891907
179.7534200443818
111.24601618856246
117.89755793186909
187.2284269494257
90.70082124153771
145.19751651099426
150.99991723775423
195.91412626515805
101.70246132701966
167.4651561231532
147.79445350234755
98.35897478970509
116.45566083531628
130.3733736118559
202.68857329826625
210.0930258912369
166.0852169037062
187.80215002103748
113.90691269669416
164.51165321636108
145.56921623199685
174.41296451914693
151.07259570907686
83.68477254307118
89.27200539830702
184.76616388937623
187.37218972627616
141.53890537171446
83.94371155442201
187.7275744962351
185.53215810401335
151.50398182345924
116.55723815828195
170.75527564629294
162.76664279476194
209.02441411723998
117.10745611092874
207.55742030045107
167.02804346288326
165.15032945965157
174.9208560645413
168.73994481358153
213.70652843728647
286.5150959175951
286.62763251150704
241.75871738620083
332.6087471436276
325.02632415390195
231.0612533128977
251.20954498373632
235.80416271888373
261.1585131547112
222.4028885407021
259.15866207347017
318.4319579109354
304.6634431456892
337.3502209202009
215.92446238990254
269.9789983098069
262.11733508268077
241.1019870234278
315.6651327714159
345.489223716681
274.29118319846066
224.45889427269054
311.88005796064607
286.46040434907127
326.31748025620533
276.2938236092515
301.0436826452187
220.60917878023167
335.2363236501973
218.82281340437174
260.13000856939635
333.7260560154768
331.70162304467135
281.62404335571586
284.54869480128326
307.4659853649057
371.7570453936738
299.16346234078304
246.71414769490406
299.98120472391685
289.58081350526066
322.57120207529766
293.2148546314387
364.2620125105732
306.842636286231
357.79561232363045
240.46912790259984
271.480543026076
296.6608195843732
264.55859527075694
337.7282441899662
215.01557850003
266.07514964320364
249.71943936999983
310.06839909779956
216.87319177035513
283.095217882578
337.40348387971375
278.7472908995958
244.4493555142056
282.86730452081343
145.51566209119767
126.39360692795057
57.60526920898268
124.39352986541445
15.74395681128216
109.77882570510569
66.27947272203792
142.29134897737066
110.18089512485764
100.6958521943506
85.6386943563053
82.07573234697995
25.385372598046757
88.13644136453193
141.24142428458248
52.735115587062545
55.50381734407608
97.86794231486046
40.14281559585455
17.476014668887927
48.788590375665635
76.25283197311626
96.30723271362729
58.54561516232948
157.7888101837179
110.29898890163236
95.5308444232528
20.87863999125986
105.4524654757217
128.80669012889868
165.10361723491584
129.8999353778196
59.05598767475505
177.47116115125345
92.5128672989837
39.61910774039236
83.89608071781726
103.60708868831946
177.04482285225646
151.54308520955578
60.71532730831346
159.66476131653027
167.69812432336437
41.79629273937851
52.68609349171091
64.24876337225595
28.536969434829672
101.15912927400328
32.197795968817914
131.55052649197236
168.20518463599103
54.997447976474334
117.37115685770505
88.434974077644
39.74360354855275
31.938640731767478
24.18047072637286
36.35603824530581
27.708278600412584
49.978710989542044
114.30936911981195
86.71709849379833
57.49385479998323
69.99446570388362
22.446067902037413
54.089072078013054
123.05837550268771
163.98224461501331
50.403814818883056
151.9874647709122
27.195451306693514
95.93048574240778
39.4922852770039
107.05020309573572
42.48564314103735
87.7563287840196
154.1033942580052
125.79008650468407
145.61639430408349
49.178946897747466
29.55130285378423
31.349515544598603
137.5688000842979
121.48787514979716
80.23816413847969
117.69988018444894
90.18879854274324
84.57383241910689
56.26873030313474
162.82802453035285
26.00344259998697
20.429099579210927
108.54590168455982
160.46419007741852
40.074652639114056
94.19166123956944
81.94544109495865
156.17029526989495
99.34988412054977
162.4912439366857
150.73277686971394
66.69452841108253
160.3851237155888
148.41920370805806
87.89727375587788
77.62116617071156
41.974728804591486
24.12996447157073
74.47637052116232
165.31039915712023
56.29481940434819
123.66469864398206
134.1048061637932
46.98645309070281
62.35044069736807
87.44385265872012
84.2525545823076
124.61222433591355
91.84438145873304
154.87956504197035
109.5528173122211
176.07483942871582
58.85708674801066
59.67257832384291
95.69229172585733
164.55827605718233
67.68238535284695
113.86964939700596
70.45927979808675
136.24493557841743
44.44652738978382
158.2010418288994
143.9915348072733
174.1604610011704
23.768875358054117
71.5104072034409
71.21687722565622
118.64829017567305
85.89097766805354
103.87546527577953
169.30560362959562
94.44505323844264
168.2471305763848
45.051677966343185
140.83464844426027
40.47283735848026
117.15922406643352
157.80131899496718
173.55087070725838
85.28710967178912
9.825353595350236
169.0944730277145
33.926860366978644
16.36351542295897
63.17342436102878
153.63569962327247
78.82800602079533
168.74175723103878
75.68715333880908
83.64257351253065
49.418528770597526
111.27683527911103
140.5802116701267
39.08692896658736
114.96811156378122
20.36288511226529
128.61378133575388
28.39844793126396
78.82976108323814
137.7664299115836
82.6981133226434
118.17588482133253
98.94285801748288
160.66949116534857
121.37266421941588
82.6913130514098
165.0110211549257
27.521925565891834
126.70937058784216
147.57477215885183
75.2412499362157
150.75446381353427
154.2636885061478
61.3877506010146
48.87718896262046
36.95881337357169
113.90852476138926
30.882161733971692
9.72926582175117
123.8400668562157
76.3763929411084
73.06521824550373
141.06636953765516
126.18078169397214
80.03143687140079
150.85316815757005
110.67016596933684
59.24457541385808
167.0824151941876
12.854846062184137
40.00740821242789
133.45543308633182
125.50609728775984
29.974998644277605
128.74849192303495
79.15965234628842
69.33002720675101
114.32586157008362
118.37912562140214
99.58314842723675
167.50922242704874
94.28500939663365
145.64967725202277
63.700186550806336
115.37482587008806
98.21985785356804
119.04774480580296
138.92342080486276
128.2234744807434
100.44284754530523
140.99345717055093
152.4959994971008
162.92237204035763
81.75522034874226
66.07700191202474
144.71856903630564
106.31772281109029
88.0757574594631
72.57383924021218
21.654492559963984
112.75207769836294
61.564842970299544
134.99347547202063
57.439908261550016
131.35003280744658
131.4521124728576
113.5777808177233
52.3037360464291
137.95030757439383
72.98344665653029
9.652368829091074
60.09598252190783
127.17567364038405
118.65596287311499
35.344550105658136
155.318482000712
94.2900453810758
103.0686854281916
140.05634446730298
64.03137236120563
218.6041791503626
323.30651567637153
195.45073527524823
226.06435057320522
214.86994152902236
269.85704694279576
274.32169252925695
204.67722671149397
178.15221540586742
292.5607826360584
245.15348801291125
295.50603570383777
260.06643219370164
310.3392191564998
287.25699670459096
340.4924470768658
241.9146371677207
203.44007303817773
345.5280014344834
221.57495788910012
183.7624002472973
303.1043638493307
208.7364296403001
361.4733485351136
299.6959786001739
276.2703000682892
235.89463760964844
354.8597083981053
266.4532473422628
267.1253726644903
329.67989149093756
322.6615407090658
224.86892985618744
206.66090864199683
220.75867111764194
290.00214338629047
338.9519097169288
264.4617168271766
288.3610862740372
249.1885616890737
306.47892389841076
368.9580348405085
235.64305439086425
303.4935770691871
315.44654781576946
329.2711380505036
191.31877955755124
192.05617251607725
330.6888537826447
275.26187652048435
281.5756176413941
217.7281745959868
243.3707669578988
357.6938048703738
301.36331514025227
189.17299959708012
219.81783925357402
313.43718668812255
334.00494961996867
336.78010424543857
184.18446455486549
202.13198052563877
365.0653182145147
279.32741533444454
306.7172934920294
265.2965843795038
277.2491251068021
279.1172715118308
302.647934251865
182.66816316202352
332.2727776246697
329.9764419594902
219.70270943571117
220.37466736592137
334.363663857957
307.93677148537694
352.84542875235536
276.2869521638129
224.55828601308124
262.6500279078874
224.15935387217712
258.4880972763662
315.04448217626316
340.98917995117336
245.08050145923917
255.8315299952817
246.15944614920224
257.7168592045057
368.53612215445014
267.4586820862381
191.9614740044738
187.94893284384392
208.882056538158
205.00757543818628
366.6766869074001
206.7830914025438
369.6133081707063
269.9902072026833
248.66070329287413
232.26590387448738
267.9556308982499
305.77344945151486
259.3413486952157
224.19621982982616
233.81210337270304
334.2291507577967
316.20844828391245
322.6484328783741
363.8350596438187
368.8112696420457
277.4234658994272
323.6663317581071
232.51427926529703
203.63217972935092
267.81494276489735
295.8115177578584
193.8306927865233
340.354246133629
291.834241838465
202.58060054604786
237.64956545084155
228.49919824406675
297.84854165535614
243.8341957457109
252.86082089031652
323.1938460328526
310.71451884815366
226.578849003919
304.34206995506
353.1579273569058
276.30865627848607
310.83310267344984
226.7660890031428
272.73641690742136
209.27035306404872
244.63654904876336
287.1121201196418
291.6479346822973
241.42730785322584
232.2444021692121
273.6085695932481
184.82551987632164
236.46271045461262
206.33007567631577
303.09093054197416
315.3110833971337
278.31865532972927
350.5848814885544
304.98466655798086
240.19644187259388
248.9803100269
350.05514393340343
230.23665671093704
262.49014995954997
241.9922593490385
271.3258934850122
221.22700237318003
262.33536587847124
335.714181247056
342.30847198630426
199.1730509221352
338.1730862019587
286.82235789881327
243.97508082854108
313.7124981483401
239.34580204924237
308.3161212959768
344.3315407047893
353.1598151361409
245.37262340153083
235.55077596085698
372.6687563483079
263.5933159609416
244.72111513851684
328.91477346320573
319.82573532071746
258.65324142930854
289.93643773569465
222.271486083127
276.65915748005483
276.4457219894566
280.6378418711252
317.05200335257643
329.3895865648513
310.978966573526
182.23811209886173
344.5549588043277
335.19008230702707
294.7874178456295
277.4993947656639
331.2282494606853
355.0837012151304
203.57005212019783
227.99849303432646
186.52729627025985
218.34533026910313
299.47613882998616
295.29593994116846
232.16340897590064
204.586197627251
239.18616275433322
357.8119796432017
220.8590533162029
296.91276387384517
217.1603327060759
308.19250967563
303.86559783161175
336.2979687333019
370.48263864484056
215.36913378766081
245.75547404731404
208.66845527145222
280.2024164073311
243.30356400762074
348.3346409221798
260.64454694967475
286.89867116686264
271.53105008577523
318.0596231485673
343.4117029314333
354.65425588597213
179.32848276875632
287.2990427078128
309.9874567644932
199.05547638747754
297.781170432471
229.21305295951802
345.8685953074185
232.70415898705974
306.26584006840386
223.41115193321156
240.24235829822368
203.30748368744693
218.7891699682468
246.14841877723063
347.3893657028609
261.08500585156054
222.72482146258966
186.20319937051667
187.97627609004343
301.17006872420245
198.0073013173482
234.495306929096
242.26832731764327
207.99253568662
273.1043005742791
330.28872311115987
306.9632491120419
302.9301345578491
279.75699261779386
332.8385748111518
233.49571087289536
346.9215149940321
306.86306225076856
317.6239063713947
311.5005396116009
249.92381569742085
306.6211842023677
296.7097447748634
312.71714807469556
194.9844834917362
255.37262641508423
303.92872946641
297.77881873522915
275.8341545327392
244.46542627983564
327.0498972969089
266.8189937600802
243.09714871583915
189.55492110512907
244.84417413796436
340.26489499911406
280.6611205692059
245.46207472550105
276.78003919825966
249.62020461388312
350.9239096314772
310.6704911659288
238.86341021571755
262.44565898857786
276.0423597417326
368.1170741068785
238.33765229495424
222.95283433637562
235.9580906635001
226.51227379971107
342.0133410263049
218.3406521399932
360.85556742481793
279.6564684543752
341.83177937415644
258.84777981294474
296.6402148698892
340.615712979902
360.8061974698363
217.1154512753326
321.3061258916095
283.245941134708
320.5180487708909
225.3886325124847
328.45574328865865
355.7792038996672
302.9128125310217
342.0646552310769
211.8852269069714
268.00387933938384
293.52663932497046
182.88745690770628
293.36952710970843
203.16401302705367
224.32602065930263
255.1285132506959
255.82081864239527
322.2811765757119
337.1286641103122
312.1684009753591
244.54593595539166
275.1112657405682
294.66560500529744
343.1926196769349
354.7749333237057
216.75785224666527
301.1042558897231
192.98381597464697
231.57035732064668
291.1202596719798
193.73159204779827
233.21115454679327
196.7905149567015
248.30468514159602
248.56506504891956
360.2923403899125
315.269422854525
260.6268276204456
238.73148764445995
265.407669253646
364.3401507057408
239.1872444089235
285.71534465831587
302.3319925023712
370.277906980559
183.07613642447643
315.98903186098687
198.45447829586038
327.9584095815387
224.81983257247288
222.11857253530655
294.81411032849087
211.52587139798987
208.85321792158598
346.89025309178965
183.68809211362768
343.16649316101797
261.4950686336649
195.95577688060837
310.85497346992804
277.4009139577727
186.3872114897456
237.56045642585406
325.76937792339675
215.71024837809824
185.05052544885018
293.9148916461511
215.04997911318634
251.519272534209
271.72374207060017
190.81927227412464
320.5989949471531
296.4042501331787
288.7161372766409
298.3746378792916
305.4964731294014
322.79192014220354
229.4481658397788
314.24054268817184
