23.816911095756588
6.298410937655223
20.345494937924236
35.563689379263764
53.661987312592515
46.07435457342198
15.20269323521671
9.640166528520389
42.6416062067743
23.291359533295662
34.13529606831178
28.583725552669094
51.07790827468714
37.33996048979242
24.213094337496017
25.613402025836788
41.99996968956647
37.14105488144398
2.0379513576951815
11.064165329494212
31.367939202749973
44.73718399496892
19.163684160645797
11.916916743150807
41.77805372316863
44.56233247932789
14.677727991828812
54.60387141551192
22.598639525506215
43.07647875853321
51.246698439755185
13.49373723672416
41.465182885032
40.459984371684996
36.891114462596484
30.945219625913786
11.00353264598705
10.882772315378801
20.66392115529162
7.276199364765095
47.609318249137665
20.95362055321001
52.08138584409286
35.87594641070885
2.417744638965793
15.979623630204904
52.055816571688915
45.89263806432753
55.38091468527162
28.746182685443575
39.77916063374182
8.490384611052285
45.32757871105922
26.61902650819772
14.41448679991427
7.732643447535274
15.710673783668158
25.02433903697622
22.649063746244593
10.70152596024042
54.82776680103901
39.90613969403821
87.26572562719741
72.92233046323014
68.768679826961
80.93588966769681
96.20960318038685
108.86894354438155
64.05871691841432
68.66258160010801
108.39410094709689
109.89316948199361
122.75042715570684
59.514620869184576
124.06712738433117
109.67114841086644
131.9685246465647
125.00616175657211
126.67639195740745
107.87110162706983
124.10906570829738
106.52078779473594
96.98424698448515
102.98257962609745
100.54989312778966
114.82335656873673
70.37570579748056
98.16803628245773
82.53539747290819
57.85633462957058
98.33367731631081
89.31581869529865
86.59855798749061
104.01843359644957
66.87844483690097
64.27896094199342
59.50364963436535
66.25120462504073
110.4153001332418
104.25794105217804
123.53843687160482
123.22473206577035
110.42382759765148
93.41149371117733
117.30538906264763
96.00455246490488
94.49796048996573
125.56627748753998
56.12764133404719
92.72896906378789
67.18497505224278
127.25732010098261
83.81202844910192
95.20484458642554
108.81386306760723
92.13395911284256
72.94917000010508
79.35902114008954
59.19377635540777
92.14313854813491
78.0495653363488
102.77757491981565
88.36156901592987
123.38971808704532
198.8945075788546
171.84632505852053
205.15671843401972
143.7936348239226
181.55863719422427
196.7341110647771
141.348391561444
226.60434624856566
218.89041200320327
150.07508128984563
169.67270035104082
216.257510499889
183.3122434826177
164.23295497007803
173.46825844150382
221.01988500437497
159.07953560374017
133.20337235141304
189.00776251507358
135.9071167776545
209.3376305261807
214.4185602444274
164.88873993586682
177.08967876685915
145.46858767398572
179.58683447438773
202.24295441606822
169.7723751726284
153.6055776347289
145.43394599315334
149.05084444433552
167.7618073971203
184.83990882166506
218.81133695217872
188.72590814010414
182.2320175444667
215.6760798170045
148.01788942843442
198.09821965485943
184.87594089999072
231.57622672149873
148.59316803033065
188.3454697687615
175.26097974941942
201.7720448502395
209.40608573517179
219.61728909251198
207.7352268580131
193.12129059868937
200.61613861135157
222.08864537081962
194.98516167051218
164.67954947891167
210.52649301470558
152.4220492915133
148.83200791561774
142.61187685103664
148.38846688941578
149.57274009773482
152.87133532223672
181.3477928770794
146.9236930787332
19.06376258176941
19.2467798859689
16.114969727582647
24.271464520347774
32.29305163387731
21.627783314512175
30.244186450043976
33.51791157872853
13.569890258847003
20.64430724013506
36.404289502709744
29.850988874719633
13.595438135249687
19.092934140333174
21.882620244853854
32.267108037778
28.888082280460743
33.96060473668953
31.498882291475606
31.40925376949408
16.255668632586662
22.577245297465854
15.980014029168743
26.879831515376196
22.62176826564732
25.8661579071399
33.05269484467917
25.21582338097311
23.989260165198424
14.050431135051769
31.855557400885615
35.368518629932574
21.85135478435736
28.133951293882095
28.281794593312753
24.833025496892567
29.256831164133043
16.243156286017225
24.544098876502773
30.176909741719417
31.881895615173768
21.51981537856376
18.8946472083741
31.445323285497313
14.169627780739892
15.705305916213836
35.384572120451566
36.5303680476276
28.873882322423135
19.457517367227467
32.765811053725464
22.568136191094453
35.51557805209363
17.40193664442375
22.949114636842808
20.63532306982733
13.963943339348473
21.24833977391605
31.325690924739227
34.51496308596864
16.76604245468632
26.671924942540734
26.864838239204705
30.260900202208543
16.42687416148576
34.274061195364055
22.237986965140234
24.681338178148973
26.528994128356594
13.426727459347214
16.65484768973295
19.714410066193896
36.461982043838745
16.909904309043874
31.951166621677025
20.561731202003838
30.74679650547011
34.09099183641619
30.310215252313533
25.30168423679989
18.418623692159013
28.60527778544834
30.390575170445796
33.839441433793105
35.16297365034288
33.77592903467535
15.420959329405761
29.913691031369712
28.06593002380636
16.081190318722708
28.837965321972707
26.939744863182703
35.803633696884454
29.499826828129308
26.526052461466772
29.853344284947784
26.7808651692695
32.263028993591476
31.071279662378814
17.10208903968966
25.53262052002196
18.041840494993252
17.23825196248587
17.38638413308332
14.733470629259013
27.722278272903537
24.555141719948153
32.7446094095897
23.346262145070597
20.83093636621224
21.032112769733004
26.767900212736194
27.334550280265045
20.694089237193996
22.53825329471573
24.76131923682294
25.28821237013248
23.775406474844957
18.780792478072712
22.247365117401024
19.42196156378686
17.902321149220086
18.374950622353726
18.389922379880844
14.689960337296899
36.19628109897473
24.177205464734488
24.688440623361277
21.219111493158863
29.66351456684938
24.184059546891316
28.356236649275807
27.04206295268586
36.60153337533441
20.96253915893387
13.74882379022942
26.779524694361196
29.95621844270586
24.024572219920447
36.19965967354108
21.419538913352696
34.368192045021054
13.836605465331935
24.25178592980237
31.007016003545587
18.834533790561718
32.99573891438463
30.61936529929238
13.625017326754618
19.15241654502227
25.814031538476836
36.70719307020973
34.41633322436141
36.55883439134759
16.65694431376362
34.225167634485615
23.55692381978204
26.051108559249855
29.18067029135993
27.977245396161102
25.823292769035234
18.972712252587996
16.123026050328654
34.006272081059905
20.308853335874957
34.551998573875466
35.05513069965985
18.24484922328833
28.80551862013395
21.7622356897008
27.618508190862677
15.875058208122738
29.28410713005203
19.538360706602603
16.709487271884477
16.944796069330327
35.02923020972847
15.162289561268555
33.58449153888691
17.962305407714634
18.778885823575607
27.767707806353176
30.19749803561329
14.119820660729744
29.546092553340642
16.913698689212644
17.321978694851243
31.69428013329866
32.654284204100755
19.86501302113068
33.43626226250046
30.864859732489542
17.43973519049178
23.188779218542603
14.762147812569399
30.250471945520374
29.505526023251953
31.01217783801981
13.814148940069224
36.866220099129464
18.96594838029994
34.53186833212993
34.64593204363423
28.62024069932813
29.37796382054701
26.75762834604791
17.347302432011602
14.483350667236556
13.223545644156797
19.76225982571978
25.218948171462774
19.72280712097877
19.427319579848042
33.26913429293673
26.345280846148036
24.97662125957983
14.885828763314251
19.518692488429092
13.57947609618467
30.05062164906221
17.282165199920552
24.145096489914966
21.048179434300316
19.232900009844496
20.815395872807688
48.742390751604404
109.43661044372581
73.74397611426564
65.05922085268845
112.45973045927647
62.90375489297726
68.511484686409
48.2804216121509
93.26790191524114
95.67249184673834
80.30967060863402
88.04515982316546
92.65839289591784
91.05005812020592
69.94343739192668
60.07489185080287
51.276605352351744
87.94786816829874
75.15173301325602
110.61041937005837
66.3036298445989
70.80986583025464
98.05562690662704
85.57736235289192
64.36870060727222
64.59468338771296
86.475563633143
113.82760324236364
46.54679006855333
103.05121871198702
44.857744308346064
68.87641838033007
54.20864684676586
114.68036988476115
86.97378540954755
69.7416200763431
100.59998286671252
60.1249733967688
102.00319939045363
48.85207904854865
65.68074816372007
43.883933872467935
58.1153346826177
84.35625561246745
98.80925549241758
73.46225631007282
65.38475755885969
90.79838210468068
63.283353876714926
80.75620918190718
98.9847124450641
72.47751215300862
61.77137477898411
68.12535963737044
51.758804774281934
76.59399774881483
107.46975227110025
44.50834726557535
69.52462339971179
97.48467005565323
79.76543699293616
38.16621905848538
108.56697764181354
96.60660393828157
46.172917136681846
77.05770587437625
60.38441870931256
52.57025643331585
70.45152588480539
99.88645992628688
73.50768140106165
65.95986605896717
52.49162003132879
99.68837935152537
74.08598562183907
184.38640999342044
181.71850958828045
120.68268453246384
161.08990072443362
186.97082867472182
140.1180208966396
135.14515408600062
213.5498951417153
225.06512468046085
209.9381841583379
169.43757207866466
196.3386265044654
212.1992822666736
219.9653167538206
226.12248741865594
168.20477893619892
169.98763335018512
131.89061855013156
139.170051713556
164.45844104629822
150.6782383523222
138.07862798638052
149.5022190764231
173.44230186313834
138.27041447264844
153.11961015285834
228.76960539141368
158.74629194335353
173.35840416372224
187.08454848835905
179.8304552230208
176.27922592174127
185.8926060217545
163.8017817377871
198.10498628424824
137.89357908198988
218.37522259165382
171.22392937715637
170.49442060294106
146.3044383470567
175.17458799924475
230.24420793407728
189.16740583525888
182.84791009077423
218.2210630268913
148.87706258044108
134.0630685149335
194.79755427549873
153.86019807805252
210.39593328342647
149.40666068622545
186.34872925701498
216.1882515935722
230.0447095976978
198.34372414994945
119.97256138218606
180.76690760865085
194.80971221509174
207.85571648255484
125.92041927684213
179.11821206410602
117.79793882349522
183.741379905931
139.15348587671133
229.57664847803983
134.39130230835693
143.93786814163488
202.84237432440844
188.91500329632836
163.70761168880858
225.80679330144557
170.93077343713566
179.67488281316517
123.61666937029423
190.32319952260994
