8.11102201775181
10.674381235189324
8.57417481323883
10.946529059717678
7.7078174230753165
3.2890946377381782
3.1852599635917835
6.652293348745895
16.657280385535103
12.153462420961498
1.4640568252319897
14.346450252603644
0.7130403922669135
8.769979822830807
4.943722830162856
35.113640584490355
42.0266478276619
22.715853810497286
34.28071784193953
23.153799991962067
22.157371399169918
28.3801646605943
9.003922526876034
6.766533661350159
7.425030238817705
4.2243464619751245
5.305740211218716
2.8551211517180666
4.210625114711736
9.533191898748198
6.666995128278998
3.3343059492760063
7.429595338380427
4.4194643414226755
5.291484994456522
5.931947474866432
2.5895332259552566
7.100215868611917
2.3549565732528817
2.376810085206679
7.163833100128834
6.489755910688415
2.963719238339139
9.352103895720848
9.198545153198848
4.345896087634816
2.373324421078962
3.4735494273253393
4.743069808540806
5.382536227366649
8.497242566585745
5.29508267157212
3.349508670815127
5.548592116995285
9.91017653762837
1.081023654460422
9.667941866949779
9.774837588891625
4.939332319235373
1.2367905767057636
7.121989647473113
3.7559038497327872
9.608408571330333
8.85200120129708
0.41218339244473956
1.8645583605030334
6.310372483333433
6.0020980659764165
0.21528615115464245
9.413819996654125
7.380385257697098
27.83166968638955
36.60452072810688
18.65214411597807
44.263006127328254
19.85713529217634
28.734069330210282
34.02234553251712
35.86674710915321
26.376837088237323
29.020335737979202
18.870568897118254
28.5502875452581
42.76681509102638
42.454721292999
13.175257209345657
26.215449726820662
22.136429277601657
33.058825339374444
37.26660652588133
13.870694891411532
22.109494767809668
30.23836390737356
26.94631299890076
