40.57735444334433
64.8835036994568
16.356101392315512
21.148669066925635
17.51523874240456
47.09239646995515
33.16819736187233
46.911477463171344
28.095335688581756
17.38529578122262
41.18744884548906
13.395169674795014
53.265431549106765
45.800047683641246
30.186694905630034
9.7506131473478
31.28933259625487
28.97385474873763
39.85497728239225
50.28450297762379
18.217774182718422
48.06303653668411
49.25274029955457
15.686547728295864
34.322883303070704
58.305075718708096
55.25084596050222
10.66207122470157
17.89804559712053
22.131018437964187
27.259792166521642
64.22772911254478
10.252789627289186
29.594539885572146
55.60323236070803
22.139766409674827
10.85262172652397
10.490410319827134
25.62344020644256
6.318139475856878
33.60567216011283
44.17741946391497
30.888106680259074
60.786693573754675
51.99860961184237
59.914800480093305
21.822099342987386
24.663287910521426
11.077825094096596
46.67822416247824
42.27064351423307
45.06079071757301
49.9122876336039
27.036180153190223
12.095331626260254
18.387265526670944
15.863975991052765
28.105250764050226
36.34901835528988
2.336179852555407
33.10348192145954
55.98955941614687
11.54356493817782
43.66360351320714
36.954255273814674
58.088942897985575
63.67321500072046
20.222217685873623
24.170308931314377
47.94468320280513
49.54451439392184
3.6778081252945825
41.513644317387815
48.014569302457204
59.58897443842131
28.995224298770882
9.070451200504994
2.675678665147654
27.15426013390026
3.8770723217090044
45.474732274129046
36.613143011579965
36.79724288223064
53.72585016391493
22.345950485843034
47.03994406027809
43.364573949142624
3.5842334498570025
48.08543783006654
60.5603294486139
50.40912221956695
42.87664579926076
34.95493002961468
39.12318880780478
14.763542569421539
21.824221015921864
52.36190280801205
45.94839157303744
36.033061552482074
40.28844356802482
17.865885626242473
19.273919143187122
18.90203776762484
56.915545026989925
6.722666626424832
32.10516603900725
22.133968448937686
51.75913759811395
55.95382583079099
11.146649092517865
35.55227154599333
54.82150286784433
49.76474859510975
64.44919110447756
26.476968303645197
24.01688019644401
44.08589646165705
19.251750793619063
63.6579251722323
23.926449702304787
38.58766719995465
60.27839931513992
14.52395068516703
32.920082721718536
31.285819809123378
51.80053212779944
59.483962716427264
48.81031023001033
30.342923779706787
30.94561013372393
15.35775346424671
64.12365408515804
18.017886872672523
30.43795113673449
3.6087054800303733
39.02244696292319
28.989183775546124
119.5763336327168
128.15082111437172
83.5982896513218
121.38623506825664
118.38860730855151
88.77463414651541
106.17932529506061
127.12441067693696
81.50026842295813
83.83274183997462
128.0260937547297
81.49606598423216
155.03249251776853
74.10264456239196
111.68348068129315
128.60943289718932
102.96341120617284
127.00497801675692
121.68924784042906
142.04444492486942
126.75339198437365
98.31856481258289
68.97622428979736
116.18469324430123
124.9991217539126
146.76636451709916
106.13467901506253
106.25824479438369
141.58490338390317
95.39097760000111
125.09615690137453
121.84265113568031
156.77671941716443
126.30773149536637
108.69002957106744
114.05005028082947
96.54952334834822
71.83308412058965
69.5764765380506
151.5144249594849
100.6966329324544
154.24967153675578
156.08254715300347
133.10034830109927
135.13722782004845
124.5521422232889
90.35079669545985
67.43602376751183
107.87063674937113
93.39595170884257
105.43663514047033
156.86288327844036
118.07007838446198
151.856276539505
157.91944964074793
111.99577097457882
83.1042594662913
100.93362265420743
95.8640666727623
96.82548923413255
110.79455834066859
142.46009864508193
140.7499720598684
121.47163399652803
124.28136490742762
113.95375423064938
99.4854220499148
144.4562092358547
85.4162420024576
99.06352136388206
90.21545009842373
129.54526504925602
122.66090258066014
92.99931965538305
135.5696707934688
88.27125766087602
108.08732464960464
119.71647063439922
122.50954567722523
131.55472677129774
109.20945092186645
134.27405607277322
139.08062464175177
96.43597126278658
102.1692076389421
88.60196567036213
118.17485834396727
107.11698788114421
67.72057678754462
93.1867090421065
113.68384362946584
135.9699420922798
92.58636549075258
81.35654490957604
78.93798752848026
112.86795871537228
107.03269165288148
90.93128127420289
88.49906728419042
138.97303130743174
118.48225508505297
146.82504473374865
93.45298150084363
131.61757487275204
102.19223659188185
96.53594482773696
77.82095024660757
100.76229827084873
89.03207312439004
82.13340683277792
146.50209786125953
118.017871289288
143.45349972647705
133.93438253333872
155.3000325174747
135.868891633546
124.53960326520026
110.1426260911413
118.07974325402559
83.23911808369304
78.26543879473995
134.17075506445298
79.36351683828047
151.8768051300149
117.88097016744622
147.85346284013718
140.22866824959067
118.80181939640842
142.9432901067269
143.71041234068772
154.56020851170763
69.79980487985715
117.81858890684309
154.27575121193854
153.27261702765261
144.24366069460177
98.37054931056291
66.3627784800857
77.24046833978853
145.92469610107364
76.11059336433435
108.37003708446632
142.71862824895376
119.58739910580537
86.30995331217159
107.17582260444419
114.61606221621267
152.49573458385444
102.8774830684774
148.94334253406745
108.42615069253003
123.23155078037018
133.65661729815082
110.63831469134594
139.64602045261196
80.93152670100785
81.2319184984502
144.72364126017015
136.4937736898589
120.7154288109236
67.92143050564512
84.47733564550393
133.04449069255355
150.25171069338217
139.42014970200324
74.17420660286595
67.37779480108675
130.77368338136145
128.1541243241172
77.77557249217388
96.19115970416888
120.98005620348187
81.26684218471557
100.56533640059004
74.89200063584957
114.84623016632034
124.70063125737599
80.58916455222081
135.90225204946702
87.85002695381377
88.36296448949906
87.07461348525219
132.56341527344358
108.54314909972146
122.10610968320317
95.65975373449663
118.45156024754577
104.59642604344413
97.99198878361425
148.42171326566944
109.00132644149117
118.96580483867169
81.79042834291957
141.0092183340685
117.42075494747294
142.22447913397963
127.36042976626403
89.42607894215797
91.25131358296561
113.7679909920214
85.71931391787561
133.03815627345637
116.20509063095366
74.88667067959258
116.84050518705024
122.2738011063807
78.94469066880228
107.99252192864819
114.43874365318618
97.3141451221107
85.62184948161426
150.5771673356818
103.6647557716055
112.52360562095679
110.14308298981064
137.79729933566068
122.2145677786369
157.0468947022644
92.60843370310066
131.07322320826142
119.36410735546227
76.6929907206488
134.2946845366994
108.32077910292914
89.3015437292211
106.17507948869513
144.61968136808008
128.08813912124262
127.9114931136676
158.9084153563223
68.39005774415905
111.29724471105047
102.91254574481759
101.64679525686616
139.15150375902374
79.1296194569974
140.15503636550912
111.78730679874683
122.34972343106844
118.08797838890187
128.24311878858595
81.55245291940221
122.06147578251843
120.10440607476971
94.43098877103057
131.48934976276817
95.03478914720839
138.16245327353786
116.9994191992164
104.56798277902777
94.63311378949186
148.15625177707798
87.7412865500703
124.52129727992393
105.51096431035518
114.98226671623604
79.5419059549149
101.29694812319532
88.850031334301
116.98388819247488
72.387506391697
117.00914961945614
101.34148425920601
113.07009263763223
67.68237041025742
67.48163098956712
152.45975038442737
117.70135846087517
82.05423050327354
94.74306752894084
118.08515449783977
119.25223744012469
119.31806991419987
99.25614797709498
131.33338326374135
136.62850950615518
117.87555611165115
120.17240966865697
154.89636328920162
113.64842522419123
150.13971316154363
135.35428897608938
142.82856452601214
150.9194420243566
141.51154231702466
114.1929578590588
80.22999479454288
126.78485270104831
107.06365287267433
79.62600925615128
76.45058860331206
135.1934362560152
86.56177021535228
85.5014630232213
123.79752692182299
129.33224142638355
149.38446152864282
135.3746843079137
108.4906664911701
121.03244995735497
131.86163631889855
121.21860531891795
103.95651410945584
145.90169463927566
122.88626303831109
128.2438729600443
148.67725202172244
135.34490428337415
139.31603525462575
98.01591442215559
75.33576713251769
99.3979058429839
87.61621489537175
133.2163473206869
95.73339833346958
143.25298087416203
139.18015314468656
134.27992024063184
146.79259703937834
105.15164844285627
90.52341977564431
111.50889632248895
149.22213693441643
113.06680691280704
81.95242110249792
134.50430027117088
142.1226979096952
144.84844779163805
138.12767119103
104.71130158999333
89.02292984742715
72.9797779935771
145.7012106102714
98.64759237270748
98.77816627084007
105.85188355957791
125.62187533768059
87.07891808949046
153.68676415420913
134.96301108562966
129.45735971879122
87.12576297167914
132.95877563371337
103.36675143622912
152.32195275854343
129.95207415324512
138.25139170424723
158.51152078462678
81.98490794918948
135.71202921893976
76.34799688472461
147.0463399041399
102.63695019103191
144.6826035783322
124.91806210494869
142.10974158057877
143.79822853707645
98.5880801047081
97.48182297754346
121.87496007703854
147.1788546835033
142.10227360364033
124.2764054250559
108.6574912733301
134.07757570706667
138.0945218360248
131.37317956414424
72.7034519931411
83.05133572560314
112.79673279331156
102.10621763479512
120.88176937522417
77.64682489686778
68.2692334153295
96.56608339004437
72.28185389243981
132.10452336086124
128.73457820844084
122.88991402434883
126.27514347995952
120.73470837807736
138.9547653133972
137.12839993687132
118.04971871431427
107.22400251839112
114.16189463672367
136.24609758367194
96.6768038497132
113.85405159726868
101.68300019631458
74.11955275220527
155.58496137869872
135.23715187879245
72.50964555923821
107.91226921437136
109.09476248104292
147.89915001122745
124.77180500166729
96.8468740808833
143.26013589619228
139.61587318321756
114.41209200995041
133.45304772634216
141.63933880714544
79.24071732360419
113.8073494409363
124.17840580547066
98.7074743956114
119.46042632314055
83.37026000537136
107.87520768828776
113.44970325693853
72.2038748972139
148.24817442083253
120.16733219736255
96.30504260050105
111.82659157942712
112.16262637015069
142.69305006362276
121.80934749741823
157.63965114697214
93.13990129300933
148.6645188473193
72.59450811398614
80.16623794567724
93.65223926465964
77.91384546643772
82.28564386529212
100.9211599002318
116.64359582137452
115.48437102177778
143.32355844741863
90.40091554387669
67.44180815275476
128.95927966401
138.85625861903932
105.62848366790584
134.09880789967025
110.84749025299104
153.4791590792291
99.50375266609505
128.71577735786678
156.53254201531573
85.52692788217195
118.40861527269996
135.56797750930636
111.35186201230393
75.95308725031995
141.30966920594582
79.93134367495118
80.80187648348407
125.66285349669165
150.20640244827138
80.42757235934477
126.41314721518917
69.58346012007956
128.83064108369481
100.44929427807043
79.44958877172793
140.54276292092388
103.90930394863038
94.4515903783854
74.0328441937791
69.52502511007233
153.79360360460447
103.83635858309206
128.39057855639808
108.65975521951923
98.10059172290798
121.0001552555021
127.98913100592819
90.71292727208532
133.80992211388454
68.46988759096548
158.903734421366
68.3777753010672
140.5976681239486
111.96608234249334
147.7107331750905
128.00574194766367
95.15509317200072
83.32282953972255
123.37213173075338
115.17582242023377
120.8781985681864
82.722884893779
84.9478162804944
154.1348385627976
67.6274665137103
151.87380494147746
102.2065920721015
99.56592109559554
100.33142298683282
70.36313489885495
127.03115254710207
78.40901742411052
151.3912052391997
135.60813134197116
84.0322654475736
96.14965333214276
122.55839638340312
75.09472282442934
99.00853012495021
75.83649631831507
114.66551317010237
73.77926006579102
115.52928372280725
111.8740493419202
80.8161396227497
70.22778502739814
72.87512573510583
150.95146598817524
103.65052029940725
155.08884266144207
99.33040906436811
134.19000833141627
121.9255786982725
115.86572559574061
110.98091842602597
96.70155437232431
142.27210644972658
76.77352796094836
109.12235027759957
102.35546882450373
98.34592057901119
118.24608405397547
133.0563078957303
80.96697629542524
69.32124867770423
120.67767561833264
77.94627107351855
83.5914394990526
103.17215574350064
76.19332637511326
67.70024106998551
140.7652039139088
144.71783198530733
155.7720142273808
124.8959185420294
126.64455788359852
96.03366248456773
98.58962593720514
96.81586032087836
83.91231116203552
110.26236811768915
78.65199132725175
153.79487138531277
109.48453220118076
145.8498562543351
154.45286598379153
139.15927512446487
174.54865941615208
277.02070171289876
214.98865049418754
198.27553747706116
308.8810427079508
238.82329626680638
267.17776561960056
188.05131214221564
278.85327916397205
295.5391980646685
259.60056100921184
263.82637176330553
241.9461391928611
168.09144783581627
252.958639696482
207.66380684817597
196.57370849211233
268.9573299220398
229.13939830945387
299.6373679196955
200.91006393200772
230.32852164608843
210.39885752767088
192.24091215340383
271.8371045130686
199.29297197107445
200.28691566193777
276.30317668407173
203.70219827899984
289.6520083379652
232.2701420005558
207.16892347086608
278.9574469820125
310.4637162853886
285.8154461513211
307.0780619603579
181.4019719792536
237.70186097444886
233.64997953712387
264.53243715899345
265.4819217211805
180.82655671490363
215.78581574399817
260.3358704955861
199.56103859996017
267.3678095850671
181.51360860489993
247.3138271221635
257.7628548767663
230.8176498961985
232.3480370163949
272.9742049688224
237.8799977753335
251.9669337908381
209.057831270297
240.97226212310804
215.19767720245284
314.56870828324844
166.92945113638896
193.586464325652
213.266691849831
249.43938960291018
229.29963802196355
270.42209588703884
256.12651709754573
291.71818883964596
209.46632462788898
241.29118083431717
253.80828233500702
243.44793097018848
204.7616496489013
298.01724866589706
229.69036018985062
185.85440018287449
201.1602508359302
239.74603465608476
162.4839113326277
274.5084515918422
317.95955067381135
180.5132020998331
231.2746627143892
255.6395173937592
285.840807543859
177.72956284187097
271.8646445658503
256.43329973041574
271.27297080903645
217.67218949169904
260.98278751051805
236.17133823198338
254.22758139984384
189.66580506776467
266.0561589441053
270.1443917887281
257.1040767285913
233.61144350811517
309.95084147417685
238.6580100005335
191.1858471764857
317.91655028491596
263.20234286626976
261.0562756006155
249.62255496266323
189.76801243620162
242.20462677255128
262.4941587965851
298.7429887085981
264.42285634013376
250.64654373116952
174.4049061012537
249.79099588372873
212.08636505523998
262.39461650904565
246.67049181969492
301.93532746998994
167.55001784091502
244.12439892909322
204.20607225452278
191.65487103787723
259.7721102400108
220.48785352604318
223.08768536405287
249.68939837700256
282.5440834444222
173.50014582149262
310.06266156280105
170.37200651545012
214.21135482815916
181.68559694607603
293.0510257540237
312.9012773911367
293.6784653501536
193.432618707134
218.38683630754497
226.84889773873465
207.9514535306554
278.22863840939993
57.6606626485943
75.0596437626435
40.02171290454872
113.71859268445337
8.200920536196364
9.13598217705885
93.6552722018944
75.04854767951527
63.6574526271489
10.28211737631468
113.91839104628403
24.45123560824436
107.20904223725856
63.7126452659
70.7422915703436
65.87289800638806
31.785156147387365
75.78033740625891
87.77029615155861
30.486094621674855
83.42521915128125
113.06244915480792
92.51508588422323
86.5833151114019
14.148303680032022
99.82662850798127
68.45035740101044
76.20508161420712
42.75444203411857
14.97504159499696
79.1690248772279
67.99122432564872
101.8931808527815
9.02855178561881
78.63504563395341
13.42369835878447
78.87755509033349
110.3692085486995
22.497870492748184
73.94091356991984
41.17611501681938
23.368538337559762
36.64846622949045
120.18268323444056
86.04475811801969
117.3239838271018
98.18375383988086
120.41488038346336
41.29449997608986
48.003418706553795
93.21571290655345
103.11532686145944
73.83272391006565
71.13045748358323
9.771702311570188
114.10975766352551
33.63108014215837
80.47579475726818
118.89042403577892
42.050148551906865
112.80428303565063
28.344021908754314
35.94589515986293
82.97359030196738
67.1050983212357
43.04034719949301
25.004948135639573
81.59504127218602
87.8888145050612
31.45454493215966
66.7796980584435
96.22285804805905
90.8036023192808
65.09157044041953
52.44429735017499
73.0260924775099
53.33376751095129
109.58279016161579
87.93401052790571
21.29547572457667
84.70899161295772
29.513319887825517
95.48184601758499
87.00627881819452
21.616192248852087
51.685472255241216
115.43586321526922
63.777502707144215
32.269767258762485
56.47084322766838
69.73430555676394
102.89186774713406
94.95741737273804
18.634277218124076
86.76657605655309
64.05500775993298
59.939249051821264
34.47163087431398
6.627768528694965
73.72009588608157
95.03470747675635
68.8405431764275
44.34854448490314
100.41144759477186
37.95585749572812
87.5228077518772
117.64770478570459
102.79794099527632
50.17191999882046
67.75278366302082
83.01081700856395
78.4001206013597
100.6297094007157
63.95125930784693
106.89866544691529
3.6401780217855872
75.47947543153286
35.598758226274825
108.05914699208408
58.15088468177065
118.88109069328226
57.7859702598576
76.9049457696113
22.69857196914665
42.79473968413381
20.214572984632213
81.12081686408402
88.74988590645054
48.03691435679976
34.42238081173396
79.75314819188654
118.88359281217029
15.924652319420069
19.141303826379385
94.44528683302025
56.556194084944934
75.60999616761573
65.27962468406339
19.168180200024253
105.9664806671058
115.42043770489295
43.66270382614586
19.75529142971044
57.46792233077026
12.712935345699407
48.73852224643065
19.04853852688578
85.10289364627566
39.288539291833516
31.442595159794145
75.49495776759744
62.53906471048525
22.76584844540121
89.61942274771775
24.64207261094728
34.98374645751508
39.070478631515186
76.92472642484013
90.9443390911801
114.2889754776121
89.1045831589708
103.29207033154404
37.604845470729856
57.44610411457379
4.62683092458564
53.172781446119785
31.624679174441336
49.10057612422051
71.99386229153218
22.578152636699585
103.87116867041614
10.733347504088343
117.4430871601551
68.98085271400545
76.92723000771647
39.81857283407711
44.46185636688095
52.73368956247272
83.94308631501274
106.0029309823691
98.19377080587122
73.38596097407326
62.62104250042245
22.95988766231968
107.20135056197651
85.80627816415574
49.43977532496548
49.97046260318778
58.39039854460347
100.86339348718778
104.77673810740478
49.864727852299254
7.284434562380092
60.54798999337318
91.77954941878696
21.10571789787899
54.15629483875155
74.90167543263979
91.86341795370878
44.823100501209005
39.89924272740224
38.91641507117373
43.17492233516683
116.1158125064445
15.100825504855848
101.1633457418665
66.49307341271296
76.8254339591535
31.524148936959783
53.1258867370421
36.17495095967251
56.03811515245311
68.97626054144452
13.83648442370621
55.297719046724104
56.97374173706627
36.459512887941564
58.66539758957389
23.375452161182892
66.59622517805752
30.85189646039932
95.99786343703083
111.82587143738886
98.00910264641647
44.09977418335395
118.25720756826684
115.28685566511825
108.93945105595503
113.03144887130463
106.44018277295399
92.63733388254212
83.63153680858159
36.56531137529262
80.78317271362812
18.55912106058161
22.09334590199095
62.15405609221364
77.77221052727933
114.74119379140242
12.2372302954184
30.624271063511276
117.1105927205715
83.36371276417654
34.543510551245795
99.51839855186365
69.11486462992717
5.216956351157691
82.3636696838465
79.84064806736033
27.745836294376268
71.75623453314569
49.14587917499823
9.401493272492537
56.58912988224761
94.67190217420851
41.98533604905634
63.84580345539931
98.84199519420355
52.04415089184404
50.27663231759257
118.23172386042125
17.36687869896219
83.87019995062546
36.439514533914874
76.6092123976612
16.33036077934883
39.574615772869336
37.70920204519355
114.9951315510495
108.77643887246366
49.04528442859939
20.238147926822627
77.40643628811
83.47757886386222
36.43378548408239
99.07304184554967
24.362511239793747
28.9629750534053
73.7735445818447
77.69496514447248
94.10401302188927
23.486487818189737
108.7285290838973
93.65418924000477
14.140313174907845
79.2042791263606
37.92640752216459
92.0804861134862
12.730587105072154
15.114333593256042
56.50513774557174
109.20322252665235
84.5644455562665
64.76667359240493
71.85868459307437
80.86128501038783
48.90666263899443
11.178992887206618
55.947477468425
78.26982312598226
52.20747953348183
83.17694020884441
38.13601568579581
87.51504151053351
68.03872364290388
64.38102091368265
54.55600803517949
21.11148667234918
79.74729065996837
92.2337472155693
54.76234500785517
73.11492067300945
54.59748944381641
115.50884983112044
24.99508309208813
98.74510828735337
9.021188773215705
15.776240946883938
43.84784783097909
7.13859066686846
53.47408367427397
20.229506283078123
101.8622184410915
97.10087334474194
41.060575027468076
34.97387503503301
37.27235232837507
65.86150019653236
25.617669549764635
30.30330851489665
78.60191113826887
75.84971525699025
79.91666610284861
43.02815963035946
115.07717981111787
83.43810232799422
43.12606651862281
62.36742776296751
44.933981756868704
5.454106331046042
66.95208694334676
96.31406684895748
55.859309825329106
109.0248058483927
108.05556459492644
100.04796379666845
43.56055051616626
70.09719007379064
53.427120962156806
69.77269257278103
61.63716735673613
61.36033430462536
83.06044184204059
37.386209945057956
35.855189081196556
88.57922618384477
111.34509247860036
67.26622138017096
25.079843943368573
62.11218098499841
94.43070195774489
110.27765435140287
44.862833447629015
53.4635332573343
47.966684309455665
6.329330802914654
30.143246517525938
3.7758326263441333
46.26669318505172
100.1434600315033
72.3952577477948
79.69727886362455
120.44366661044634
59.30749398846969
82.76413964121241
67.15882648854533
59.75260551464113
20.2805354677174
93.64470433189862
111.93704661801084
95.53847802126604
100.92766907475362
103.33804133100688
79.4826420610234
108.93162870082759
55.289089772855355
20.6753021141204
17.714638276101567
63.796014456425496
118.1468002480563
96.69175003314389
3.4453637222197884
61.60681103653307
11.423401735925935
80.28690526135777
95.77061425805692
69.26850189942006
22.642938185592662
95.43288914079437
25.159983241166138
53.40422351496164
109.41146434766884
101.27124145921582
118.01079223058295
33.668938608434914
34.96758452591301
16.065991612668498
13.753180972622694
24.71936856547216
107.17324101128804
10.866576076703012
69.75661450117657
17.46829162196783
13.48284414648132
81.2370706948904
81.77163280202836
89.46923707183977
52.14180731226428
46.80833931190925
69.46831380691081
105.07592079077946
49.552213143452605
5.555870809767235
33.74091208309022
21.65212928504866
90.7156315664231
53.82966473859391
65.5657848701431
22.547291069386674
57.925627280585104
87.38148623076722
44.569890452527076
107.62062951916897
58.07974816284048
38.09068270403857
69.93307950119777
54.043794609417944
26.28584854862573
87.73744175682418
58.741551050118964
54.49625462470179
113.53375908921146
55.592957605185156
113.30730308142697
29.837049294982585
116.17801086590083
26.505792259178392
38.583768413900216
44.55731493199063
50.03880704722039
68.39828652741548
94.42604884612952
118.12913881727664
101.42312463377331
69.04125323511634
20.600238987923625
7.157136712896204
61.910634895149286
55.86445953277822
116.08840901124813
16.017158172682393
17.183158439036667
14.594217634978442
94.56354951631967
35.43691424304289
82.17231014562867
8.806693842832786
117.9595440376898
98.1234324228756
43.132746721046786
76.19752651864717
30.579393743937388
100.7887942271878
48.96387579421145
32.7989647765814
80.1584250354185
37.52113020389612
104.91472215970379
10.37815760304381
23.43399572831948
72.65802757421149
57.8686615441708
38.99327319825359
77.06637277806792
54.32741007000125
98.74815048801523
112.49617345280102
32.52311523301541
119.16943651746385
64.25259405120163
35.8052891079938
106.93763793314145
76.30276545980772
46.94457978176517
117.00309963129655
64.36537439657972
24.84163388799552
103.12866773108767
46.72971070448057
94.88678366269414
19.524318708772903
17.163323894960747
8.238272528558234
9.074462234768802
79.35105985309735
102.17364184236192
33.77487781403223
79.8040751759738
95.11785066384874
18.76066467430492
67.65828274241008
52.13804764966579
36.94079800335987
35.58321562942726
66.6272048410204
69.19446986893205
6.122825150178166
38.03079983238523
83.99273904403732
47.0209285005149
109.05815130489006
88.23652036510788
37.1864602745435
62.63544853518633
39.157201313660046
61.12519493524927
116.64230650691849
111.50522520348729
53.93877351591023
100.21002165922273
86.6446415972695
104.03920638736281
29.325832674242363
50.24109999777759
61.23341865557094
112.35296108965592
70.33858762250706
106.58481026842374
89.94069627987716
71.1844701923361
38.090705539890195
119.83112045663361
94.66239977329627
120.30347192434115
72.03453995134224
65.06276793213621
53.272501073277965
41.36277659408693
45.25096125338653
76.53483835597962
60.65340412252671
68.1025587195828
62.29205992174544
26.40817477183932
99.82152959337591
73.34786444755468
84.51396029029146
41.06112436684283
106.24898898632493
51.41555694252173
52.86873287298966
13.0030146875946
8.673200130774731
24.677393386380032
15.552585011448379
109.27678076814226
76.68136118164577
12.144064898176872
40.925071276626184
84.19664714538501
57.429717779431705
55.896460110494736
72.11742432264214
62.58809492586313
11.59150080281259
10.068593781310021
3.645610783119423
117.56696262204521
118.82189220525632
26.156545408545306
73.10481853377763
100.74117875683595
114.78815444789944
98.29926405305909
12.948896962964014
110.495468421109
85.18832718120872
91.69741682902885
90.83677572024122
114.08748147732842
51.691341730934255
38.321271683769176
38.77226909188607
21.075987813811423
4.98255569286917
11.647502214368807
8.748854603223421
105.24905914835017
30.36533742317936
73.12259420749587
65.04198263102307
19.73155003235643
97.01539558891224
54.86653185418351
10.998826093053928
3.5842987969893443
18.107480629396427
69.47236133794496
84.43176772513644
40.07974256478649
36.39090489529204
41.20264150019347
15.079195811735872
51.89836838643186
101.87056901249832
78.48878357124616
33.5327926715195
65.53005225453104
66.9693221236912
56.32886423097061
11.033362240020914
49.108745950292054
83.53687075002902
64.64391501352817
60.75473181329476
55.00516119670553
51.51857787644995
19.399586192401777
82.03122009874812
30.930244758264067
108.86448148973798
60.822750494743076
14.376396382570029
39.108329651244105
36.93474083321767
105.77436824136404
31.138119065633596
65.83701291330998
59.26862432938883
81.02478682920899
59.6706474281321
28.499698325078086
120.49615792618685
7.555626885112716
100.84633599871518
54.73796959596935
57.58078655677654
44.51543686978792
111.32796898881001
77.78840316616214
69.47259690945262
75.03389959839495
114.53308265637492
12.732250126422784
48.96807632602958
67.55413004655358
117.65385192215734
75.78149331045945
57.82647860035641
43.148592759313075
28.76585388353282
60.10059336978702
98.50294526042562
113.7318997209797
94.85541565673566
38.9741668481102
73.41105241029665
43.61179502426501
94.80263176969322
82.26003460402812
96.94807833056231
79.0071402471854
75.07147809576439
30.08472938362021
9.883118971295971
94.0478884768126
65.59509769712531
100.34299197998548
53.06846344671847
52.08363735296602
67.11142478669946
120.85290218975152
73.64642964453166
105.95169361167177
48.75954552416583
76.65270735449084
120.79785120318775
100.34010914695293
64.31889965534369
92.53809007702637
49.69591677598426
68.20295884013218
26.165784040517046
5.975485399554536
89.09545347724742
108.98220448400721
8.414903410428188
55.25845928631119
104.23205521376585
49.99449743421397
40.195407308421125
24.728305952415433
70.87110908903414
97.07235416687239
87.40503548748828
40.516258622030435
23.199156327061708
107.20422385852359
51.57905754564338
90.83678155476991
50.611349489288756
69.33553295176365
89.94862817513182
73.04394032983123
53.22419588040311
30.992471784134747
111.58291599288759
30.43093779751552
99.72395954234689
58.14902315959719
110.10929047521452
38.44606620600462
31.52629450207451
68.91091496574276
106.3000168125679
108.06335819359933
10.968508030787483
25.628496904768333
58.224728660748305
54.83339566243972
83.56571262819823
26.53142585799131
54.27204371347659
22.015098163363035
15.265246771005216
114.44898645061625
112.50382880421645
25.951252871166496
92.60541397427892
43.67083151619914
35.585175683729844
46.29548026466887
81.80561718373818
102.10791331726017
112.24122032634148
23.038683726927687
61.38954649287506
98.30813801705753
39.24651366130222
68.98986013906867
32.90719107563331
113.17763445039034
51.60323217931468
38.1489532998735
82.26123322775976
62.06573510872161
79.44630939095454
116.75719354772396
50.635440195504884
50.49752857329264
79.6449460549972
69.39583759146319
97.78428663953976
103.62935263794192
98.65276072061889
93.53415967779908
16.95262998633877
20.221399984477102
75.28419637982165
91.96597546213488
14.566986916210602
109.6252078438466
80.39956524302694
100.77184877098378
33.33206224166649
68.59964479668874
20.543472327958042
80.31605735825875
41.75143576641423
38.670380359724675
18.80820646627717
33.38790650139213
108.49384184525913
53.56862674642918
66.41116655928869
62.215054184415386
36.09716976608104
89.59124705498282
27.348077939128167
113.72659542908818
31.109419827278074
8.616928841213664
98.37728867411994
100.17128050636737
49.923171601708134
84.75163101724033
7.001068600798263
49.93433925976762
71.6563556714609
85.62883177187615
27.89526154595564
13.487323455100992
87.22593714095622
56.16535868960277
101.8318243295756
34.66580961019943
110.26437558961592
66.63509808380111
49.07960463767244
88.03793598190826
17.148157097392087
14.537200755521447
11.817434758442033
11.547555275791439
7.200259319567671
84.12204617134407
52.48797612461037
104.01084684770419
91.54560509499066
61.110331458999596
80.163026895826
102.74008138395811
12.889613122507377
92.16080694991496
22.826158836012638
9.637268368847735
22.18139099985462
34.03499393978292
53.060976010054475
27.64769888531732
79.61194134865892
48.46884967200242
13.089369070767098
18.667036847935528
70.20671461497314
27.192936967394566
105.67860428334129
8.059974656855111
33.06184678885587
93.2663602879173
6.186285879789395
102.74921709897122
33.577001179052644
24.10408665399894
73.12542997478141
60.93471764459881
52.99310162185259
65.93970548561032
15.78253936723408
97.91725079197111
13.712097687508944
34.478150020871205
44.2130389644917
22.712315204902282
62.61212046019551
13.19152039415966
28.51598247880537
93.68699348271986
53.35606702813295
60.17117290820016
47.74467357560702
12.447745002696912
75.23856685547739
102.52248997913945
42.19234599786068
34.330726970928815
47.7555825718203
17.056735236101645
63.064584413454476
68.69593591592759
72.54016144232037
59.003162771977244
62.593184348287835
44.5641777584714
96.56089351861584
26.314807586057697
37.55322954423098
10.270946229207588
50.4234685374463
63.328515542706754
74.95323435480532
114.512675219745
39.08583753352055
57.0130167615184
28.957735845778714
48.99823863023516
91.3878281543185
7.628180489811719
5.712971244146047
73.27296198609734
76.11593870208881
28.62224549093405
71.21878988347633
35.50204790213222
30.410235489784156
106.53357130417152
74.91713177103338
59.75039388259592
24.034892427021433
44.40662138684756
27.792943559438676
86.0587404293878
73.44663083556804
84.36553797808259
34.96221796408355
67.7183023813513
22.381479381486628
88.42100256559002
66.63216199662502
84.15713376533446
81.24879762788711
111.8148001411885
45.59015536238053
50.80824278143551
104.95183858921041
54.66771148943746
120.32924320843242
57.872853043280614
115.05129570571003
98.94086951424654
85.5081917206943
81.93499689357061
111.93487481871489
95.79577749379602
114.9578829446015
115.86275814884615
55.141657096015265
31.12470543440053
31.513616644001953
108.34684674408783
37.28469969108774
40.225666386354206
45.459599826347784
41.827208531979345
23.100790183347577
20.955442905462206
36.27401362631383
98.20546662579473
97.12185485534681
51.56216943550149
59.08987315946346
40.481967372062826
91.36224039476372
69.28914925866844
74.0393412649302
31.091308635451604
90.53234637327382
42.39106517625477
91.1161977909262
61.57915240792023
60.98629731710529
47.02411791512509
43.72632616651509
110.92390234314757
82.9735180260727
22.639496201010672
82.78996189577992
5.395844629316514
16.074730613343355
10.691675387847297
106.67539970626561
91.70934381891989
118.60851732092146
74.53008558623424
56.272584005875025
65.80082859317002
25.422467277126685
86.85236189722004
107.26760327565762
49.887690182788134
69.13331340313546
13.009356582453215
42.14262034997185
116.0988080690835
106.41182295317603
34.92000142714936
105.96440687628164
73.13262560973537
50.36959384724176
53.66551837502453
48.115207842909925
97.43888331250957
38.258996494671564
8.664900780394923
40.49288225482673
69.0506713563958
71.16821447376576
107.11889637480797
65.97495003806453
70.92849724220001
38.10021598988227
65.18163146533911
28.309043961587726
74.26462045972936
115.44719543268279
39.16461585562284
75.01691123582115
100.63918905676132
104.24766778210008
76.82212433808098
39.934397223851064
27.983379164119825
44.825489568088315
115.25364316821862
40.27899274712017
25.3052872030433
19.775925865587148
20.102048244655364
30.72343078923409
29.909414311211776
6.357409288422957
3.5450969718703504
92.97190830746734
57.25441144824393
101.61482493563682
87.22104962703749
73.2632709482428
21.940384448959534
53.45003659669796
101.82940367682238
26.83855295404537
42.9776555437194
86.26772789152322
53.281773348295296
22.741172983179
49.66609024136497
61.50089849533557
3.952330152140128
14.994841354499407
27.434574117434302
78.11209213521698
37.56164315117427
97.23652315531285
12.993615659645116
68.38356356568086
101.24672548336139
114.802631192197
45.95148376087343
117.11945098844188
31.907617891912484
35.048877963556265
117.48081891714322
64.7768070325067
111.26928604615301
101.54223891078792
65.41503011245717
53.769488285503265
83.16810714858661
27.096404171315875
26.904027533150895
79.81622738834453
88.56066754249565
49.53963627435935
34.929012621748676
75.83196079588834
16.23733535875069
55.272722020061394
111.55786515549647
103.56133024142434
70.33861550888984
72.14282376279643
29.2697090613035
67.8570579938597
45.5635636257829
25.665053159666385
44.61872960910293
71.05774074306521
65.56352476622097
25.769528705137205
56.49287414735383
55.83930659251906
97.51405750621367
94.94245453928066
44.45595249029196
55.66190311475944
113.51454295728217
88.761427189037
88.87457139677318
66.36872781838642
75.96099649890411
56.35425414401204
64.5416037042912
83.36977867381131
46.83475863446076
120.8502294379535
55.58873110764181
112.20407894137037
50.23143481099004
12.336635578383031
119.2914151742072
120.5118463759125
95.91556564483008
74.00274879829895
4.66901713596404
39.485014670371115
29.41352682001604
48.23041323282104
102.20213224190894
89.62127058221807
61.969072077099405
90.31096456272434
49.5403570202455
5.596323797122537
61.09379177369169
81.18288434571946
117.25974804112376
115.3384421438148
70.095359723867
26.344262829312513
90.64640173805174
115.8783394707832
34.78349381756465
6.232807134927157
84.13589617118811
51.158841104461885
118.85199331131726
54.884906569860334
57.68915059548164
51.90285315859349
16.082372229805976
66.01612184513871
57.63452672348862
56.01566239478101
38.207467377215806
14.037899392106873
50.80773592419674
81.60905480156265
31.43825389119596
35.693030858967916
106.26252192779361
10.83480833428834
89.37573657555197
63.490805866346605
37.85695425700173
60.48425786334447
29.75027589850989
48.71195510323146
81.88564979556192
91.19570625721904
74.03978468417729
99.87759200936067
66.08854914353016
58.55319529571257
113.55287367399333
25.729279416601727
8.036270609262523
9.519966980284359
82.317604081723
24.456592487194776
95.89016977018642
43.67043167419588
99.5453866463935
114.22135988084555
35.516792899891584
18.43481381154026
92.3920051123749
85.03915475736154
49.13258261603786
182.98538779893164
162.12255816683586
182.8996191187999
195.14860944919596
144.99909474949473
121.6914049097308
129.34698357691687
163.32795589269537
215.4649136386768
218.78731526239295
177.70267883114678
184.32074611986485
154.08384020424094
211.81995237555597
228.53839375215458
183.37192601066263
179.03478833338943
206.24856101942228
184.4213992493534
181.7663242092626
190.62430913828464
148.83272713041225
140.9683661095589
138.2146025058335
189.79556145956528
208.9284194742921
196.861362384812
126.83216323497538
145.36108729669814
194.38017707954367
187.67924554165455
160.31834878794916
222.37380690820868
224.07747144079798
174.6937940583904
210.3787640534099
152.67279179312845
212.56114796527996
179.56585894465778
157.5134425032427
158.94287804745665
139.7364464373432
140.07861306805256
146.1443708084176
223.56449726006488
131.94742892530348
142.19162825092775
174.4162801283143
135.0359086991768
186.5252487329925
163.46861940523706
146.16732286602996
134.1336200052431
221.32904958524995
228.18769542744593
160.63506112275428
227.76592481400152
224.4668795077637
123.48993660089988
140.12349359626342
125.8314285502351
133.46319271565358
144.5398578982884
181.11885051733805
160.2488813076403
184.26617398290335
182.17209893526746
178.43874217413085
204.69793760540873
128.74815793575655
224.22529836906585
143.57556695708982
203.13747892994465
223.19927548641132
133.56663884518198
206.17928668487085
175.4725961165965
162.14103678600728
196.21913591590496
197.26441188771804
128.76171940945113
166.84262467467605
222.29205687032186
174.63277564158574
156.4396632969832
135.27016004357688
126.10530742136075
188.26621107089787
130.3042747035266
125.7017608966554
141.02027837677622
207.27271546461478
221.086606054227
204.60723135312054
161.1986183231272
140.91283038789683
219.7235693278921
164.28245162711687
169.86912409528742
138.4700399743359
149.9360286117795
182.8001423195876
224.4343391328485
180.5112976178123
184.78604404933816
147.6591534308677
203.7716759680791
138.5173898429923
161.17972392198294
157.65428774817477
220.26383569998643
168.56262021106977
135.5050760852031
212.75720989806342
192.45644344223905
211.05199566428507
136.60231261023492
140.6795726230128
204.80097608316865
133.85157899080266
157.55140901509964
167.0796460435223
180.18293829681383
214.50721923912735
143.3977371369091
161.1166430521225
126.21286622371127
204.77608346284578
150.58745723238565
148.03965272380788
183.03614925607957
188.77763730549762
205.7534891155366
200.80453388036244
220.45771073985742
122.50931528523779
146.1286844102512
162.77809826744723
151.0716649903593
227.59258795737628
189.41401218956062
184.51964185726632
182.84022965023067
133.23624315719005
163.90257520212083
129.66302610143342
184.26494081375938
134.13925934459996
143.17674936746863
187.26805767758844
216.1405900034839
166.6623143271675
161.00303733731167
206.7374053282188
160.91408826191213
166.15688133290695
177.74348526594795
219.62953600566328
183.32888495527746
202.25059190184194
142.73882288965524
172.49940915011163
226.65278408743794
157.1101350415108
206.70354157395712
201.62357266066476
164.14351759745745
182.84626878507586
226.30785559747116
195.6449715624885
155.00130014690117
189.6702201155198
149.11125223874555
167.54157538041292
204.6679802842183
129.50885942055072
163.5354146031616
218.58984348514304
139.76150216495307
200.21793391089776
137.5665536608386
176.2915164686712
128.903069309428
194.44107805219147
134.5734878502137
162.22099248556282
150.81049454570552
175.34525674651525
185.07334411343612
173.75431851081217
135.7784712979435
192.55493024710708
180.31120979157103
176.09424516775127
136.8423942679575
177.05240677264186
229.42343759048583
206.14382127722098
166.61905937081826
170.06599279454755
138.9146598487444
173.55580294587637
127.05077800327092
168.15497907566393
207.1393153750384
181.9184435509548
202.54015008058377
136.27071056600786
175.6322914208371
188.91401387505303
208.3369301415369
178.41744817405103
131.5633943080687
175.10356903402783
177.19639849061437
150.57597905392342
206.8286963177534
167.60743772506325
191.8315061021933
173.35844690278816
162.86864260143105
189.6937101386798
186.71646274471834
181.71778008953103
173.50028334383188
192.58744563772336
207.41510746384628
159.13842972810195
167.5568868876101
198.22827006822317
122.09890705446813
126.21224806092403
161.74539124913224
199.4919313054489
156.4752258194416
186.63096250486169
183.87326682873788
167.05587887214725
186.1130535693784
154.42613251031213
174.29273624288504
135.91579872949478
134.12407356738143
217.8765501964585
168.42986958601657
207.66068039940345
170.13121977362806
205.12300744720926
148.40272245352526
188.32046132182475
209.88708000643788
166.5031017995411
142.72008749721587
159.57556422201898
150.10920337765106
219.5420880577057
194.09953373432418
206.37156488819693
174.82529624073877
191.40579010982154
195.24405930400172
187.1270941407209
190.16143967704565
195.9739903732306
166.0594239166171
123.8258139596195
198.3353842264371
216.15415923914105
131.42382696520974
224.831628299761
161.5558480694
199.80522260596425
163.21310698740868
126.0298091966365
142.48252744219752
173.7335404597984
130.32845692501172
163.9306393843972
153.60821880702764
206.59408210323872
169.69457136866978
177.03969915510612
139.08279858468873
155.47917946143252
211.80770862928156
202.46502034014497
171.7486500591978
213.1878007448337
155.7484729560895
129.2848183283652
135.95466515587626
131.4072750227096
199.1129286199458
184.83047704412587
221.79806220022712
140.4584521303631
169.7481492146684
178.6222371198652
204.33861890791678
214.5654591680799
209.24028551300682
165.54927939310312
203.17929778809207
181.20586232649373
214.48137966520545
174.3690381406285
177.72343233284036
136.72569045276254
167.02938818175588
154.08798147343492
219.0590237286488
130.0221831909941
175.6065271799319
190.21065292514845
199.20046419465882
190.0423071264795
194.24478092295485
193.62369851234706
207.6307873250076
214.48675602023692
148.76328854333306
201.89795694823516
159.26568200072342
198.23292903470585
133.3189796015773
131.64350584599958
133.22407530228813
209.89423757637536
217.4718425282686
143.76798311817404
219.59208183778588
180.52254423216255
143.20566995153598
172.79473535429884
129.42822314394917
209.83473647220836
135.24991958950795
227.4545775855942
225.23344321106322
121.71099873525901
200.13693644104512
186.8684436284517
186.52697730920403
154.00795703296447
122.12839308769821
131.34164336953918
135.44635263011446
194.83044021616095
184.8972744881201
126.52192428817426
201.42058581314245
196.64546283881856
128.1890010224155
124.67298649566014
166.33777235595326
144.62245014525536
161.0129941804851
193.2161903771356
224.8182288224246
173.58921339974796
180.41555499543534
146.83151445862373
124.386175360857
194.02574631092907
179.99928511296255
140.7632894200912
209.54438108841518
196.59030943335011
203.87722256096265
157.4068899177649
161.1756549850898
156.8808681187674
153.28049684370566
167.5758641030055
157.02026017546982
136.95884189500225
189.1760981048063
173.43159894162252
140.5972123247477
186.85199678397512
180.89488602003883
190.69463089675634
194.73574157624444
175.86741807660474
220.772497904763
160.42055380330103
227.11908910234027
225.67286892233
128.3490568093613
163.20389010466593
134.95493487794653
131.40451249511807
223.82023854208944
185.06713612544047
181.36490974159156
185.80486601423203
185.25378070353082
156.76301371203883
194.52158812394146
150.21587861517457
169.8233126910411
172.64923294390528
124.49371964384764
201.40764687089572
168.49666126558046
204.37104733691208
147.21178571699159
171.45224207592628
145.60563512279217
188.5282484657616
200.78307203822905
185.80632353502784
138.131547965074
220.54631175193728
209.06400337523746
131.59705614970292
179.8033299479479
201.91090396228907
155.95875188379924
194.5197011357958
123.31422259429982
165.5235615780681
143.08344510619753
219.1786135256371
127.12136833346861
205.70996713745595
139.64054542003166
121.7592785872635
191.74828651306024
209.92172782501882
174.7409191984752
155.8742486762155
155.68727785147547
171.50696465865147
174.5404197412803
174.53901241334538
185.06898930655697
199.26232833645085
132.5597081552412
194.90530792670188
194.19634745305012
155.85938927201158
189.62587774715527
149.82985901165824
180.8879138433856
226.48750170005826
175.64132618947588
188.95228616269807
150.42953493079773
198.87450671968162
227.76912835125012
136.76160788396874
194.3783481570707
201.50452775007813
132.07097613638356
151.27922015262996
162.74780001822234
175.43915054288001
201.71557895343767
199.10725518520428
124.55678616842374
178.9385969436193
192.75435407409165
221.39576743866033
171.57328304812475
212.9449299924149
179.96054957262237
222.91267671879334
215.0007403993843
192.70735799940837
215.59018106629165
174.23395343756692
180.66403399424968
211.8380353136949
153.177244360099
140.71391889373334
201.15262472674686
196.87720396162516
133.16572595705668
154.82559630050702
202.22276341949862
138.66991203644835
176.8814288501276
148.06797443732108
154.0578877392097
189.74175643884766
121.01811411502243
122.64661889128402
151.18397281086456
143.2951190185634
220.33946191778284
190.120686918453
189.2266026058202
150.12543523913925
196.64407424757547
178.44247912587082
153.9026814725948
199.82293518185747
134.37092496173176
207.77001750959232
148.17599980927287
225.37320519111034
137.56836383850023
210.76729319012253
147.99630446549878
181.5398200974621
197.8077141793812
190.1018641721078
183.33151926746893
189.44227138236084
214.98030275452635
130.79993251719256
155.0217945961287
222.57059698922595
204.346815902415
204.19478760749126
147.17718656723073
193.67120585922308
188.02952044401016
144.32863071105803
223.2624562751371
172.72213381454242
178.9786302024968
203.79693501558057
130.93053325908332
138.39896939113754
184.45844108073427
200.26469388740801
177.8730317269466
227.66777647116777
222.7202693570162
159.63257236340075
217.63959325934817
211.1703308657598
199.0118153079214
173.20341220700874
173.47891290696722
205.52287382452198
171.73682078348315
123.52096056954707
128.6391355918143
182.98389808102203
162.3235546759397
125.29203495790853
202.48635256192702
191.05057362643953
160.55627228199418
157.13556586592873
163.58242058221674
205.68026806027262
201.48488682017444
221.36249279525833
166.06701063640497
171.08008502335335
175.25585800343072
128.56346088011466
175.0157520914145
122.84503040584008
123.33489291173035
186.7193003883812
169.37885978579303
207.8920756348839
209.38487604966883
224.65346860079427
205.79529179240393
165.32493114666292
172.2476986374007
132.5831315136739
188.22332544118845
131.81734211386024
156.69385623877827
158.237480492197
226.88687741040013
152.3054355503512
226.73365046791378
210.80679501275773
221.74419732723015
174.45501571562184
198.3461904943267
285.0224198795911
266.9047076207811
272.60931276685403
244.40306117880436
260.17672169825823
321.8555316360005
287.57316869737986
284.9732273964726
267.53135235580874
300.31628325318485
274.29271897254426
315.08485564784144
269.7921487654648
254.8350035796919
299.9433248337819
250.05541293223476
299.17995182331555
297.0630404891395
249.97224441653742
230.00493295410692
244.4882392574575
258.3261096188432
242.81477131117015
230.33559494088576
271.4146523002406
244.22435825795486
282.47484486581084
289.4893075103672
300.36090614300025
278.8598618930189
299.5803068109588
293.7491278524659
286.562985606316
274.3745344067288
234.31828281121028
265.36499764815557
246.54519096009346
277.7817253659405
263.4847875433225
253.0105063562172
253.5752226364312
290.5542658366102
309.3223562077828
270.82303380074717
255.28143116662565
315.3425484639407
309.0681652538763
248.37732096358113
278.747227548364
302.5088655337145
237.02417193462216
251.39504118185775
244.63119351608654
253.8282623399543
292.5893147093447
270.5738596959175
297.4677732873656
266.78138789914397
329.89330323118094
250.39310269556714
252.82457643352723
324.6714180770645
293.38220913136433
259.4064737877118
263.688257727508
320.28044176833646
318.23694703430476
296.80185554292234
326.933088335966
241.84526087894784
298.4159624792763
252.6000855665675
265.0180128568847
308.9562693143272
267.7638813866333
317.7802804242546
325.04395794330026
308.39150420691976
289.86382808224863
240.46072900678146
270.3580471590952
277.5302073682312
291.3128011616087
309.4652060350066
249.13210765578933
312.5415990382716
255.85454716371734
282.49792506518054
268.6916799197603
233.67579926314505
260.30831927033137
276.10773705237006
312.69212994385714
300.26728136947526
302.5103442827851
230.63952532262968
279.80553798009925
272.54241165416676
273.61631760719484
327.46564126338626
247.96640896589295
315.9761605299657
281.6376120486128
291.9671702661045
301.0692153218343
267.5818536895239
303.9989470195289
280.6495123044413
313.5313262244483
326.559508791682
283.18808914422254
316.0988578028643
233.78770923152865
324.3230563720364
315.89028818485707
325.7178227904355
289.5138888321036
267.4984292492967
260.05192213330685
300.9218102492424
315.31755240672175
286.1206818074913
291.5263662836777
320.44879221210954
288.80919591004135
255.50954776741597
313.0140238486443
263.34858562537914
283.655118337326
294.40087912659016
273.38572388994584
324.3988999168513
319.30624397811886
249.78359107448267
303.11084446201494
325.4670762140093
327.31794584227015
296.6984620881654
308.0963566642619
272.6618817667601
306.3538294333416
265.6530920274313
245.87374179743378
278.0859697582867
301.266607993368
293.07217499286986
241.1657289388789
294.69189579501517
253.41086146510452
263.4196824893144
295.1977751326819
330.7802338065719
239.71960283280788
275.02542595711367
248.18343479000902
252.9760103566594
284.7911600049562
329.0316667524491
281.8073280170215
248.4203897922634
259.4533118587786
308.1456341955126
253.53719556763517
290.61293063568354
287.14982022055364
306.263155798592
292.5011301840186
241.17280247001204
306.8786437876753
231.9084677339368
273.93769078561326
288.63892705461785
296.76559628377726
299.58550844083834
271.7086295379175
299.83220393248314
314.85148548957113
265.42002702784316
262.6267478013341
250.99360365944278
233.06202654698845
233.36799747190946
273.1366082515564
233.2992961788894
239.02711677522203
277.4942264737403
260.6249006770771
230.0998998445347
279.0185992697991
266.00053268050107
282.2662493719444
306.657927157798
296.1028405993271
300.0458761729757
287.49098525949194
241.42022477774867
230.38206392098604
280.5121483114558
253.3901985613639
274.1095466345606
283.4566470198272
262.12868315037525
264.5086535552589
252.83768398981795
268.73984112346704
267.8451735150633
250.76805668125903
295.13758486554684
254.03570357779336
243.00041435892837
309.3350327489232
279.35812373086475
276.98526766669767
311.03709534385507
242.18464492786984
269.3369906394097
326.92182337755787
254.39179455127572
296.06523885607396
292.39695885397936
298.9574237881392
259.96389874626976
296.1565343924255
284.43029010296107
308.0030629856604
247.52122176194345
301.81048677703956
296.9205394599681
299.04037917883954
300.7092006870407
274.98635291093507
278.1715034581408
284.0573503744875
301.79039906923043
293.21220965303274
299.84058491399105
250.23936715532324
251.70894380315062
281.63358810562033
313.2817848829593
264.7350318500744
259.45813048170174
276.8510644539488
321.28801343811665
292.91575990745247
254.57210503047736
283.4424690174129
317.87857244694413
294.9515534475829
266.9412197743745
312.68794767259885
294.16008779256356
264.81129306907707
310.1871476602145
262.277694027994
231.86682648099313
275.9419630680167
317.22239115697124
258.1407477066356
283.7344426141928
311.31840794476557
286.7196591049921
319.46087178443304
286.6982992842326
296.18739678634256
289.11561630064034
242.68429886887645
250.80612477096898
273.47775566816057
322.3612127528846
256.5666899517395
295.83255997362147
236.99269543185682
317.16528532804267
260.97256648103456
258.4549355289098
296.8957242307012
319.29515661897176
312.16385404711696
291.6362036001701
309.3887850155413
323.92255315961194
286.54583718605414
266.5934097292985
301.84288105641576
243.02350217247113
288.8030247959666
290.9189480473191
296.4390825000997
275.5342789361183
265.1601118318673
245.42536097839357
261.2065651857654
276.6260100599311
298.466343913892
274.08594364563703
268.87003344760683
263.4084958062886
286.1522435355507
306.3580085734359
263.26463818535336
307.06909474326073
250.65556608763916
253.10205476301306
330.9963188791882
312.5660761901634
237.49017764802088
279.19110544307875
256.2212790664118
326.4499494333934
286.12274646506404
256.8238408118682
291.96491564849316
266.1909752549916
238.12579465430807
245.92735467073553
305.5582920240463
290.812112139462
274.9375804805241
299.53847878802895
310.02734230474226
295.7389291876574
293.8520153952585
265.5733231821241
300.29661276857894
326.66705073782555
286.6050763146659
259.0692633437066
327.3853917548772
263.5629063111237
260.27093501906046
306.72476032893974
326.0404553392661
262.71524507151014
247.96910585004755
272.4309089911347
319.04481911973346
236.71218865301316
276.4891006060915
293.5173099015263
234.9310818368348
294.60612087462954
243.8544769590972
270.34800194723414
239.73124882275425
269.6056290677719
231.55024061319784
253.3274830611677
251.98874041955995
240.71073557254783
260.23927448602353
241.6824107383192
294.6609433400188
300.16081792239726
311.03752834124487
310.5865668352949
243.53213018012815
257.6957565297876
245.16891599735706
300.6218666262412
296.89092089950975
242.07908955557076
252.18275815918318
297.19277586118557
282.5758989927023
283.40983538677636
293.0885462364818
288.8984168457931
321.94917521567845
285.3135993409348
264.44721337333453
264.71091095322487
295.32814806121274
247.88056483861118
309.8194374312289
278.96384680661
254.82303429133376
310.48845731295324
252.1187133583832
252.20476043270094
262.7820104805389
280.9255146251778
252.2473126446165
240.03118409098286
268.22340370939173
304.5379015959545
300.9722373101486
235.89621104256815
257.3655082397387
321.4831147079992
268.64626226578787
268.4500563601735
293.1355967786452
260.4756535750811
317.5645686773871
316.0915088588942
294.9551106500095
291.3741217209084
318.2523481873743
287.73697878062643
310.94223409988444
251.614386361434
267.4259785759345
284.8327136438448
240.48789665890712
314.98152641624415
254.85034017529597
295.05295077281164
298.56429360284255
273.68857528085056
299.59772486386555
256.11963580321276
302.22666413398207
286.6829591046769
317.709442086397
247.79198067109007
298.55799475162587
294.9889441239116
318.44587058737585
273.6977329785873
322.74313120762685
289.9566216951965
284.93349509835616
321.7201307516795
298.6632393667864
247.48000854813705
319.5540623213831
306.5334849228878
245.2803238989585
252.39198829928773
329.2042578608912
250.06792066532574
236.4743718292845
231.4823154296265
278.3981221068079
246.6650154695704
308.78305708416497
321.49968607529536
282.14517946325
232.44764169305833
230.73033352211738
296.0701077700478
269.1951525993968
310.2235509228318
309.26185527258474
272.1306877421688
280.3312392566695
253.35885381528516
279.8851880425585
268.70715230638405
283.55908273702715
239.83990312461717
268.02675279112356
263.54326103335967
314.15382434065776
314.0960227409905
297.0975235974026
248.67932628896378
287.3797293861096
264.89618946249817
297.0309142402175
257.92638628397515
307.1552007870673
253.73112455315098
291.9374544945469
284.9516015625635
270.819233825743
283.8901188864329
324.619805678342
300.0036029098541
267.68891156398087
271.1461629042952
319.29196004621997
280.43433072045576
285.14413862159876
257.5256898220156
300.7891571042844
295.5901948236079
266.3905341023753
249.38846560594698
260.19457397584085
298.04578827934665
276.12444832492645
249.82606052299676
261.500206567414
273.08645792950017
304.35589956596226
262.18821271437093
326.4280223395725
230.51986265832028
283.33587035368436
233.32356059761403
276.64156812282425
299.1873791114267
241.6902295744696
264.87631185737604
307.1546455338487
305.43814093543125
279.440789690494
251.3786820533615
273.50852293588304
273.8265768092415
294.3232909681822
293.8841455577066
255.196493501807
262.71352821921755
272.98790303006155
288.8668777109721
276.6394323843192
326.76672914384477
295.4911281126633
283.2886815078416
328.3090444080072
289.6704987811167
299.2562290867926
235.84165764415144
325.7583242892964
280.80259457397847
271.59772410931885
240.51711508189567
245.77736442840046
266.69415006160267
287.892395391335
329.23175336169083
270.0154393547201
262.54364026404846
269.2632777583707
282.6490833380464
236.17017482370372
284.89874068789845
267.9020132274864
307.02617918806914
256.5482298690398
295.7406140635141
255.1067556010263
277.5343210891942
265.7086475382534
304.4387240615876
327.8769544451641
260.94013948552947
276.3743647994242
271.3712568301727
295.7635663233022
261.4235601263139
319.0249281144794
309.71750819026755
292.00740776054033
259.9510439151976
277.54765881437595
307.2186146065043
244.42662034957237
302.0201096487735
297.56907432697085
309.90622124250956
237.96194076337724
288.18005416260564
266.1069195454169
236.8467359505969
312.8397714262593
313.40258338723703
288.15585695851723
293.8396414082951
316.87813989036596
306.1361808498848
312.75129795828775
325.7892164184369
287.2595531697988
250.56184459558418
237.68785486791325
276.61826073084995
302.62247570820585
241.78628737724986
281.1423989397069
252.4996554820764
290.5619184774638
285.2437502919537
244.965493158287
314.88577428329074
312.67429996110616
