13.041469729114482
0.045174222538735265
7.50643719905673
4.310097335348391
14.766114010513384
15.647941447534807
5.560765041447389
13.665076531778853
15.523401956423719
7.509017113783424
4.593308102207052
5.102099149938951
17.006606505288907
3.1258411292778643
13.057042454687718
5.727492758906754
8.463152966928675
5.795466806020656
3.2440393011043342
11.538726741371383
6.310176137215834
11.977900016266563
0.8636283033158065
11.668320869733703
16.644776547716216
7.024892553081253
12.87517299069491
17.9260291027989
10.790645966650407
4.24102461869956
12.513844482750976
8.095631701271145
8.341996139976636
4.567287405822909
13.195664864370562
3.3218354243439716
16.34467592012251
10.911908760918845
10.396375966271176
16.056860970369428
16.192032855024244
13.67856591800788
16.260845959391606
8.471450097094335
14.197342552886052
0.49395220537294904
17.442106952401524
14.742085271024893
7.129684332563589
3.4528031672564525
2.9610902462897934
1.2671699350410357
12.514646290457295
1.904536075850456
3.270005861894835
8.88517090312296
6.626651313607742
12.625858722042482
41.83561662358805
37.61142387763766
24.877495820067548
36.59133099801407
33.761463472735656
19.4664606773134
21.695386426142655
28.811178975561962
25.548482172495945
18.63911911724599
23.160606680605806
23.309334562800316
23.995245524779765
35.21213652863447
33.37091570245284
21.9068043467463
26.73534720562978
27.69396150395511
37.93097972100193
22.18638858142641
37.23754264993957
27.304140979146368
18.85209142639588
31.560659970334203
25.98463989808202
22.635415632722243
19.690735774935867
30.250887131915153
36.5381341339605
27.617607451071144
40.956297882130684
20.778989553947127
18.067082217884955
0.239691436461257
2.7282433663472987
7.2014695039610945
6.49240872598233
5.2862683514371565
6.648543191173886
6.764626928753538
0.19117017749663212
6.332778433131281
9.026541724785819
2.25631174439155
5.302365747582262
0.3683082725258844
3.443579630115281
5.959329519317692
3.2627071352760026
0.32647021274651067
1.5980907656147094
8.542231750754445
3.7155318465643843
9.18886180319205
7.065452078621398
1.5451095156578916
2.3817087113966555
8.1284577115836
7.646372699154833
4.867497124005954
4.219036485933053
5.411838758938043
2.2399892491460793
1.0707723767598982
5.067716820202178
2.8178781475673413
5.788558622835564
7.82363703607246
6.815829367772036
5.6958074985948555
2.984403812627411
4.586351436790829
3.116439776965943
2.6151801532602064
5.64361447504295
8.666220222653923
7.71672146356093
7.629141292250261
0.9540451966146524
3.3910442669400975
0.9202413824643196
4.836398323695684
9.968108507119535
5.028913655232814
4.466302505887395
7.7736675157638695
9.51548870459781
7.37015969468619
5.312279360316476
9.065562418130199
7.163042571164823
8.541611027634719
7.130506291810868
2.236949464821771
2.0239883759549744
3.8952377079974383
1.363760724127852
1.7096905744279898
4.625947108854484
9.620553634820023
5.013480403513656
9.767717592617398
0.48793244373182176
2.884897311942198
6.927969362860583
7.146337072606867
6.784953687127487
2.054848707721963
8.753120098012113
6.2620328459761705
3.6575523973512256
3.0245906129273408
2.7223998869075707
7.604711952394493
5.197002611929135
2.934818688608463
0.053172668742007545
4.189863606376159
6.20383035253131
9.144800719373503
7.849171823971277
0.894180052680916
2.9241980086711292
4.002584013130532
5.9776455187657165
8.154670295868604
4.072773632797032
6.37211063382321
2.4414965548138445
6.358776485301267
5.999939886461389
6.9885167580461545
8.94748448340344
2.120923330316727
9.220272346624236
4.179081962343654
3.4658373693877595
6.9868217123121195
7.0450597970323
2.045988799874507
2.0033780181390872
2.8132689134605107
3.4100985349579815
3.9127960898945275
4.573726697022244
2.0453739067112853
4.089295232687123
7.382965873785333
7.94387981324624
3.813595468104544
4.654141512873069
8.975845935441935
1.951099093256106
4.348639974227716
1.546530797392526
1.9613894135019851
1.743924270464591
7.911910568034996
2.08567352735413
5.637526011965532
7.512197054300438
9.265946681347792
6.446386935081917
9.444355429717195
8.318310818892312
6.9706824054066425
1.5663829231866138
9.15570117240034
7.541763746075896
3.855424169543717
3.584447684888647
2.5117253731425233
3.5179655965979446
3.7241476163998604
7.984763199897715
1.0346146430292054
7.0885879386092725
0.15913421549376494
2.179618288139842
1.0482431677881543
4.403701919715176
8.154967870314156
8.684758134227074
4.721391317394158
4.2235631347366915
5.161892112375633
4.062215855047429
4.316285837028264
8.826912138180719
9.80958697733677
6.829938644261656
6.0500862489040745
3.296303739070078
5.956070740274473
7.037358411275141
8.913424998380862
8.04274535159154
0.4678241400518459
4.3627162745671875
6.607991988535518
3.6161449127864307
5.2786118909531385
5.204401824683557
2.7910500067789394
2.82953599847806
5.572147765453338
4.238596976981762
4.9986357813277245
9.840161815781528
8.273807804226726
9.355524963785863
5.037035391415222
3.3857169644397938
7.302862157557717
3.7426093709012775
3.5433369467639833
8.419907155098556
7.422364286655228
7.949535721566688
7.59698662028478
9.65365755558966
5.168858646490211
7.6731424421746866
5.981130503953447
4.891642420186302
9.466738460213467
2.687944448186868
7.206126660701457
0.8669346373373568
1.6278579101103618
0.1532602691789
3.2451159920766273
0.22962138365104856
4.067240621295708
6.465039372136633
3.9526321697717384
2.296944295470415
0.002886184357983268
5.040429693050234
7.7716728784560845
7.637663556341094
7.982647646398729
4.804753261722309
7.640101918746409
3.76998207842232
4.371725147407908
7.3339639780545305
7.955912739843002
6.69700368021463
0.21881315827255232
4.632763508273352
5.096555712495586
5.6627156718865805
3.5605709815159337
6.048957747486985
4.259184885035848
3.820482280911797
7.847907739802453
7.305071289879117
1.2351928028099044
6.359601743809613
6.931913223800057
3.5408999396595515
5.8132235719751195
7.449802789000669
41.49310989441088
34.55484248151507
15.450115359276753
36.990809382055154
23.40254052205045
37.58572289844238
33.403484365888545
21.976176868514635
14.940973966086567
39.885501334418606
25.275583908613836
22.706197586891772
27.669465780706656
14.64804616379832
42.237207002093726
26.04195054814712
11.571010577817056
26.336536372074633
15.927112841890525
15.026946274907859
11.102268797045602
36.98646487344301
10.296228343714887
27.940693719716762
18.333049579368804
15.28741601364191
29.490150067385557
42.46326139207607
15.399292425115783
31.205161510168296
12.524553329813541
35.636708283100745
30.845286397119796
28.972103765503633
31.739908831533263
44.70471231090786
25.85523204732308
11.43436384365617
30.838010866164062
30.799170841365576
44.11764318512633
37.87723349225305
17.979269992643353
38.641887482258554
28.22260573014246
21.218712025870403
35.4969457832169
31.678394347906433
22.422722715775983
11.723468039017215
15.290216824273315
29.244798124025028
21.84984597995507
40.93340517720664
16.642216270919803
36.10724330322466
38.82440847470432
12.93929998292359
33.958859905857956
20.158868020919343
43.52022834089699
13.356712185548538
40.79709002477499
16.541113049657504
41.76125562326434
38.23309097875005
25.86613591836445
14.1120626571389
23.63176045005285
31.88988539944609
33.93318942384695
37.53264142928522
43.27128850349507
42.510412074986505
11.535823423551916
20.944310121017256
33.766692202958446
25.5643555471501
15.45596371548423
26.399119824632027
23.13262664171378
40.001291736410124
33.64500872870876
40.95249979172419
25.93446010400956
18.10809214610839
20.893326236447734
