5.3092238372918095
1.4416001291046339
10.528464757667507
11.505416308817082
9.391507351717776
9.586482069924495
4.9286664176544175
0.6940190667499326
9.287901824463365
0.16715027372103552
1.657409301714316
8.013715603379916
3.822127566185416
10.084311353730548
7.564725296320767
5.2558236902271736
8.351773567405644
8.538639788595685
2.7220441185819917
9.084421980331335
5.225424121416031
10.436327321513584
3.9322965932622536
2.5333063848914126
5.4866240053596425
5.301799469487686
6.247013841283001
2.5343977790101375
6.533582790388549
11.055095089852884
2.2115097290807197
11.312434883740057
1.1454706703523243
10.046596633311975
8.922673965346808
2.1141308905781093
3.6017098606917775
7.221889490313466
7.405810255646951
6.7738958593108585
0.2189539241386793
0.32007253757485277
7.9704959664293575
4.923194759854116
10.244384543254784
4.761071495392754
9.686218565170657
4.120053684086674
11.449656002719365
2.219342859134799
9.10170619984004
5.854939587834666
8.20768800748564
10.385047338031844
11.882531249571997
6.361864566889115
0.7225364558713867
10.751112078227314
17.61194532885766
21.20727030462752
15.925493069808603
27.51080322872601
18.417169679635805
23.140140039051072
22.26992216288374
19.34899419142513
26.66590127763221
26.514355276781085
18.64836400911636
15.854841618811816
18.584772977696495
20.113359052449624
23.00196293131272
15.83977093139888
17.168805450158345
18.12194154829502
15.06862710603059
21.25158181864312
12.693398845671554
19.167003377631755
19.636810384480288
25.190740719639756
19.703931829883288
13.605973288468206
25.944379721386653
20.458128792218766
15.017215854276301
26.892111913872405
24.28630181801424
15.073570735530215
12.988775651036038
14.88116908536244
21.15506867680233
19.580639382380657
27.54734644733443
26.986613533624247
28.33722344072171
19.20766660482977
24.291633412795903
17.94105776152364
26.867799428427347
24.33539115093635
14.426545820486801
44.70011587865785
35.946347624046325
38.61412523566956
37.68994557994592
33.68524236288418
36.01372576103364
36.9368793140345
46.03885272050746
42.92305608950936
29.791388628877566
42.21880729501171
31.095819341217382
44.55399187735286
47.91722385090174
46.45564035931841
38.12091725385629
38.14220554173995
29.623793097784407
32.962954241681864
41.67418377940464
47.00865377657688
42.424102135617225
45.29381488897327
5.318441029269807
9.905381821558567
8.774797691049471
6.894308870907796
6.053547824897936
9.86475361807759
3.001058928009158
0.7448714915394543
3.027273689282679
7.096228770450696
8.014021170287332
3.573892636442507
2.5896276250672674
0.3654814270444531
9.649933298781592
9.774515885603178
8.119555491985722
2.3556574068400193
3.0469181153812674
4.9801288300843485
0.9897102873179859
3.5130315456402457
3.4690666985122873
5.650389349276503
3.4132882476438886
7.5864360348220155
3.710413293370257
4.874385290599325
0.5015523480004065
6.405678751346588
8.874715495848584
4.663659586730599
4.9310396612122736
14.273577150176497
17.16879539501223
11.698869713138984
14.72446227555386
17.999384605909434
18.399355483071567
13.325568592519003
18.111206071821968
19.685914782260944
18.339800483948157
14.665263644828608
11.5470069045962
13.701786785716635
15.825699574283885
20.827348915993092
18.696701332103416
14.251188560782095
17.749346557577066
12.825358738173328
15.582946719700118
11.522731619623588
19.60902136218185
17.95613469604679
20.705292053183044
27.72044438085763
30.20629987969943
29.935938111197384
28.974941502494357
26.436349776302418
25.986635193753123
29.007398425474857
27.262342941437613
26.22207010708913
27.010913920797446
26.406310782746385
21.45993441096973
21.005282300412098
21.965369304669153
28.961770464231968
27.177264805134914
23.072394802762634
23.324446411004903
28.60742125344385
29.184343761543083
24.11523215322113
39.185663815179474
36.28033385021826
37.123651697317925
34.09253466057764
36.67930107272089
34.968960159005725
37.226028313140304
32.76210274990975
38.23550247834872
38.338243628295686
31.32036384295059
37.95066856248169
34.545823086508925
41.92703343296708
33.95945634710649
32.11219285545624
34.32769299066064
33.94369434112824
40.086749553857686
37.954141806762266
40.77311706540775
43.91354158020464
45.37618875222783
48.662343668766084
52.91350876009412
42.64818443941762
44.04489246878529
42.499394305819294
50.566603278158695
51.86639920715907
45.618728433466565
48.609187345928625
52.502916748193016
42.17474570620405
44.36129914587209
49.45741180424131
44.487590231824036
48.07743351811702
44.379630051865945
48.843758263695655
45.431167100025554
51.49358154997902
52.83632569721673
47.449679033988694
50.837149173728434
9.129731197286315
8.70107670964807
0.24831134476151018
8.494447301627028
10.245149635088607
8.4253671019869
6.012044853388156
5.076686308202503
9.754429639006059
2.158007787647686
2.502575585569136
1.0210202855146457
10.549208253827901
5.631362624757146
9.791146490633876
7.82286598398132
8.291019624820187
0.3670643935498905
3.656260873423843
9.087656413672729
4.485534249299787
5.435338595880087
2.903804324330316
3.8729906474232236
9.855447322407162
8.495107172260111
9.78691164129438
0.31417281845181666
8.070872190144634
1.5777678104602537
1.732739584775005
2.8159303145351604
9.810923624500198
1.2399219894562146
9.473224921575078
6.795371415200914
3.7359763019263204
8.192877814699266
8.690712001198355
9.819603878858594
0.15126815900209412
5.8585488651277275
2.511772121229038
2.598127045473115
10.887403159317103
4.2060481165395025
9.27995923117538
8.798712080340177
3.773563496989299
0.2721989915886871
3.5252407244792567
6.055767341116143
1.953135126302405
0.7739737958602859
8.0894385001113
0.23976901820343688
7.583130630076473
4.303848332245562
7.761895451233425
8.108842761250358
1.9837205162529314
4.918069280667739
4.210926932268188
6.347124487364095
0.7449926667830313
5.8034914939884805
3.2074006836174305
7.5489054203260615
2.3283518098818705
3.020425858755166
3.467055927119915
7.746205297025506
3.9780232358203858
7.3394001195494
20.499674680823674
20.928528826952245
20.54626463212844
21.414406447093654
11.981109031987488
17.60201662213814
14.199813423720343
22.10144588848875
12.176096672950193
17.616390920167987
20.554303546775685
21.706981802191386
15.666224896475676
18.14479886558718
21.405657585724562
20.887769111965262
11.181657218054479
18.957810176709966
17.7281286638259
15.440695287304063
18.20424832788674
17.244633288292643
18.91000094152008
19.617465072443302
20.625102912596297
20.47643241703879
20.46529481346361
15.023453067802002
22.701617738251862
16.87767771663498
18.498504266263566
21.941851615648417
11.95157919164981
19.284899326413118
13.281761356929733
16.06588771311795
20.749623814782623
12.643748377451377
17.52015100961525
21.362497579951455
16.050646564997177
15.678887219332804
20.939901555108328
15.836052251387363
20.292710070956808
16.13408335741486
15.25115909621338
17.74752240425053
11.509817249299982
15.372822393901668
19.718512860030323
19.57676022872437
14.04932616491039
13.52346967603432
14.320270259707833
13.663403077152378
17.48154967750589
21.985795885707205
13.166029779754119
11.957715884266683
19.719182618507684
17.188112316385904
18.30056726829478
16.135419548702906
22.519671328039514
21.816935145815656
13.635896656375285
15.792328657401494
7.314570514313107
5.097680053727606
8.836508019589445
5.799494392006036
5.675858047176012
10.079941274585646
8.799480078383542
3.251698486709254
0.39556296736961993
8.693452487615126
7.038267587273546
6.273241077779183
7.247848745464986
2.970768410131104
0.36895484412224366
2.5843690762055136
11.045188899514848
10.025038404167855
13.064178496616687
7.59315964344783
7.9355192807428026
13.195244047087892
4.493318532724775
10.719258452336272
8.35666450398894
4.883990023074758
10.734331862439817
7.788332988861592
9.875181637271574
7.565720051223457
5.192100220952533
10.371638434328307
3.1910476623040283
1.7648990209028756
4.654202953249847
7.303062521401816
8.653451957424362
4.197051481985791
8.342731028786726
7.976329703553294
5.236149761124387
4.704171831049249
1.6213280626847908
8.333033795264454
7.682821582433765
10.614915839759638
2.9268611078779987
4.4844119366676924
7.928266955363589
27.934519172730138
26.190131208793172
22.625794414948533
19.200729608470596
21.734154704070818
20.320212778550374
25.818525241957317
20.586766536862324
16.200980062088775
25.52315763244604
25.11765964103002
16.461530840636687
17.300672414548245
20.062534141676878
20.550795983792796
16.129704478783744
17.074840951781713
22.94687783122264
20.182063979379983
25.955052352395427
18.126756588854654
26.025310207391314
23.113460996514046
16.60976318816084
14.980557824204192
20.835018871664936
15.239859324187456
18.646787418056984
15.368713890126998
27.83391844699455
27.833529988657297
26.122077267959305
18.535232955987368
15.478007078270984
22.06786047718469
15.206430188893147
20.43521847719423
23.853970248227245
18.09392063275373
22.391502499626807
20.14262162598872
23.17970217169368
15.51053361821015
20.058260561585033
15.974510171944676
17.14967925322368
17.665717501268148
18.605593080661386
20.523188172116942
21.684537707314313
27.13735853281451
16.17425448653224
18.372877403109207
14.020759338181676
16.1440151374631
24.56743770022506
27.803284861284297
19.724146907248432
25.600491186920888
16.951396275882146
19.77326560356735
19.171407430990566
18.8121461288522
23.302774033780736
