13.488987007027937
46.3864064556693
39.084116973546315
33.03293439278389
28.41470028148869
43.66765214022776
39.510790260482665
36.48379802144901
24.751124280663284
19.183344152709417
12.095419126212647
34.040153306706884
54.47349867621935
5.553406697605862
24.98742779920274
36.75070335456343
52.20994679457901
44.032966725481444
34.74979802557469
13.191503400533623
53.4636525048888
31.046099675047593
49.79436697065666
38.59536658753117
9.908800126394759
25.11928468078184
11.697373539121617
37.07992142949107
20.572661717418377
42.06391290672904
55.70647972715351
11.170199417995782
37.99421064767165
30.898754908355528
28.412794693289726
51.15668168388296
7.578377342862673
25.151745952942157
33.033200789530135
16.741534977003347
9.66604957468246
35.55005345409873
18.95290882693228
34.784570823455915
33.689426521808834
41.03482979532196
54.62099326490902
27.640496139220755
6.193782954621511
32.42020571115005
25.275505420488244
14.786230426132347
4.367367824271465
52.34519790685319
30.476210276841982
52.06028727928857
49.43418072022395
32.45630638766894
49.1221682113065
34.92788220901509
30.82356231037249
53.633399307816404
56.64082044356048
130.33841404242366
103.38121174200062
95.01422049455266
128.76077537294697
59.608272217351036
96.46338283996997
92.62519201231791
129.31118089593338
74.54471311226426
110.7539311174923
128.809481947248
68.46197373093523
107.03000258918246
79.70650646959939
117.85634669118794
120.11790076266668
87.46098510673637
87.14627702964222
103.99293623425463
103.38812786867695
103.4639937059679
97.17192628595843
56.87739837118212
92.14994083716131
66.54142008603185
103.73073968573661
98.33271440683569
70.4573679685435
108.11880872666043
120.70462049805712
97.42282403676793
69.4623363182443
126.530778301356
135.65204740512434
130.17529418837816
71.22388500010476
65.51234816673987
85.46501194289964
122.73967759869662
112.29663390409861
121.40048349879912
106.41652698969473
56.90170857387085
129.10087929520228
66.06076419362458
101.03131829542701
59.02883695285984
102.74786867706355
71.63364166049746
115.04772974775946
128.6837976728567
110.01367470428904
100.0270491563636
101.58405165927886
86.13359597405034
83.88605461108965
113.36656334427931
135.26071970930334
124.754324714793
121.82608248153605
120.83738159332259
211.80162732735266
174.17682100704545
215.49205523007052
150.32794647265172
212.82471611604717
189.99540274423254
312.19722321652984
206.86132114685998
222.3626421374184
224.140419560221
327.6921545670556
294.51316104282364
244.68644241127518
301.2025526732848
246.4451016558912
277.17808143891455
205.5749555566209
230.15776439380966
144.9171896876375
247.48539665989384
194.96027147224459
167.84169802338522
238.03811961410278
262.43871288213904
275.51314059726064
249.98812664255775
249.19817606278633
235.35497251970853
148.43144969744063
320.391017212672
184.837489641934
209.56302536797634
268.4740197353131
223.1187729237219
173.57201262230853
317.2603402464917
222.48999823253635
188.31507539180092
257.0683615467507
206.35838304828934
230.06374606175925
250.17924859073324
249.88073871171227
245.22872551284735
250.85692410016438
249.82083270661062
166.19628804635664
139.94356322962358
307.0584108929073
232.2459242483818
316.19089964774696
189.36870303749177
281.1953539506277
223.72405698516275
202.34505110246766
183.82848127028325
280.8635284541456
240.5456966819873
139.8357659169443
318.117190196363
210.0332178671134
329.43924508801945
11.370542492564411
94.13398032909804
97.27205086560475
39.037751418081854
31.053839031058512
82.39480834255649
75.7315087515683
13.115324708148414
50.43229052075184
65.99922789739803
63.63393908616577
108.65342847470889
62.12314274138427
29.247414986932498
6.859033752514733
28.942122193063163
29.811488804871853
40.13664618303635
79.60577665603451
79.57470630506549
33.24545820106616
18.200789264271044
49.900692432398515
58.65331280217887
109.12759783944131
50.48537740830936
40.97581410488141
109.08788876638451
57.502979670177375
44.224138306708056
56.22044313420009
103.13556186397038
40.70568402579314
53.63517610646875
59.78551859674362
98.67070835243524
100.30968639080265
21.678803863436507
69.42364197045296
35.041880611024375
49.519532011291425
89.51400818676348
8.047999620545717
37.31107693563021
47.069650095550244
43.11431901589333
51.703590593282605
55.4671014950699
88.55323865958235
87.27843982103121
81.28525602971433
35.44252560664819
82.28821045979412
95.69284905563865
89.68311567849852
104.30407534820773
109.56915625661654
105.46912206397045
5.821728514229321
7.205509855350961
97.23833937573987
99.86360482449939
58.55324813408043
72.08481246241342
81.24038854339639
38.07965156000573
7.161861776206706
73.61927080775128
74.50739807930925
85.33001193806247
52.00041250826443
19.305991978320407
23.810775356112593
81.38200215611951
57.103725482401536
35.18120538095532
28.86525333459104
11.548866132829637
78.02290321669025
66.75436649589665
91.12139858863378
74.77953506236693
97.0050313467718
89.12024811312199
42.24255353890163
29.517806498673373
34.71511027649559
88.07516990468629
95.18222821813418
21.824252714297337
97.65078271937382
20.882140054377395
60.479484206393586
29.008288526605096
58.593215456786226
50.37386996399783
21.23502871883091
68.91271343795275
105.24670406402973
77.28758461499955
42.704655010553296
10.537452876833036
66.04469494062543
47.94494107155331
105.02302038552338
58.90484487031393
25.653033047557305
104.74184119377125
51.96482392513311
73.17402039180239
54.682055339424025
77.15045360220121
107.54408879794988
42.93234926151007
94.20757883881961
87.09443887699629
85.46529638627756
8.07037176421565
93.73811600155389
106.81674785113077
91.84450473679453
6.89011342210874
104.54142877318701
83.19312987001047
105.57377509815744
10.46943123068148
10.153213679364718
108.98663890372329
4.56033585150513
35.040903194530955
69.26659261542648
57.776044186782514
78.43394686010812
60.261144079083266
23.64505422920972
48.03772840150381
26.82005924449909
98.89255208532646
18.29085420815901
82.39256942974176
58.68443897670298
105.18051734679557
93.54630659785008
36.16053430319187
27.83140401181361
43.915933842018624
99.4692645554813
58.27489472903342
73.79841009620392
69.54739928662595
60.11993249935543
93.38507301018262
62.2017056295619
109.22217754741534
68.7758409678135
14.76203483168419
32.862652082369635
26.26846128328349
98.7759961461954
109.26482526177821
100.01874998817576
85.3720419304431
20.802080188063158
69.13418489570286
34.761388338067704
8.6284364983755
69.35138158575506
84.25505386777664
51.845022876652216
48.32395640319876
46.835641495529714
63.65290024075943
9.6825369976968
47.145320382984
104.348416284652
64.75466934832421
51.813685224200924
46.93131216199189
39.0316936372236
7.646150617842501
25.544023661285525
27.39390944537508
60.764586602003355
13.456577798737143
48.041358131110115
90.63179904942382
24.808676233974772
218.18076355050144
136.7587987136829
227.71396370203922
187.46876571727302
206.47595828028741
217.93230089418861
220.65542223164076
189.4967032124893
199.71559041140478
125.30486480067013
149.34976146402724
209.91399291411068
220.44013313018934
168.81556260209607
162.48717407304127
200.0463192311989
157.9052441450247
177.8057041985378
207.3882446414335
152.5538736890609
181.68061473083534
119.27543544032986
124.15228303621136
182.72443909744365
164.18280780016042
159.87454194607534
164.75126800927464
164.2502003361039
137.44307893850961
226.78113120531776
185.95647446590763
229.06172579711244
158.37835568563645
203.80732130452532
153.70242431067484
127.81900911949731
156.3140315889161
138.69335520100614
167.54270090575903
170.38117833401753
146.77835419983202
142.7386049173045
135.679273882741
151.07773007677167
163.25619592441063
153.24261587732437
197.641170520392
146.28588994726053
218.44630900525974
195.401852636368
197.74573296963686
208.2648000040232
191.13354154804253
117.03744025069528
151.73658089855053
178.95943811409074
118.6375144947659
153.16729645873687
148.645831092875
127.18978413325522
203.27874027465407
113.18237528844337
117.20093454284634
196.0633633921598
180.09345572690523
134.01492065058292
167.32747557023905
146.52737990837431
154.36628373523612
135.7636318190661
184.53658155754562
175.4747334042082
187.02645185591
171.66150937218265
218.42308606311565
157.05012392816747
206.98592034041008
147.33194723637274
227.50288468459274
153.91104724157478
210.14041337595526
136.46285661103678
162.6132547889764
159.65866662814682
178.07075873111222
194.96915756638114
229.88646433927295
214.8588734034419
116.40677738993062
198.981118464384
128.22579040877633
182.49142986581768
167.98588046571123
200.07701164370317
135.45241539296825
173.00281616541193
178.87455114683866
115.44929042049742
130.83362003127272
178.58123985529403
188.1645314503365
128.20028624844255
160.9287498849638
210.88845161417555
198.5337011285114
149.68208507739274
181.6974582339235
116.58665636858794
150.5815698389662
178.21883322403355
136.00288107791823
164.43962752768178
120.29152109914159
190.99173921205755
136.95776992859064
169.41970425891222
134.48162975229005
145.84573999447767
121.10721520512813
145.6214179590753
189.05901729004663
156.72365790537773
176.39892494766295
211.40033682380923
191.2782894001403
216.10843064360898
158.19261123484773
171.67460388951613
161.2607567693108
174.5635053224044
119.46401576689144
144.79362772894453
140.29787206724228
147.33075985184547
145.7393164638334
161.81253284247055
207.64616605018418
200.7468231128331
145.15408093843098
204.55291239191843
213.75469576983335
227.5399896662871
177.10044067722586
173.64119279378153
150.06028846903723
164.34359232356428
177.32468402311164
144.51381212282237
181.45798509672085
125.98834828662565
152.72484294450265
179.81292776028292
161.71933693518133
229.7922204028331
218.47967906525398
116.07722916373463
198.2730418985791
214.31809195802677
181.54336773501373
192.435198142643
151.57382592214307
218.51717502673011
136.39538968680463
194.84837067823378
112.5197721995631
181.02820394882724
149.27217454492563
135.28491536562024
141.05841129618398
134.89064503441185
113.50413924000834
154.74476837985387
188.85389707867188
187.4532919028923
221.29553154786072
183.40370666416595
162.624872870934
184.8930192927173
197.01213733263913
183.95998320097402
156.1790370565219
118.8130949865258
142.3136198717826
154.11081241210115
147.68515611777252
227.70004152586176
119.27723924762564
315.7488540498885
320.0122707003353
320.2924896915379
279.03917047722155
271.82772382797594
321.55704511137867
329.7386048345014
298.9204808259011
323.89069998660057
255.05366065314817
308.4488363952833
263.1913947386022
249.40470410104348
240.6253179788791
308.80827471539186
274.87185464618744
264.32847227299396
336.6597109391498
299.2822364696032
300.4973518078413
290.9320077208303
251.26804726423376
284.41767091495717
273.46684249094494
325.32494182934363
234.44417685622278
271.96448743951515
273.41744005920077
305.7997066459298
294.9186441347207
278.5992142367554
245.4363520453183
257.16200579120573
281.5451388709007
280.510436980749
232.49755185040144
236.83874621617753
268.8565423078089
241.61605782315928
301.84448044960635
258.06083644255136
270.02556209264986
235.8708275215018
299.2678835170052
263.28891322780106
299.1725182224825
300.78695338503866
234.8367787237155
234.64776471465288
299.34522369642383
298.84118446076616
272.27416076612775
292.0594546426546
302.6954374721361
247.71124699151454
259.5193159695197
258.01320517380555
263.78364755784315
300.5608684039752
252.98304997852804
302.45386555828736
297.09179557834597
322.4536090330456
267.5258847680777
246.37498050887078
334.9457210013869
270.4711890950281
301.2354639942131
237.79276923136604
312.53282013428924
260.6471924657273
301.6177553491922
245.03268321629452
284.3202065461749
332.70308987999493
254.14539474437717
326.94504323808655
303.47374958096555
287.4592978133269
236.21290551873784
259.3779026334982
330.8299108121384
240.86849541611855
291.16251930729453
295.66748526112156
282.16195499314006
259.34872039927376
332.73941618494183
328.42829849107557
249.14397152976574
256.8804948968567
326.7653847686345
300.2899827864728
294.2221835488028
274.05075919557993
251.8682419117026
282.4173391635638
288.8354111929251
247.81119809260178
242.16774505929985
283.7184586183883
324.6766859054673
285.33664073335973
311.4499275619139
286.2861901434108
230.8431675219989
279.394704537706
329.7739935485837
333.98035836326216
264.26811437818685
255.3037065562413
272.16657629532506
329.88774998318775
245.6397774651195
307.7073091081996
276.07245416067474
257.6596810811641
282.86357116271284
327.8687076165409
231.0891934716423
264.44632095271095
272.4006946179758
286.82182767909524
299.93025540220816
263.58214759936646
270.8727811341427
320.2365159128207
244.85258281662743
317.687383867259
280.1173222127312
333.19065328545645
286.2179004094334
313.10958125922247
304.6423541955145
304.633847483172
287.68126985718334
302.13004777925977
276.60629673595935
271.8272957255702
307.05732893776195
312.18450247694335
233.73835184735964
298.91651728074527
266.0185374874637
243.13139915773488
297.7834807219659
325.5001477302776
256.2321859720882
272.66903458354017
246.00210317116125
306.2044713705623
270.20320790218716
261.30557381202476
247.3757489681455
326.68489548873356
306.9412308162247
238.6609428500621
269.0135695689121
277.90165885317447
281.4887456610848
335.83557276598384
290.7614397167708
265.1203448823964
272.9083446362871
248.2385495639914
264.3004152249215
278.6522978321417
301.1512700865052
232.3982208522155
276.17689103827774
305.0698824023007
238.79695100007774
262.73652152048476
276.6284108896017
326.548604901569
294.9911889370348
241.30508150898137
299.7618481480133
292.98940127328336
283.45834995005964
240.12210157228168
246.62119773477883
265.8373130543056
265.6441087879548
305.7537893802058
258.32107854638366
293.2775862953272
