33.69609110517754
52.743420123837836
57.65696187964408
56.80352458679992
40.68835143553431
21.97422552988805
16.21869975891674
62.49712071554686
57.58036610877345
21.083090212396012
59.424359778918245
28.959331313542755
53.37154047482768
37.004995204070184
60.19886983180862
59.23910928847808
4.290183149794803
33.75705979137909
29.73877698590131
21.742972009108158
7.182480246037219
5.18113894252707
29.310297535393943
30.971536646064283
35.10706302815398
3.1542182927452593
48.97949142002731
36.60437830289004
60.09786560145406
8.694328161348938
41.44095324804574
6.984851019673176
37.3018152383097
15.920516251923456
18.798883307630746
59.77836643139716
45.929173312078404
53.490481831313545
31.215441667729024
35.2676887284836
20.21440110251993
12.469997946668062
9.150803269092552
14.612107669345736
23.319058626843663
34.799378531488124
24.123558026631684
42.64139343395949
59.12601029825532
25.34509489755775
18.98300057203741
52.92471635894578
16.85302421345709
51.890176147854554
45.4619768089412
6.514578417438351
20.88941091813375
20.09889338021936
5.656952753774824
37.48392011995546
32.57196338354663
7.522388839451555
114.33204581366925
106.28765322092848
132.042414428733
94.55138611152324
120.35420594322912
108.63966380459442
127.33129891342921
127.74984757703461
83.75490152683098
116.59216078402345
132.28958593303074
85.32072290198259
77.96137821354773
115.04154186070954
142.93112210675133
113.27226469838047
77.79932931380921
145.85424115855548
123.81887964096667
114.68094993969717
138.2170673853188
103.29866125005836
106.7829899506699
94.12756028133919
108.6496211048553
105.67727056470409
90.4939101359185
95.65331635329362
84.1080856151583
139.4756120764782
133.37423321551313
71.55619405933099
122.6853956804998
125.79952376863815
117.62555490623124
87.00869249069939
147.11779198316145
152.78799003188158
123.94627725877879
126.19820160237643
110.91398607256197
144.28417691644387
78.36232653264368
127.79377379650005
150.81333889617412
116.25122341455851
144.41193723823204
75.83212953122398
70.79349791187806
107.45550917386002
130.8722476003657
64.81776461469622
140.21892362471283
119.54139404820816
101.82434104206179
107.61732322621525
98.76571970255165
128.36120631328023
130.92179095086573
114.3004888719951
103.7952774082367
127.4823547983912
281.33550049093765
295.51912704110265
249.536735169826
186.54666020092571
262.4480265540264
270.2902403308668
228.16863118620904
271.9664903001882
244.79878214263547
232.05219814957155
265.6980105736144
195.95243165719734
278.6632009136053
276.6541082928526
205.11786937522513
162.74802056043228
307.91377495891516
227.0229012921467
247.28794738644348
254.45814203487663
294.50981502781553
264.0072954546301
215.67815556655657
213.22183973123907
201.72139837215389
255.69968123380767
264.2989440176175
240.74663729688734
220.00490781306112
276.5845397822871
242.92366730434344
210.9817731448477
176.75866692677528
231.12793610014688
288.0540265584568
221.51698024019404
250.96645734475075
263.37911833049264
192.9011404730461
210.68535516081644
238.87820689336087
234.25323602568662
222.90809651582273
237.41455870158813
229.51956133511462
234.95779803964152
280.540331601751
200.36962028261286
303.05410937205363
285.66406915020633
240.43962629873513
222.0982333949787
262.17030046529106
188.43676739929006
264.7361698569542
283.66525893933965
276.59374742615637
195.57255563804517
179.27516752062877
181.75084259961977
215.62626503067438
271.21961969309245
50.56373920692167
65.52335996541069
101.74839415071736
65.9585143417606
65.97277155729736
86.91641528989484
35.04190483449101
54.26902311151684
43.54133638434145
37.68733526287649
38.95558983440372
10.820531411850588
34.20553586430389
8.332501187816042
69.45260590186206
59.77524933139078
102.34278567424082
118.23836132876204
53.70332310145165
39.44899693885049
89.77508031531643
11.306286768824819
99.8260317146061
110.29267136575487
83.59381289749624
65.4096122377593
90.72824638996775
92.1149782664009
93.13862915390496
75.50699495585053
100.1778897560088
19.380561804420807
16.634686079725718
41.69470357201378
23.471834581553175
61.175568050391256
49.77572021944195
62.16884586786482
58.156172062543426
29.84404715189882
121.7975182531645
78.3942881189104
113.98443463646097
110.70248824152506
51.25629905546282
118.25295035240393
29.092112395529362
60.00463026930549
115.77278199253657
52.023793471948984
23.880773391440087
103.88239800023447
107.77306456428252
121.50918315167145
32.34718015413254
111.7813807600161
96.64278208008639
73.84771869339595
104.85868949333052
79.19733039957198
63.484853020028964
30.390252809673562
54.00978767650363
42.251549131654215
23.39822286779046
111.82612405289575
62.864299098119886
63.1347716235986
36.56563959429448
104.1196010784873
99.34614976718638
78.57628450540278
114.82789851838942
109.03524115886927
89.86590322035579
118.31525805221077
30.83311259466862
23.66703558333547
80.30366143154473
110.79298492206195
107.43834661973197
6.068756912101492
10.850114630727731
100.51489502803707
70.98091067541657
109.38701644933286
22.559750461830383
50.80700264346771
93.43745587718934
32.34983621987418
62.81698404019834
121.14207678822113
99.89694674835528
30.75574479995347
59.39723606570237
73.32937583985746
56.42987528065485
26.334146085816705
72.04978330433855
81.08136093997682
118.40096646306593
95.53873147249874
85.04014495455469
108.28643248244023
107.96616201682343
26.994875682804
37.99925236548095
60.44069518781197
49.69654635061365
29.168310028706415
96.17075381485081
46.55013557380761
115.45282549333285
74.63578013805298
71.77924729223865
55.53693881320464
122.04360107647801
5.721251125068719
34.54812443369818
96.90252510013656
75.64508846409788
73.41250974279833
95.84856628306218
48.82530505700154
99.27935781695236
122.86391822743451
119.64896846170753
25.243445210269357
113.3379222842944
67.80134518480087
72.03717406008775
6.5211211024223985
7.7851285758209485
75.9480697776498
73.0583786579973
99.95514369430256
65.32269892853566
37.891352561002705
58.86295501548995
49.35677910242916
123.29412430775085
54.897708149871676
40.96814182582611
25.01216336875678
36.29645456180273
72.46819842296017
70.0409757942647
106.38614583560076
110.08343535287358
122.69906659709791
15.148640201538548
40.34143679936301
116.10584632202617
89.8930220710217
5.941224780592933
74.11111094963063
51.84707757622265
82.04189532113915
44.65745059570277
112.47996117486122
100.13984516227777
72.00407298811956
95.54250980151551
83.3889433983643
29.387440529405723
76.8684380736379
94.14712905756113
64.90434430798581
61.474681558971184
35.12160664927777
59.776735212026814
71.92742971823708
123.33056131351502
69.87762433900117
71.31692300261275
92.83350413768451
24.771849858796614
64.74577721832436
95.56750509939587
113.5090394608651
123.65626569217832
70.7027153451281
38.50310281703393
82.27131686701763
8.162681610569862
57.701407456107454
39.013762182003155
28.367923519240676
101.07481124629054
91.91015594551581
98.69021014331322
26.600977786783083
80.20088508924422
84.76360145606982
91.137236822961
111.6591477927303
50.762939200775364
20.82995680842557
67.68133565135008
31.973298845909326
85.65822335379234
67.48908423587905
38.566696741497736
25.39663909975434
96.70079245826703
70.74550856325965
55.15893228237369
97.78069220974295
46.37200035461227
87.10351167330528
114.62169277487638
105.97657226257243
97.17006626403872
27.135442751090956
64.4717716922638
10.270055962899974
68.06380055102593
72.99540320514743
33.335773065542966
52.673048467045604
68.54195795126816
55.87110124030872
82.91744085089132
97.79450517359771
106.19077183893353
82.03150303031481
74.27166187167317
113.44214374107312
77.26952384932386
103.26277412217583
94.92342376038772
26.839116143970948
109.81363831072629
110.12539984735115
118.60995920113866
85.74731246205039
121.26057229726462
123.44888822149285
60.63470865144953
85.6025695553655
59.31010633417129
19.288669369855597
8.876073534298463
70.82848933378217
79.34080451633295
50.99876653880749
85.325278781433
26.468775548338897
89.4569811610228
10.513494572527676
70.63696441704825
5.705248665723005
68.54356023266638
112.56661810872419
78.54214417084684
104.18135446043314
93.90927583479777
34.25059306139824
106.5985768765762
49.99132620742306
75.58280813099088
79.74420047755946
90.54025807333208
25.949064443803174
59.86869592608891
28.069203480920642
102.9587375202631
41.26722325335828
98.36961367248065
74.5747850136901
80.63122190065647
92.48277745698098
93.89115956820262
47.56909767690023
97.63819705730504
83.78855654198956
77.25593528314779
86.52137710698553
74.32048375528635
95.0900335438848
99.87975870652464
6.707495115470508
87.10095725070636
27.90208379598384
31.09204232400348
89.52146574664746
45.08067233402295
81.76545023612843
56.34462421772493
23.301623863614694
33.01634538885853
113.87287716734366
84.0634684635992
23.674897698406824
46.09604997295677
43.04841764306194
101.26162534980858
7.938889318799369
74.6669157159778
19.605356083077865
74.78812778913945
5.912214041474549
37.85117099490962
38.128877162278215
51.02404035631031
28.26147772951441
59.60352406977964
71.44746810032923
61.283432176667375
121.32995493067546
12.054805638002172
111.60175198894183
32.68411153057052
67.85431837694233
35.50971286630214
83.9672094455134
88.20525629904077
15.073925745193712
67.10043960488174
24.502627189005985
93.60743534425873
92.84046465764226
108.16103128364242
105.96749356256504
80.22897215219615
58.947758287223714
66.6229026826002
28.995943579290326
18.758139558818925
67.64503828220624
88.0900855015184
86.46870594679108
101.05833939341682
49.614316077837245
33.454207418019024
93.07011624369159
77.99680422283502
17.03950834519533
67.01978521803946
39.222537874789275
93.90355520674062
53.90054895468884
24.591816647106164
115.25590289390372
102.37661906952806
65.64058911703395
7.221486404933103
62.9469457105724
57.53003520561308
104.73365410041265
106.81036968625355
45.5307752298168
77.10864075905374
91.22738057023768
14.010370795395986
65.07630831533424
59.51025139983959
31.17227892453409
31.718357895513435
64.40484749754714
68.95732003208407
182.07849424736284
191.36175510430212
205.82101890150255
183.57860453188022
159.73258129268018
190.71829691809702
215.6837386104806
158.4900511880445
193.27055394639098
153.04068148167704
192.55796662039162
167.07938484974613
201.20491257290772
160.46636000601575
200.7871248743114
186.9802689868713
172.47735383745058
132.64696331666912
184.8901092702995
151.6742647277584
186.42942082330453
179.44927887493932
177.07511064926837
211.05665997206884
194.39287005027907
148.40428042328816
192.998975342587
200.9936898092609
182.43156773956665
196.3649651039274
158.04315077706534
155.42419720085357
159.45972901513875
181.02234527820605
169.79341434435747
200.3902698763086
177.29100023804745
202.24039227098137
155.4465619454946
157.16284510215644
175.13412827759458
170.54024544621257
156.69868738675245
163.70638415109326
199.84518502555972
211.32637944730357
212.23239393051819
155.9429565466292
195.71245089554452
150.28369168872106
135.4535652778912
157.41300696653204
200.4994504597098
257.6637900681947
243.15073431108456
287.4719182998592
274.427667090613
281.6248014024676
304.2370167537757
291.1055502102616
240.18429577937758
228.66400342300034
259.97088689907764
275.05037245576034
250.94688444719648
293.9831185260737
