15.68069254691978
40.813878191125596
56.43526071064885
26.225229718597646
53.48841706015587
33.41161567940033
32.56289825120093
55.3027312834614
15.708988359364852
56.486528950141334
53.41197582092728
61.78806125501344
62.818780960954314
51.88245631522244
19.629510757000943
58.3441820865452
4.6736468395669135
10.920037883863912
47.918805894195515
7.116042154093407
25.16851815067849
31.005126823587812
23.598059992608484
43.46506239044042
58.44423582316081
20.194813892205275
47.63447747022892
21.156770927220826
26.564473520655017
35.080902160691494
51.073526391594015
16.76183511698926
56.86303027669755
38.48449992987429
40.7294706729101
44.33176672354431
10.664642341983779
56.272904707170426
37.5242377400415
61.71756358637487
42.070377171515965
6.39878909249191
33.362344662075174
54.07959048314139
45.543857062015604
26.597178725719854
23.27374619267862
57.94871187052708
28.661245321470492
25.22309279763772
38.253062966984956
55.42503619549666
5.003855958132558
49.296608146197464
43.62738203055781
50.13597764829032
20.099920037608555
57.89262528797779
41.10633926009132
29.34226619771532
23.560706952025505
22.712183418249637
103.77235611436062
94.31481099068885
138.59350496395626
132.0467224281831
70.2180489170405
131.55630506168723
91.65670719940329
86.24716882080094
104.11668333279901
99.9384928362534
116.6805057863211
125.57732401014005
132.86924006030438
98.76573130425507
145.0841524350205
128.13241165770646
87.57770639467319
108.62804269921847
80.58839070316917
101.42097728868067
84.73107861969852
114.3021128408203
126.58005926892673
112.22278295005955
117.62475815846142
140.59303462194873
105.72825754046791
93.5991253076092
127.07697170827234
132.3091715923255
113.35222503914645
138.84170433502743
69.86127553228033
108.1995750114629
119.41831058450518
75.61982122467951
116.9471963326193
146.77047971821912
103.38528759213557
132.35011735753358
86.93823533642217
130.1217172398527
142.47778542135148
151.70593686231564
77.78108390794083
86.11307112978434
144.05019610962012
151.99643907375196
116.32848119087178
73.9646263280305
103.3388064417938
115.6375677745983
108.59829812226617
123.26547506672915
131.22308309723664
92.11282531257869
132.1265012003657
68.27549150835685
83.76499283202006
66.59986983476928
118.31049841815006
107.0162272557874
208.2405612503106
267.95243373657166
266.02338598050704
270.3174943369076
212.864882602567
301.667151957269
229.5482802054489
282.2240483212487
280.718947501047
235.85640030337706
178.64013181334013
187.34288328303
158.22138261576532
295.5589996723055
177.17135703802376
248.2577439515387
257.2434280374896
268.11165464933674
307.88238682511604
265.5473993426733
180.47082021951707
276.3969151889002
300.54783186267605
265.8459204453695
259.63345609909993
224.16867379669958
296.74539375665665
183.14772225247634
180.62900987629428
201.79463001519375
207.0447043746928
275.88810392132626
290.77977128424646
186.37797065941942
207.9733459394876
252.83951285385157
252.92781931206738
299.829516824481
224.06289201706565
267.3934482850033
271.5888258763589
216.2909371095583
254.82252494930293
168.99009823592596
233.41927657483294
257.61537336161496
286.0890733913219
236.69525393711277
177.98957728443744
263.25655506435123
270.830274021075
251.4439321073138
208.06979284527472
226.5803638739493
209.01022286697327
240.5950123707226
305.5812696177361
278.35310814670635
212.72720474914505
165.6652982222232
169.8600254389728
182.07283994674094
41.813749309549394
38.42805597903646
24.51093294108925
21.421453043817053
54.7251817913267
45.715194227747475
115.07994130563517
72.41204318178148
111.61183678636988
87.08327229815589
120.72185420971377
41.48412205748076
35.311706850755115
55.864212629343
101.91480369664497
60.29853338593091
67.47604420859494
50.07854269550001
45.1233765715245
16.57155714506368
109.22042850574081
85.86978061958621
30.21304446223975
81.7171804735054
13.42552902835078
99.70780619975062
24.540553506818902
66.60821399047104
5.236418740600456
87.02780387417923
87.2557204935778
61.84602835301203
6.341842971257819
22.808498399506263
40.50283676410709
105.3624680618347
36.44760556438192
120.5324947267216
79.58850290286746
20.01973195125666
121.65224136060021
35.44782014688424
84.52442913896411
47.970361929534654
24.84887345943209
94.58957044842703
106.98160304969402
117.55918757711072
78.03683693858342
22.259867745665566
21.730570993006587
36.97144117829288
72.05208744280749
75.17456010396492
103.15359199954665
100.28965114128744
123.55204272823988
43.69089015030782
64.76685131750347
56.21355166112909
25.920340429457283
75.72249795038864
67.79963372631131
28.187623746871374
64.66455145207675
82.16740556158007
54.735843533298635
49.464744554993274
91.77906396074428
74.41647453560941
51.92468956071339
102.91516659926347
106.06583191105692
102.4149361295605
114.77765836765704
9.713247215439786
32.470256005522735
84.1847519828133
106.14399542032125
23.37467177297473
51.56982453703287
76.10622541132491
40.38262686730202
45.056953264906994
28.492733582487567
96.16327191913697
15.2234124820856
72.38342483722671
60.26101118775312
16.69468814997431
48.67637751172272
106.87583848389572
44.245411237539386
70.5427640519152
62.445431173144755
30.355653152183905
21.816125092621583
66.54352605570114
89.44346248723545
54.875931804838984
113.41856399906663
80.10920393504489
56.12436095452419
54.05601864687851
118.5704231169218
58.76946655984362
112.99135366508823
12.045576816286825
75.37121787864024
120.69586695633168
77.02328167987555
90.88766536470463
69.52422308522127
79.90825093957618
46.59166150386369
33.50517056681306
76.72903603623811
31.644262964158152
39.55342434938973
102.83499131328111
61.17541720351902
83.60376512886386
33.05570853515333
82.50404265868613
97.39208599197556
50.13922799103662
19.01519557066856
121.40931459886849
121.89176762365304
110.80294046865832
62.005594249464146
60.56406980763663
55.00245329266936
18.32928855612102
26.402774588201368
52.43897911275927
71.3552657556464
14.815364523975674
80.69951407620015
59.27148633460096
112.72184669015215
15.125167361321509
87.77141074210297
100.94299573754017
77.2501913394996
28.939899797781912
38.85285298524748
90.3142221821287
41.467530200171325
9.055184561152224
124.7172496203712
14.783982617790564
122.41046173682672
102.03314795213721
28.21205737308656
22.72308442867903
80.97244099348563
36.896966599217535
80.11565552210685
112.07320546957678
12.529811586280772
114.68331523248236
109.06924786659921
57.55174054115178
75.50038474692292
38.77249132376704
80.51129940547679
63.331793105200106
106.04354114023819
23.75619976319492
106.49334203391524
39.05253635846445
106.01875892786977
48.63387059312983
23.629472814358003
87.98687858581472
96.87133574501392
75.2204232827658
35.46413279112962
76.01156365818777
121.34384457560421
78.08956480872172
111.49031490399624
65.58228290045524
113.19497617239345
20.186889990243316
34.96428509130715
97.5653509626886
56.27718223960002
12.948577970541969
7.988967841776628
24.856664942441967
16.80118410856194
22.680488916877778
40.924765457814715
57.74294849094887
62.662859806427896
63.998055744518176
88.19153094091928
111.89708919990903
96.56402620701245
99.98217693540057
109.92100839666819
77.97667458850796
111.89882630815173
33.109100800100315
78.75723647864184
104.68333377981261
53.697645373926775
106.45041534395644
93.81786161902062
5.021749561838156
58.13443405964155
75.97452400031986
100.18041713577705
67.26455066581597
77.39389621629601
89.37780139864643
89.00405311842135
7.364169498708669
118.1009945705374
80.67831327487394
23.386994225605562
72.02771225113128
89.49513119115595
40.384289746156355
48.18411647027327
110.90821825300974
80.98963216560041
122.15767924421195
86.40691153619287
15.608407881085029
57.731919280348926
120.64447127155282
111.44420094223665
68.66842137386607
23.47381513247855
59.12967201893123
73.65410909731516
71.14981567423848
46.38705219119936
63.02783951876505
101.589761688238
61.7729621488513
111.91710151177054
49.48897367488087
41.05327646570826
44.62242781483294
102.48113653865714
120.37092300408388
30.337567183935562
13.842717969965122
53.82998588664897
27.680756450656247
11.271574973205986
112.80313725362515
78.55652400831931
119.22419689412742
50.01210795761283
39.92794534273976
88.69928409328485
116.73331608862053
7.803243367397684
52.639883581088455
100.36734263246703
96.3736564125896
76.41447773564384
117.40036761005013
40.61241376608568
98.3270638559217
50.71116532500388
77.40182112746665
19.194617373975916
83.95633036483605
29.93353520303522
88.29960947146002
84.75396291324819
42.877702835842754
115.8563404925794
108.29904524856326
99.85099726671571
121.0121883609518
42.726675120788755
37.068793143235695
121.64726827007973
41.39441906492118
42.06486068171202
69.16728265846342
26.98655431947018
58.115457240381104
48.817617707245454
17.401909510236962
121.51856280004466
32.39129552660359
79.2607027597539
94.80144743029898
81.18294245494587
16.240103202603976
82.09998162983936
118.91257135332984
109.2405567963288
31.74327921450432
26.419698274950285
28.925595476172724
57.14756230364912
103.77233730825026
101.50987549178667
17.039668989781774
123.14068213450447
68.9485741633757
66.75533807161649
9.73355384424201
107.49307408936679
34.8657124491246
94.2334794308961
54.18759658200885
112.78676146468902
47.19121497599087
6.013692500751674
32.54082893027256
64.52968924772694
103.86511573599799
40.58295268731358
115.35770497385997
121.98725938867955
67.63010135946074
80.26445995061265
32.02791711109933
75.29659104047246
59.780695899508544
63.355399062430344
41.10441627240124
10.879238978831843
40.8271572744563
106.98294550188302
108.94510756865584
102.38856585399031
48.57825758179354
11.611826396154505
28.378513950653584
121.06280965076704
34.188583587544194
45.89589880632323
48.283289701313414
21.473002677721425
92.24455091944675
26.886233190816462
110.76550841542436
28.554471918567558
24.85118251153365
68.00431488942691
72.13296203042947
57.11384362739685
32.71863578456209
57.961532248005135
49.324342233643584
51.57687068755568
74.57110620245085
73.38804495698992
79.77835739418973
5.9501118787048455
190.82534312778043
165.00866269056223
216.47404531813774
179.435739943901
185.95593518219414
203.89948058627652
131.72389588582413
189.1542030712762
153.18901927951472
165.9337139027355
199.21785122476865
208.5988047110928
166.79227976608442
200.09593733822663
161.59252482795853
157.15960172992325
147.74601356211124
126.71706142016295
185.63362826875658
204.98031819396607
186.10679247137534
184.6899294661806
132.50146468707874
185.9796920882655
133.07005442002227
195.4029543611803
181.70175961008886
136.78751283134403
176.89824974164338
143.33353299151088
126.76556865960728
178.03986218838304
197.8783344794906
138.82127471999848
163.75460020206924
170.0039409782277
140.67467225639132
168.51950694822077
156.7545847033173
162.01281541457925
125.21325555494903
174.40615097672088
171.04684937681085
204.45494910644217
206.00610950246613
163.63784822245862
153.89086077485453
146.7955845740761
165.48109298862755
129.78030773488024
216.53842895184889
200.90066968895871
186.96109648627865
265.3484967354141
287.4347458895765
264.787176518918
303.9671283817954
305.3241891261634
270.8004511140992
290.27130183559126
259.56801052830394
296.07990593616
297.85303379397567
287.7913037078423
270.18143581054807
296.2797773078371
