36.42294783989966
42.11944934097099
29.888627654320647
50.495870368795096
20.816964083444955
13.37888025000707
7.409322834236281
27.906173493286786
28.94324339768703
28.876874134233365
26.0331408217546
42.372714659986656
43.07316564139011
13.63592072975278
9.565327254594528
50.24304022082811
42.658844425003466
7.960843260279443
28.695279592267486
4.053571493733951
11.89345780401798
12.453333397418145
31.8059770536087
18.444151815779158
18.925607561761716
54.24391226582397
24.6554260352912
53.60671906673659
36.65469264131383
33.00416800616961
6.512673000177088
31.03753904185004
30.541388761701445
49.0261279686062
1.4309686018216823
30.576565379077337
11.730602056359547
17.16157418669805
47.66516663223885
27.118685720173993
38.32257686704289
18.028834293168238
12.826235961867638
2.322026774564133
19.947679205674525
5.28144134440868
22.127558436269645
26.38407078334087
54.90788993207575
37.88840338848459
27.31393654656395
49.84616083997476
8.139391997403465
8.98120572936526
28.525267328825457
55.66759401376456
47.73225267118784
6.6144843825878965
37.69520291181503
7.574773683971539
52.43563381581119
18.13267272944755
112.04366461544319
70.38941275684647
123.72021392072753
105.88465933670449
94.4232568948712
76.41482846075188
120.99215773735496
67.38734054544103
73.92049611660073
102.92855331758797
115.56185570328103
69.45268116967954
125.2482860756599
104.01042451412873
78.78705748889904
75.59247291640385
70.3131532583908
60.22556111321299
107.27195085264201
81.31266390582583
113.63502018270903
83.04687399317068
93.2722735254816
98.18561756387057
78.71596938995158
92.5723651075632
57.68457573128092
80.78280162459461
88.27856069633354
114.39411806879887
89.33812365630479
63.32054475188718
86.03327186322383
126.92929533322308
96.59626812261935
130.4234087140987
92.29423105213056
109.4248929169036
66.37439344511452
112.46470121877601
77.92231708763961
86.32128590128247
101.31083840255394
81.89557958815121
116.4229218977532
60.0327086979526
86.71468506973595
89.85453785294273
124.00330896278584
82.355502258941
70.01161397771347
88.39053470029341
70.152870812788
101.99466232105168
92.13524007540741
68.07171556739831
98.73042190380713
73.51314357328313
99.16060731300581
113.00889741410703
127.20560377232411
69.84722985513778
221.332915621327
143.4841184138092
202.30509310911134
162.8791341722868
231.96880694194198
183.98811861777565
220.8258577143759
181.82672546924184
186.2916293376182
193.3301913031114
149.20096370336213
149.22825864803445
137.40134740206912
181.5601426277687
224.1888756641896
204.12103508170617
137.681487353356
144.9024679606856
178.72381070842414
144.2993005404329
156.19657767980902
199.98251324339856
168.86481501082565
197.60943442185922
163.25783993468164
210.88902163824798
171.811920372073
206.38567883483705
143.1161039225139
179.87982102965805
170.29907225997917
143.54177498017498
196.12418344672383
164.9982950059579
187.23911711992014
143.13550173750147
196.75278398351043
212.09833164333529
178.3362754663054
169.25850712276014
203.75326352760703
133.70627511418346
190.9771189242623
210.84684713552053
146.73393036948374
180.5160024977734
188.23881766437256
182.62495355447984
141.07182310245847
195.66900427677328
208.82799971816243
157.50398530421475
213.56262378425973
161.57474409968387
207.40533469916895
210.3015353164604
146.74243283897061
154.70195433896941
175.85549333642376
166.78884824259742
209.6669523123841
154.99642754492905
28.7863954103236
14.321582564192331
29.420825997753848
14.551658890446166
13.332791614110217
22.62379315917029
13.961119082295419
23.067326775840698
18.51176382045859
36.06236476313123
15.568719930487017
20.10606379228666
13.896685420934054
30.957619886032553
31.361359676132174
33.51951530733708
32.60835421336374
36.8730201849449
32.94790942192686
30.80367673714278
31.315894024872755
27.150055534875452
30.423364962456997
34.34000652563488
21.054247143278616
16.4061714306593
17.52234913676087
30.564753751947656
18.408142957808295
18.465486019853707
21.931509594128116
33.32337761062775
16.007713402624656
25.10950099813586
27.864397280061667
21.009642089723076
25.089190470155227
34.975286039813085
26.57248902232202
25.130496806708457
15.453365669390141
21.02161056278758
30.001524654004747
18.975827033938863
31.63042259434967
17.170810987516592
23.922624608645847
26.913139468916814
21.922240107811586
26.35978046112112
30.646524409722577
36.20190932243369
24.80702533969009
31.0147598045611
23.138081224176098
17.255198735136027
26.064394111815464
34.06268944212056
21.37356394886613
31.117408465092943
34.32675935099211
25.66329073514705
25.462058015536027
24.16454905630351
17.35653091892245
25.407489126335367
18.306056090484454
15.374117548103161
19.893745055925983
32.33840686876266
28.333928514533255
25.049937822568562
15.223178351079753
14.177832144314328
23.783015237745307
14.378077235280077
25.23031561995371
17.90596578973091
35.489976168604
17.57500106807995
24.544759821579493
31.418538995796425
27.982947675106004
32.50039041844866
35.372636862250225
35.81174476319637
25.955188952158927
30.23229780869284
27.203003322153712
32.67115274750958
29.434348317820945
28.549922366780283
24.145381161357758
108.55192379146402
56.87428878041356
56.67745234094542
93.24219748153828
49.252729490881414
83.03230749158696
69.00994134178225
72.2346530050768
44.14109211327886
76.69733195280185
109.10746371433851
68.45594028537235
50.897469334057405
100.60431225106716
57.591057504062405
95.6805508135053
80.28588067462606
38.06270856478412
81.79958387490193
77.73602777513712
86.15176158585282
79.7224741265478
94.22653657802326
111.46392550231297
66.64244325383285
102.2314871373653
79.97299010227724
66.89113621196528
71.65744562340886
67.33755464106612
88.39626175789861
98.22710693626593
51.199094431125275
91.4519197714874
55.78427215992296
85.07729166410641
86.64113620246265
92.42652522052877
90.8850651882822
52.90637191088918
78.2272964322789
40.475199082945586
76.40875816847337
58.66423266530236
111.3663390812755
61.59608547462529
71.56997549554946
83.37193468148782
106.99744044725483
69.17342978582286
82.01995736339724
59.652215631603724
37.61102368708642
63.62140199335041
104.48734009521321
76.84891775038032
64.28528929402222
53.53758155551736
57.10441861349736
83.79312976271902
96.30803247735285
86.40370167752448
59.2427565613562
45.376621336639204
101.51587616214606
75.40289721345114
60.506245870503136
83.84466755397203
105.04716400844582
44.818606230692296
82.95292259012143
61.238063764940456
44.024678939070625
75.10954859096925
94.73718784044628
89.1080945882492
55.483561772592594
103.25529552802116
41.37861442161881
77.62026643285678
68.71655148936188
92.65569577579159
102.11169720023454
101.62954409444436
48.76978335823635
82.73395091518208
40.611984299692786
95.39727876450027
71.73370596495556
95.73259366751422
68.26356294638262
77.90729014530332
41.076741499875936
198.87531707444887
220.43454742566786
212.1812049957787
190.60339371778377
141.4576241474074
167.53824761242404
167.50626653486364
164.09964814478764
216.55802569215672
203.5217393323332
221.31279567643395
158.6946558545373
169.25927522484352
223.8932076503471
196.1462752374684
209.6043668565958
152.97707576896875
165.01761401396038
127.45378041752865
219.40362612483392
149.94452197341846
166.14473409212283
124.29201209812891
150.68794328918977
173.32621729824677
171.1036881624848
213.93441410330732
199.3459128879798
214.5503276887619
139.4217561784182
154.7759734113865
157.10472520686446
180.39952027813504
141.20509366712756
217.13961185905248
202.61063728062558
210.29297570574036
193.86095733006795
132.381206072078
169.26225508266626
190.68285745005613
128.28673235698048
180.53105635976414
165.5397311562888
202.36463566461242
154.99945557692027
150.13157365682036
161.70401056025182
140.03420224112304
127.28279737723807
183.81106164734285
127.98936970940032
228.61230673532205
166.70560545654132
184.1859695739524
172.01666154923998
220.72185516994313
153.30400274229277
169.3477438016551
146.9053344231885
175.3665969134751
170.6781432070831
176.39368264594282
223.45237119287282
131.59711619604138
137.16830519602186
167.20945708758893
212.10180677695274
179.84052726097164
121.71048794883612
178.4509755111244
206.3805568491669
227.4584542642495
177.2327081383619
124.21252407284248
194.47100812336296
135.4745445962902
153.14488577596805
180.65808174413485
135.51087138025207
150.5639744839848
214.34940252239326
196.01097746234237
137.8707591034943
154.3453290488945
148.77311612480918
212.51424631490457
121.20379177041312
212.8999765078581
225.10893588228322
148.58530416383084
116.24007532299836
178.91457695587104
128.34838972389036
226.0873436131934
164.9554451489361
145.67206313094465
205.60751560386257
230.54251526467607
148.35280132031718
159.68519282409468
159.88002652437547
149.26701938963532
137.34277837157404
155.25151926945856
158.76372580211253
154.63999208631702
162.31849588781068
134.14066253953487
142.4860295122805
195.52226344932592
219.54115741901177
174.8201279133225
195.41569681870658
216.48163573466024
180.5647146366055
212.07397505090637
182.57509037050735
192.77438125538086
171.82509510509826
182.84857612563675
177.3473205260286
179.85663530045076
219.2707987990593
196.7034620132656
196.6534720179171
197.20860333329665
174.3938362757775
123.62909040040677
180.68338094600264
141.76670568196354
144.26203986854935
228.2509742979272
196.27431894078111
164.83988773359542
204.65616319600093
120.71741765240748
144.17808102786722
186.2401418838336
178.16854631663404
170.60604574696595
185.44329557150186
202.5304236424132
185.11961844610965
168.0186160573383
204.94260076627293
123.10438837452384
142.10914711748808
197.12580597029392
193.35778124779057
157.84117969047705
173.35490263764922
128.54814382861173
214.92362796330605
217.25783909363528
179.8786223176624
160.69487423666197
155.47852503637665
148.1785320520745
148.95157352094387
212.93679881531426
159.34009388777628
122.09496388372511
118.86025745369614
172.64754853370388
203.3526853155818
175.24250319486706
166.45537675210164
177.38083867155675
175.8309467259521
135.60123458468186
188.86796899570777
218.50954986705446
204.05542093833753
216.54499216102928
225.56210371609916
184.27099577152367
152.09712278715753
135.60245180597855
139.4082256625967
173.42472298915797
217.3912978445654
168.25955244280854
170.95494728237875
155.77904358401952
186.4576967273301
133.46844334738677
188.0995147007287
154.825751647066
133.24954180623035
143.6559845815943
196.2684205286501
195.74207645635346
185.06464713590907
203.7772625142658
164.26730066253143
189.11547880048607
207.64203319538856
178.94285068295457
193.89000174477073
182.264193066652
138.61235928263312
201.37922541178563
133.32843314697973
122.33974438412349
115.97995495418412
191.10941839822874
136.07353442445583
182.9644442732396
126.18540230533355
123.8359459316463
173.57022521135394
199.01548416130083
142.66311891547213
126.3245800164224
140.08554409640098
202.7921586039605
189.90010677927359
129.28633544664206
206.6188874541172
226.52932363239017
213.7732781667373
171.73971302642116
206.42190106428737
115.969882545741
138.51033481828236
170.1433957892933
228.4459535042881
231.67783110513219
191.2065176904209
199.83780865456043
160.0003168567603
152.6613515222384
166.89624992424686
170.61625753543322
173.21413878011865
165.34234118546803
151.41618658598503
150.7321007226693
168.50268013554677
186.9812643953765
152.57119287674348
136.2658995409701
211.7856982254079
211.28915799292523
132.89578645163428
209.62725958498515
182.90043743270402
179.85130388162617
182.469285356929
125.9338261639962
178.02509877689684
178.3379042543411
160.10665853137013
163.74184317404556
214.3347009751674
224.02180365587557
196.68673634205228
231.5337084190498
230.76043765707283
211.92327832889433
158.8209006487094
220.50885615743078
176.40834235843948
136.78377580187882
167.10712579977366
115.4707873754422
120.6994762804953
146.2306051498466
169.10562774129488
216.6206759173154
164.73573439371793
151.3511908147691
172.53056357385086
150.15817953188036
222.59343949037287
189.83727382127267
177.9734809233901
172.2343892936675
151.47580502331923
144.05014392979132
