12.301920354938208
62.55006959501579
6.224660514715552
51.566050183590264
24.560870015375688
47.47366824560127
43.27830993397852
31.33273476646414
4.275465924132142
3.9162336621458813
42.50277311654331
26.419011993191585
34.21458036296901
44.22309924618118
56.69453593264684
19.72647428139513
30.807133752371932
36.61814059319929
34.11820243423127
62.348957178364216
42.23197395519992
35.08855803194111
13.090922892203253
11.069274269829215
44.99030077753491
25.879997839936856
14.281194000646746
36.818500522499626
33.45698298980022
25.182036563456307
10.897554825553513
43.55255701237908
29.75859059989521
34.34003474582359
9.536339576515065
47.7716291005013
34.218065180535305
43.79070291533939
34.83164532485403
51.16176776639348
17.68382528031222
5.6137906969638145
14.484480415916888
9.602522257864116
39.256474579003985
34.7725269332772
43.87928153645324
22.57802772854121
27.819838025613304
62.496104472128344
33.61446727762782
25.194989893241434
30.219998163665405
13.753852506452187
53.825844940409276
29.059367981168823
61.71406919640296
60.44661253792589
19.0435161690931
37.85347138962755
19.60069722009878
24.648121861109303
49.70416954502607
31.495315829801633
6.2871108867154355
53.54416478468326
41.16110745797155
60.1745839955634
29.19879754813909
22.12320500132405
42.39256550869368
13.24197610148779
15.969695181714947
27.685381557729034
65.68678119222014
26.7886268207727
33.579620435130025
29.440228588114707
57.45826991528604
59.20872698014449
13.172554654500164
39.75057089212068
35.33642459954731
55.24614674996381
60.60012774717576
4.643963225576144
47.112855711679956
19.09656451209863
61.41934488563737
24.779578640283688
49.24661758233236
59.890867721601865
38.35758368333747
55.74601677316764
12.276859925825867
13.336554679880024
57.20453094898912
57.79960128991186
17.9827015551609
2.618681190037126
7.922369915682584
16.943410681716575
13.020134911164142
17.515478535708482
30.043720990688463
44.83965972052607
12.84494719010166
62.87435592363171
45.040111466236816
26.482856828536093
54.57290159055967
61.35878510497188
64.29247110321255
41.54051268801932
51.42020312815292
22.869687551728536
15.45370681474773
11.559817606809315
24.217803339538364
22.82249136014634
113.67410389253754
104.59960342370242
104.97336844793655
126.25205599272631
95.81268812394282
138.08609011850314
153.3440456805318
83.52860587246599
96.96262592009357
126.73986179351273
85.81036524838144
110.17448309118551
113.41220232567073
92.90964156755074
109.17582591443708
132.48700223135623
92.33694106367965
142.006472434872
146.56541945693067
101.86510047889574
100.14791600183366
138.42554667715996
70.92786318303077
138.1833682919536
147.35126421708054
149.31730141130532
112.14093083348767
92.2187095677713
132.13115429772398
101.88348137700471
129.8593955402895
132.2580719667268
74.2610380002901
131.64353328633328
74.81725582932607
152.87462113063856
145.45846277472734
72.98931012180586
89.30879741832254
120.81636381584418
88.23719556121077
157.5399288812689
108.08487270735102
87.39934201830022
106.74890692428318
131.20042489218133
121.75815169741537
136.3512292083751
158.95323542405086
104.44583350450078
89.83411569922299
115.10590720848154
112.1278382982976
149.48047758221364
129.14612117026215
90.95438755053598
144.32423174176165
100.8947155874914
123.18629277656382
71.22179051656741
131.78406568293667
88.60558320554345
129.7035480475582
114.03132426055224
82.64410804090431
117.21547092373572
87.5089179465962
72.28390547339086
81.47809444607942
130.5974623585526
125.00585423636151
158.68382357153706
101.4560330582726
107.35079113305434
93.7479694766427
138.13106307529
86.98132936174892
116.69484038347517
103.42257737357818
118.39094226403131
119.00387248508994
72.69747325227007
97.47081484525451
75.82917639739514
94.06555031156375
147.15361522029377
94.08214210486517
135.2618273805091
86.1834302074632
112.06705728517859
99.20885824879153
78.85153540766763
140.8702159056866
137.6866292491346
69.99236114709043
81.74010306319747
86.3088114670948
70.58744868746939
147.76705562586022
118.78479067800575
141.22304620934557
152.90379045533916
137.37575576827447
118.9838084514425
126.05771285259866
89.95542519512158
109.94251827031069
103.58402230588844
104.41633572916129
122.65906489648957
147.19068749569536
68.76048255823608
94.15246472663965
141.22593448542546
96.48274591056742
88.78082147099491
118.6545095283092
116.38495464709555
99.37691411264707
92.51707010098434
90.31459173353083
153.27457410680927
107.85608004700998
121.74909227244048
84.93033437759479
118.2904133921125
154.74414716034576
118.91606026224221
150.70690380331686
104.21041284904659
88.53476417846214
133.73710489268876
79.79826146071204
135.3060203692313
73.16996022287435
109.2194038823809
127.75350480392261
76.40468575148796
108.90787121700379
153.74821233439644
126.54740888338412
82.01942080607516
93.39364216511592
121.5619010324768
99.41077319395197
79.70312591708317
121.42170802830216
89.87803272424951
147.1925050570408
105.06790323085251
99.08354962094879
111.49212384694934
129.27956832672237
85.45364772991594
109.74344529126022
102.11447296810495
141.524133851881
114.56274927113283
157.59897145632067
79.81905922448183
156.3366649015185
153.38067200731436
155.5042948502437
74.86341532299336
115.55520741396921
110.26726981782564
83.12502172513378
89.9607908321967
137.90252382880809
74.44511750951045
72.75670621416687
107.43510200218402
135.12437221171996
104.19630654693003
79.15341647742045
80.45828319768515
138.38332119644505
140.8490668580303
136.5458693475713
120.67264293555935
132.18380746653764
105.83961171731652
124.32782820620258
122.24977971039955
103.84944644968725
130.96218345282372
148.89880672394742
103.82772892372255
137.60745304215473
127.31586491688418
138.02516767634694
143.26061098402957
150.17467648735143
138.79212964820942
124.26395839196965
140.7910079262063
94.5863904086802
66.50051975978748
152.3371041068243
70.13769319022146
151.1319064317373
91.9156440741961
141.9939023868161
66.3602677429503
148.28809086924875
115.8890565938853
88.19923141729095
88.73666900169626
149.2705137299293
85.0691932085382
151.54780664215497
105.3704027277974
75.80273491103061
106.64523365854394
94.40713216149385
149.4239626001828
120.65993908754416
98.99701313191727
104.54764607876541
76.39474638529745
70.23050808923621
155.5286599647148
135.22097274867917
140.7361842653968
133.2706261275307
151.3900981462542
115.03458168193906
119.26189165058705
103.20296688722743
81.93069519884837
131.68350694735608
109.2039523263441
139.12205935828572
133.31760754908683
92.40944918644519
136.99316273013656
120.38994577256427
130.7248271693069
103.98523986848164
135.50958914163496
142.3677514312764
158.55014319733107
89.55743120926371
105.60377956940017
76.26013196133053
156.78821839706887
117.26578976410508
93.7232339353417
110.93001791874998
127.64212819702777
112.50599535841715
133.22151539070325
71.17062382571734
96.09736857983935
152.0590820687643
104.97967238593606
132.09488210412115
139.77055138083256
86.38237746354851
145.13811965257952
158.7523463441812
95.8337025713208
140.87416457168945
89.49155238506108
134.96244380287953
134.92735302773463
111.81624725531556
152.34202915102517
107.70623314649497
73.76095009420436
136.53490192859005
135.29185713127222
80.4930250566008
152.72877653709665
115.13649599970776
79.64495112732448
118.78010977715654
78.94310111262209
114.27765735985837
125.42385750184496
92.95605551742379
71.70347463570417
123.398119876329
88.33674470466869
108.74769948898604
136.07756161102196
101.83631445151637
101.27698326134437
114.1225964177535
122.21807571496215
79.20269573883863
132.79527109131118
109.52863380215798
105.72144170552745
126.40052073760415
142.02920454940917
115.53499921331627
73.21842735808161
132.98919244939447
73.64440000990461
97.02424262809475
108.78782822043492
80.54315795384291
124.1964524980613
108.82356322431504
79.79488464347696
111.59096732164807
102.85529429134547
125.64389625920813
120.20561398684676
88.97408234287064
106.52253194788358
115.93381813563158
137.96639856621766
83.70428522515239
79.17732447695627
133.05938554291484
80.48761251568087
118.76292517768015
126.23156647468805
148.0512514992903
108.73038073264615
137.2049112915472
157.55381917046668
138.3041742843111
73.29708440056018
102.3735433700798
135.92142773565115
132.48989600728942
115.10898807924303
84.12383542511901
108.47959045577821
102.44222862349989
127.67444770118229
108.53038086281988
71.12407970796156
92.78461744139102
106.56200382219613
123.57509771928326
110.1641644942482
99.47106129598033
123.95296970194764
117.47096848089123
93.21431639825481
127.10074891138359
112.76034642345513
152.2041954625383
147.14899575193294
105.72805624729268
154.546349037666
91.15723586566389
115.4071398107452
108.76157125550942
131.87732439011964
119.25001981513121
142.383744636871
116.5763493808796
72.52570656813887
98.41547550454175
128.46927229443637
80.49308641156694
68.26581554096742
127.56973263437182
147.24723495353965
140.43194135422382
116.79783816501472
75.5314910432152
72.07267074413153
107.3353130434065
74.09098937793178
123.82932634327229
104.1143797456956
127.69463468025222
147.34488464018418
71.827514358276
75.6037150025659
101.21488339479137
122.51811381942784
128.94286440302272
146.75336171136232
107.0022938404412
77.44408852274951
154.87856636475146
100.90947122627014
111.2944314862538
149.7319233676697
136.88924343437006
124.91211278329172
100.37244481748439
89.77645355969437
93.6854328006402
151.64572461723182
126.53643672800938
104.03370787154395
99.95085492171819
98.66924576374494
120.80010346489202
124.32620283082005
119.40027190002618
130.37725968625065
89.84137917917793
158.95053330157762
133.6376315219895
109.04228019469183
87.19257542083048
158.26727096659843
115.43954263303236
105.97878830324834
140.2746979901534
156.18052633195612
134.53417467146858
133.98039249179186
117.1335753961462
110.41504398494573
142.2109808280756
99.70880193047968
98.41305516136055
107.64714961733581
127.65695244384214
140.1304433532532
113.08549113811135
139.52057539591513
111.38375403073336
147.9992259600816
100.854448502432
125.66793600034126
152.75306214194896
86.64325817681946
129.5221517844878
77.40689833418533
141.09559480323762
121.93806856082846
78.51181769665376
103.19258721218647
82.74257024775427
133.0314352072087
135.22735592253275
78.85798566461051
95.1877434002094
93.89783400984399
94.78259572379858
99.53122025308855
75.09210319092134
96.37886439343366
96.14065850214698
114.54382982548907
100.08935821703506
100.12134366595913
147.85227485710107
146.51882873511883
126.72969571167472
135.07959890766037
134.59626219661305
74.73974024718873
85.78155600825285
113.09553686753932
144.24179685262632
84.31927673446228
118.30614344311272
107.33083874051579
126.98603562980296
104.70805246487161
110.62401451411142
110.39453622490566
68.27096369781145
72.55934988048216
89.82598053741816
116.66874056325223
133.6902949054993
91.62784351579467
137.21877885300017
129.55909910761696
82.1184870127496
111.75642679758069
122.48241861196962
83.32624199145701
92.05390037285751
100.96920043037147
141.27692923471446
78.55358216057769
152.47501621332617
72.70235107889908
207.5969585839423
182.81671904887668
202.50928287800002
292.09428966503384
272.0091519568828
209.667346575978
267.25276609224085
301.5436473397133
290.0054702859436
227.15395013812247
189.38595402059735
187.5239905268721
264.02851191974764
295.722991757145
275.90711076657107
195.24142608800435
297.59269639804273
210.78864231031272
191.1067501133064
249.32811355244087
199.58025634388494
250.14553555840678
159.30540679171213
281.1904187547602
170.17323699237738
264.8784018697734
174.720447090243
256.9748168829279
209.62493122222094
178.41881166802847
248.94411054678267
195.12371370002202
279.5427021020072
300.78702474475585
227.74076735438237
305.0403911600347
173.74233632579868
161.90146022838258
283.15757509298345
226.38380638220633
296.5314117395369
230.35200365577919
240.95869309948742
244.82042533868014
187.68987471952514
278.9951796773021
229.85337242803604
264.13364299841675
236.24408934890894
311.98074215532677
161.76372399272526
312.3395514682903
187.8157787794707
169.39917430375465
235.44611865931634
193.9033927415764
290.2829336750863
217.01809797733026
272.466276806817
164.8335235496829
253.39657666827603
163.42068125596404
260.20530913781766
165.85588817104576
265.04543394488235
263.049074451603
258.73638329226895
206.7828090717386
285.02435580934616
235.69253176496304
297.13286907228047
185.4146713192178
171.02220837795696
248.02261242444868
259.68544754254657
278.2186635595913
270.455471055462
219.05337816195993
205.55398641491263
180.0746106090853
224.65804205968354
178.62714724547482
207.78136556568177
219.32331740453785
217.45472010762776
279.136026518367
203.1360039925591
255.25913165047135
238.59538395782428
192.5372103138832
287.80867270065573
295.31056652611335
304.3952644247024
239.57082166996915
233.54423635051106
207.07607167690182
210.2610548839942
276.2319911047445
248.40678369645207
284.5387859234299
258.64180073203806
159.60541825493965
283.69418489295697
261.1081938018662
221.02686061068283
238.92518433797727
160.72657593958232
262.5873012279263
216.79242365839048
204.07068635712605
266.1245654582403
271.97819332843517
311.49735743482967
304.46224893135417
179.1600999716051
254.54886679798278
267.81358082569074
228.7833570586359
231.79648329670582
178.44096511123684
96.95096005654405
98.6016515221032
38.112268820534524
101.14404372673022
113.18467147182119
95.82784399842237
113.0700679105708
62.52255359060264
62.469175168806515
63.801526626098656
56.820565275185444
9.15246992092441
112.76292480327089
119.4913737093416
62.068810806478574
35.106900249812895
41.93784681477396
64.9917766511148
41.984558740727735
3.8265210833113485
81.82532380486052
29.269976237027834
35.86598081470444
83.78382960377226
28.817202840082544
24.757160008626087
50.166640884394596
36.99502965819323
91.8269484553035
55.12141063165892
40.40488747476264
13.077691505462774
95.00353726501962
42.6654336478142
86.72803266949424
40.39704775000007
103.30039744190546
19.396744231846064
30.880463288732173
58.92741993280979
86.29639715131863
38.43307567738326
53.70966066365822
37.63847945973088
35.96683205154521
18.86215591633094
118.48231483026902
50.277917549057555
37.46956730767294
67.99226700249055
35.97866647403353
81.62120622360591
29.37458195659209
12.919881272727743
119.46689980570348
80.40709765407749
108.99911449100831
73.75955462396742
68.46722570679324
92.20914135200849
112.55262462710462
22.865316344869647
18.35075965502412
19.419682067933415
19.079875703765694
54.002252413637606
63.21474762123223
92.76861099530258
57.45084687515006
59.32397050914049
84.33287410588233
60.29728147418308
30.437268623070455
67.23977447872554
112.93331195819172
27.27060616658889
65.2446246423263
60.79340338319242
21.95307752556311
74.88352465368754
7.786985076945008
108.46904398505666
105.8665655191328
83.87595797868453
104.25132465078052
86.80189438074586
98.67966273526156
58.29140011237442
67.82847748955555
43.44297737407683
103.82394428019504
76.68024724404042
21.771665183481446
84.70695683636129
99.65052743470909
27.884540974090662
102.17757873206325
11.097166175678076
23.468710047157806
77.11944431089182
5.945117173436074
88.53656363183082
31.518586859586936
34.63093606071801
118.60684565262173
32.089827963424185
42.12956290242771
12.611922453204095
76.59330835842931
68.98142751886958
73.39467475869725
70.14787845242498
29.315495034875298
6.906067762813244
114.80222576611814
19.40955231010245
64.84776223598367
77.86725650988595
114.88944723733758
31.679426894616153
116.42411627492122
27.782873072036082
96.23059079061238
46.81872227595904
56.83729253555473
111.5268451410565
92.02930587652038
83.15050270142306
64.24279022999362
34.385077155118566
7.867686524693269
30.20055042806219
87.05039561065423
69.8740411288916
73.53816978004922
77.1500122950051
33.076887792508714
35.438968136258055
51.73240196391245
83.25286814507089
52.25689182653668
29.974762904827777
72.65518098640196
84.0149877281782
29.915454720659554
77.46188538750583
33.687679876994
38.088734199765696
38.501063107262276
5.645763791220936
94.65614871854231
81.49259484229167
25.58492899775562
107.31042487461073
34.131185356085396
20.63739261944798
36.233889044336856
76.23058499392283
47.10927250858195
72.0271264585958
45.50433214308559
19.484808977125283
69.21478689729123
49.79072420528957
116.32950463535244
63.84845110632695
46.327968013220186
104.9049521872802
98.87128643424964
17.97710116449992
56.09175076374538
109.9803360102366
90.8232041564453
54.74040144948853
13.607292871855478
116.81920569311126
83.35030288355527
109.07317022252387
27.172303286821112
12.285526069527911
83.79126389330631
94.09043100610222
87.70633236441687
116.22666559882636
75.59722110286293
77.46709906908345
68.40163463770773
87.57998202907277
13.300748206819208
94.04946685459142
94.6553233539369
58.935312599000085
58.946064455495225
107.66018781070275
104.33829672714025
8.586792590223268
48.206125532226665
91.51786560570758
33.000866905908055
13.5837249506759
42.11735238812189
87.19740760248997
95.35366843956332
59.39325133213916
9.600024283383043
89.64575780344335
57.58407151672681
74.23444928471496
103.82656622202512
53.20210789576609
60.619354990021115
61.152392149482594
19.66500856815471
104.1669301780846
113.00549044981975
56.840949662459145
68.14881340581847
12.970064411516155
52.631736496663365
86.64564658080535
7.290270370645011
116.93393823805798
117.60055159839419
91.47873910642386
15.017721020712735
111.94705092174686
62.3877207675649
13.93662026283124
51.274079101645164
19.169367194501618
58.960629593968
38.207323661743374
113.75903251098234
77.60570452705505
45.81387120215996
57.159596263728744
64.6827783974161
98.9239142776947
56.10583962893972
102.00273094775852
59.921551182536255
7.55546009420069
79.38986261297569
85.81829343353876
114.11968611638403
10.927783469434026
90.30760728343678
89.41033946965395
87.24967866301955
35.90674552765569
98.21560993996985
22.701831703839225
114.61919668176924
25.488187488083895
46.034422273568495
65.09788888441082
10.340491667784661
33.79779172615983
77.7707943846428
71.7266076812559
75.46288771865211
84.80618517220539
95.71679128142442
36.46227133088226
13.760145573957892
99.80694317905132
118.10415894652678
112.06172015347687
28.45827031873172
77.26917311135279
49.28808806965819
88.50687041717535
69.91205729424814
116.52866436534819
43.49490395738614
55.72500957530528
33.97439598549114
54.48767737611674
58.527796141959655
28.33520751539308
17.379687814441624
29.286092504968806
49.8998120024871
24.527105842455605
6.122986651244737
21.676874189935425
109.82066085594177
77.474264032738
103.32334192750578
52.02615540921042
25.09845830264706
112.33402531501594
46.14857655170549
112.52041913093872
117.39258207538694
118.23370494982652
27.089149938190943
60.47782518069619
14.255408408018575
90.33597989707658
107.17833149394227
17.741236207216836
91.28846355698877
88.75818338519039
59.386895664890304
77.7740392951911
63.078165463432654
62.85950895088878
61.57093718209645
3.15045730810499
33.57952738345874
88.75059114190853
112.07745926108798
26.886369150070017
64.19657955147592
92.07911382286048
70.71011832684215
42.80411491198748
70.67967596037279
14.623068509049077
89.77731282588545
53.875901445746344
45.14557536200445
32.27937304542178
73.32180268734153
35.16768249998129
48.9293728604178
100.518220524427
21.79893880924893
84.93408216065654
61.56209879051769
98.22089167424659
41.62249404417074
13.826504856623515
83.07321255752879
103.96916602740538
25.00980842340165
5.21387602736678
76.91218021541201
100.9426296545291
103.18443530630262
51.88848879885438
85.63499267093269
8.957714856016388
120.58342366176593
58.69206654547643
103.09312675278267
43.80534664217073
76.49117598263385
59.231879662347765
60.30262390282275
99.89458979164488
61.23129304609091
49.91295938333583
103.8215082343971
16.41831804072087
86.67824470480173
39.97291027973079
95.07152165447901
33.881116005548996
56.31736713954301
92.32077699368662
61.616466624077674
62.350556571153
11.192469004879257
87.0829136014413
83.21970990817991
12.550751215105763
103.3519118976935
98.8799137519006
112.04561750500918
88.6812295266216
8.348767880936961
32.344184152279695
85.36069025801253
116.86527294244488
78.47592311810033
108.64953328559338
73.01057571347793
97.2247245259251
55.25748228945237
108.13676510307018
103.80026633698233
108.15383073851748
53.33733335422984
92.50701781727504
68.18448481175443
36.499670029325046
22.817815357571753
98.91111796268117
43.77290141638898
53.880568086202246
10.10751463355647
57.25604184239207
47.56830767903698
85.59773881878563
119.97184874186354
11.071849113230243
32.88642164678047
83.1215772893313
5.701124635756969
10.395146325640127
8.65347303079615
109.31316667730522
47.42147243592468
46.374580801028685
112.64860889194725
40.172515763975824
104.44409693881221
65.48242743385558
93.02259345734444
25.381593733368845
80.27340504974491
90.8223203614132
92.39778160826208
40.80750133185499
49.19147844011308
24.469291723710974
50.18144482421924
26.076670099826806
27.58142070469288
84.48990578225794
53.04241340383907
30.5716561077465
20.621371724964938
28.151878497455037
58.362785439665686
11.27285642080777
108.60688232505052
69.89957009245478
44.890730404895606
103.84912754790044
32.9583269625421
117.92947094760208
72.36386255072262
76.78679772092457
66.80112065035411
84.35537057951498
109.35090467599716
39.03918392729298
31.667616807894188
96.93529147161549
114.08921325413961
76.05844789032503
11.602557088155166
39.3785918670681
3.421284203909728
115.26830746890974
10.144661366594221
105.16946703736292
49.86493186400045
73.46421565369694
16.640066909220856
71.61957975767714
30.09055919101034
61.358377732774365
74.49884150953339
18.357099929524118
59.27782128473596
71.38996975896612
76.95479746458886
54.40809103333824
63.06927607047001
18.56593357471585
83.16218222786658
20.946962052544833
118.14509034914225
92.51916980131757
79.37529154079238
51.62850679555862
26.984383709615592
61.93646894902716
99.46663514135165
44.39451755008554
47.31938755902396
8.026076825234476
7.040376353022992
101.71046151567808
35.29606881954289
73.23688733382747
25.798636500107065
28.549545416245067
32.25746926403832
76.76231702887529
40.68071232897362
24.376489962893103
82.22506640040135
68.34751111623204
22.760945724588638
66.55919739118536
21.258581630846408
60.44792574670509
71.27055438300641
117.5084566267532
67.08237299317135
114.32506574024137
66.87867898502742
40.63690352126912
92.28464571994948
7.184890734364863
35.93587748980257
6.859136927640471
33.11514022863909
26.25441371463897
82.9584916692962
87.7050258411011
82.39143753384413
55.202307749649016
80.25389825762188
14.663332847005272
75.7618514168167
84.13315453608038
75.45819287897119
24.675262729563983
85.55062381216426
19.622178905906352
48.714538548788624
11.692757828261996
106.08794286810303
22.75340267949963
34.10646751729715
99.09892517910015
112.76313931163355
92.18249498826137
94.67478462993839
55.94976627333492
3.4736157103421803
14.591578785601044
12.1520642870653
59.714411573181344
96.81951546408786
90.08802506788098
91.0799852398997
68.58492014396637
27.1776694896557
84.29100295665403
89.92762475835264
52.78046367518432
30.485800153180154
34.06539568224393
37.31883916508448
10.689763267289045
102.8435108010617
80.20958843201669
66.763232222669
44.31965084652877
59.608795371544275
9.516346298170866
32.184469875023716
84.46128516971561
66.17909312555555
118.24110619453502
64.63205410078805
68.65569337650024
35.73646674502433
81.29573630382838
8.026057297614528
45.75473247205619
114.65728891844424
99.65808219895689
64.92674493707675
52.91432166488258
21.512646885532817
27.938345571308695
39.581357220252855
40.50601467379843
97.2515726761599
28.37020639574964
83.51667240999853
74.96601185293433
117.55366817609749
63.652687424912294
112.67198979865846
93.84624788532348
93.79855662453075
25.439806000141694
82.53409048446326
52.98763920119302
85.59990062222641
229.4250246358478
177.768209235441
203.223981927889
225.46156577327653
157.17055401707998
208.7618293054024
204.81048930125925
193.06540673970892
151.60945354249162
162.08236827664985
188.16607588414897
190.49659859096633
207.83602608342963
169.1339312438655
135.77760934020574
182.87163695427353
163.6799690409235
211.82597827580514
193.78935592883155
217.9887664656507
171.26737582138477
148.46667041288265
216.1173213836476
178.51482002211583
191.87646115112094
163.62084970703242
182.55725910112514
223.42342108538722
182.4769826814771
208.175494827978
174.65937965470363
147.3868394050237
189.58891168816785
201.68708292582164
229.38898190553675
181.05721883758125
180.4655708338107
219.48422993642362
127.59787288634017
142.24459519751096
138.61353721675533
196.41964359233745
209.06340636182276
143.584476874708
153.73871621862048
173.38192853421683
182.9175053754556
219.57662922769623
189.43876886424363
193.68189710938083
177.60175276248845
213.01497042851923
212.85813138375858
217.18745063785823
175.62250161025338
193.85115494354537
125.83543441687036
147.17932262407714
198.04351737543976
170.15152684846672
138.5738777771593
189.17002369264844
151.00077926749336
219.53045051688957
226.20464566705039
173.29860844201653
192.05296772094337
226.19294267600475
172.6861347840428
184.64957843195504
210.56330839859072
130.8805110066262
166.77257555964658
128.21451646445587
213.98248233846587
197.65958654601002
168.2691273857953
185.21220736301544
205.2229485096459
207.1153189829016
174.3307683233533
186.69305936722472
163.97187187951394
126.12687337285126
186.86104215499518
138.85158627006456
211.61811492053732
216.8591303549436
211.45347409461138
196.83246875092465
179.41054003980437
178.65836849167448
215.05573870501817
193.9698491771457
193.93066249966313
199.9400125705523
153.43016484897618
143.0017353048164
164.2906449671279
227.17349742516691
209.2906676305443
221.82537625756092
168.66965675809976
147.86130214115354
165.02597990841014
222.73827384770345
190.16611320858595
201.58055538545304
141.00117834711432
180.1525148296801
207.21889426683538
220.1499141342821
165.53577369090522
177.77073643852768
190.070795653809
189.3588879650423
178.92750768155548
171.91282546041657
181.0567947968933
139.94121955654617
164.89840083319393
200.28475837487665
188.06592266065707
139.76347852198467
164.8082902311873
177.49454167862993
229.50965457893147
223.72387925741782
218.9891396556052
143.83936655938948
222.496157054798
164.60964100794575
184.55164235043574
140.6466054280305
155.33872576675554
177.95397371319612
218.2778979713573
149.01560838881625
154.84559711256907
145.9053967231304
225.34631921693904
194.13115230183632
143.46650397333298
173.55563087344441
217.93356834405404
125.9462981525117
166.134972364441
205.90614320318755
150.91495632039513
138.10702364442767
200.32085212669026
143.74664334832607
195.44084291608803
124.85043503375753
133.64069439756932
158.2600431871467
183.32540895251284
201.40527398551325
223.9617168682911
166.43059826004978
209.97196575018086
169.8368057179529
226.90203527974688
139.26484768525125
142.96795438151565
154.6121888127368
129.28042978910398
184.09099277656935
128.0246658148668
212.39942376498135
125.53889210081907
173.18380823295544
180.55772668702366
217.0900020688436
185.0628137732844
202.75861229133955
151.94604960758454
140.58158838073078
140.13276022805397
159.61588228412532
220.94944781245985
157.09757577364988
217.6055875271986
136.7582871248891
166.32678904783134
143.52929938713783
151.9768023531494
194.17489531240432
131.71118542525292
147.29731470176907
138.1599341694802
190.90125775212587
180.4042351786558
183.04567365429992
128.1002626377715
213.78595337590627
166.11516147406667
132.44372466520238
138.99787295534384
149.86043070313193
186.87476466329366
220.2673179553202
148.25920924261996
197.51722377402143
202.8221205444428
209.97039145464692
215.08399826969287
185.57162566857943
199.8764138199253
202.66530374385403
199.48318084195063
132.37154647733053
214.34199511121147
165.2360770017855
174.38560916661953
162.87911229448602
133.18232209586836
197.09363149761575
177.9658367074714
206.50895683434572
131.53782015738534
167.29337925434058
218.52955603673112
124.62671662018313
140.31283183402775
183.91406513097937
142.42212467039312
202.07181408605365
205.93239959216845
216.82918410728587
163.33996243059295
184.56254394170674
195.5485486195769
204.5461718543715
170.5302447654457
158.91311000192644
158.03874429395512
121.9605285028525
153.83988567597788
149.01907269348746
206.5692251830327
195.71683770830694
213.85561100198038
164.08744661240408
175.36991842304687
180.80860069941687
220.4334194770067
194.96490444183118
183.02232483269222
163.82738757836307
181.14075108072544
167.89320664431935
216.9931030306139
155.3187307622641
207.0397962327279
215.96780759844847
178.60073486551124
201.97380817798575
143.24412736709132
164.82497869125334
158.15767057839537
227.07453678383462
180.05157742074988
142.67261843284695
163.9006082910481
174.0697907822969
129.32261675649394
155.6689784642505
208.5701641841758
189.56927403077793
212.55156428387872
216.97696213482018
161.47699892819554
196.55270673713787
138.7941023632623
137.41932411541208
136.78693498457085
192.58285284975008
183.28308837740983
125.2283377978261
226.81558812262853
164.39107222687275
216.08688854019158
147.1723949945898
201.80047931681042
145.4362922773775
177.134360458811
227.52924415045413
216.73109201432464
187.504238312321
179.60283031520174
147.00305984583898
163.94056305247855
167.4394616030407
214.43073394151378
183.20584608956628
176.39348012026
192.52950766404498
134.15409772110638
220.2611970662689
204.84839796778041
167.11564087530235
123.13738488247151
146.69325732911432
124.94116818465433
157.3153557930529
167.10731830793696
162.4642826025684
205.88689239000308
173.54915027553383
213.01657113078556
153.91476411566768
176.90153545734216
203.40744280326797
191.658572209281
151.8456630091481
200.41807435179848
147.7174756275307
157.78870693966152
195.70983008542646
129.32769735110915
170.2127826360583
139.64253658228785
193.4709690961085
191.97357568612372
173.02581251051654
143.893666187538
201.76915562298132
131.48875540993572
140.5054642727103
164.34477292170973
186.06734094804494
191.22888485413065
155.19392486487783
204.41060493247826
217.9013057538678
157.93696501633065
208.90657763914214
216.6671012557571
200.81415166476242
150.7895526801563
146.07267932314682
186.24773840425905
220.24690879026778
203.50341292898477
141.546311333194
157.33981125854461
197.750873606734
170.40703645291276
156.13026427257924
220.30194300077903
155.24226994665216
180.33310547051698
209.05415997489024
131.63856964247861
203.62364691106268
137.65284438807672
181.98440076357053
169.1472140612999
174.53456473052557
124.79335710329104
152.1586623757311
177.29680546327592
197.1189174735673
167.7153842917442
202.491621813453
179.40301614022786
213.90057558717692
142.3861515910661
135.94360798594212
217.38908856371268
160.53308877903115
154.87331651116676
209.6449832340565
150.31820564651395
204.48052386486262
228.1475213893296
138.9519090583174
202.58248417517441
169.4977282102975
191.22335889109223
155.1230049155559
176.9262265833082
133.17256938625079
136.59682095044545
187.79129868233713
211.74451989665187
138.61094410423323
224.67445592588268
158.45176030008858
189.01527551092508
197.00970413195043
166.74829146678078
179.53725022115574
143.99315723086454
182.78763547781514
197.80286866459306
210.39686751275494
185.61225037799855
194.35071924672343
158.5180854252437
214.37350723573775
159.65226360232498
181.89581311386684
156.80165321454194
225.2997958593332
151.22998583670415
172.2312608072801
197.9765921650271
165.07447037625522
188.9109980879443
219.8938251370302
185.91193132081867
200.39005419936998
140.97653417443038
151.4265608902233
185.9186150006728
223.84466041839374
126.2485831696674
139.57223368709148
218.89446699999155
175.9914569468244
200.03914797381648
166.03311069314782
201.4095995839698
208.16553531789464
215.52720121282567
159.822763322048
178.0899637595894
198.7296057554395
128.37006172075115
197.59429582759245
213.37194926515235
213.5931664798093
205.71141884668066
159.5029870680317
144.7426493501136
214.6711637722273
147.76554648635192
130.400164858215
229.74107248224738
193.69487679120087
201.51857785779518
188.7667461447609
210.62515398207591
134.99462359531276
200.24312392360073
219.39086414113012
163.6490064037333
195.3306967992604
142.97764895866086
143.8426078341697
215.94092749119764
177.7142442594125
192.64701242839087
176.7248452177641
173.468490702858
176.68345839777993
169.80250823586243
197.56893978676922
225.4500638058342
200.49288076941218
172.9344880244715
159.37872490329073
219.48253356046934
183.93326887042204
229.20126149865246
168.55948773343644
154.3722041376555
165.98033841749452
163.5124731212594
152.73332779786418
159.90618272865828
197.42965490950627
182.42181531553558
143.44232529428857
165.23560432024354
147.57254293905717
154.255066728622
211.68762594864398
122.19974148170544
143.45712349773675
159.45513075237963
146.65942354054573
206.84462957973744
189.50173957552963
133.0242218825583
137.3954310376058
165.5603596777707
133.35927824747478
177.7189344422165
208.00344326311256
220.28360812442926
173.66007487367185
211.93257936681897
155.50106890277326
176.8602767946957
168.16832976406874
136.97693761603298
159.95314946156464
185.3468437116417
152.9174582376948
123.42985155226017
160.42899001638887
213.07481993707015
169.10011793793913
150.22405675005143
141.42911693934911
210.13206517173302
167.29503649924044
182.12440181954375
167.0874790475002
217.60737065641752
190.55421170602045
212.73160353795922
188.99271786649285
187.8514440521086
133.9098673208162
130.7821422741614
130.65737051717807
127.39630218723524
201.88267722840945
199.39840371310513
205.77317564237362
152.02600502816992
172.42210455965676
198.63817589535162
212.0379194778242
186.87235698055912
179.77290564121515
195.27677018472946
158.93037005364152
124.44431052697493
159.71190058093703
171.42681966485014
191.5368141194939
196.86345015446486
209.56758005510625
179.3430348983398
155.61183895812408
218.14254702899677
160.67876793765993
196.46466371947383
185.1543350801314
176.45800877148162
135.79771499989027
188.3384235998235
189.91393244367026
216.00356707297726
222.49901540050007
189.79977617209119
147.86269633955203
159.4126955807331
160.74798143223668
124.64048972871524
175.48970869437312
210.15651906763668
182.06562321569496
193.04496930800175
129.43927468741998
215.65000141117423
197.31966598517963
205.86813134197598
220.03050471936888
191.41801188121912
187.16260226736776
184.57482044385725
126.54754495520976
129.76448673019252
166.9731226231989
147.90611037560305
194.3358497947272
145.53772533260786
157.56523179305142
160.889484204237
202.06869086851026
228.2596151003935
170.61319371503512
186.76307600018578
197.04384322302053
153.87537562119815
132.34063876563093
188.99349382254033
188.02665159045395
164.34276115193208
126.05821353208196
185.03626457656821
167.4615260797264
164.29828725695089
200.5380093332482
167.8578653830604
148.44492451414746
175.35861270979797
155.80681130356012
125.57537345935005
172.42417123816034
199.65362972306272
197.49985075287603
212.61103016065314
154.12061541590091
187.26186359586575
175.30577005460484
173.11034505218618
166.5536624027593
217.25112674247802
177.39681562270513
183.8037510986129
220.41855362084397
201.54053241266058
196.62585570039812
136.6369993924182
158.6487916665704
187.8389462489808
183.293436084964
212.8231883635017
190.32511987900284
218.06541712928134
196.68905483942208
197.0213835297701
178.08853428697955
168.9851763879162
161.61292510465162
163.0003291555538
141.23353104989903
138.96681772889528
187.59908268644423
137.51781129634287
187.0847298715438
185.17770428768856
176.16553720386196
153.23554869435446
175.33649133604155
155.09196844386432
199.14797993170038
176.14331548295365
133.13798932833544
137.99138234969416
152.5664170615909
177.09850145755064
167.0749027942386
210.43762249612948
154.0110588374625
123.388352711881
131.62548821163503
187.6563770397591
138.45981329625795
155.05481463350412
160.25876539982784
151.48354829608917
152.5185462978223
124.37494797739089
211.79281821322098
126.04779090114343
122.18402925815053
162.65406780306498
162.64750493241948
183.1696625588974
226.91414983979905
142.2959671982436
121.15784534968594
179.77154229737062
150.2323260721497
170.8042061340156
213.64474967561102
126.72168543520912
204.6806001867373
186.3155484834507
161.98261404943227
213.53192771906058
156.50327888333072
130.13461749098846
167.3468071779992
223.48076620715733
133.83965231354622
214.6659772931673
219.53900656481477
202.5336256868095
211.05015399012862
207.3389413870309
160.20162069791488
194.45436504547854
162.25904048828718
135.3113368347437
169.63736761396723
228.2029335723245
171.65724680192253
185.00920257959274
181.59981928222487
163.1226929541018
184.4920379591721
192.37998159465684
141.86258912341822
132.29092987963145
140.62068855852127
163.64494192304656
224.72644353800513
137.33106598311082
175.79871904360323
133.10190257434687
192.93521508158238
201.7741525726036
133.8467996769987
179.94902287035342
180.61362842606604
137.44650284898574
206.3902292700275
152.62601105045098
135.2739663165417
163.2626447016829
158.07453351168087
180.24959212831826
186.25987040178336
144.37051301868735
185.78455515517012
218.71485384734927
167.44728817449962
180.91373638112728
219.11082481290077
176.23071613517092
176.81224552043122
132.26665925876404
195.10270449037893
229.5692522968093
185.11267014893096
205.09185382591798
227.34094414090657
180.27682037804547
197.24249393370306
185.16471344765014
132.77364395781726
211.16196935912012
218.52293494743736
157.99614134313407
199.03382777128888
166.64251046308155
137.9180248634055
177.95384729991153
169.24785495623726
197.8759262182469
207.4241306617845
165.35146184893117
145.00301042015354
198.0093737194537
187.414744799304
194.13788033806844
207.14199899382885
121.54232381559314
190.39988239304475
175.96479213630914
193.323261766798
223.94730946056913
189.5643331473758
214.5691513762402
186.1273856191229
168.9832469468339
170.8585038749698
198.7598938641131
194.6009488048272
198.65933089850105
213.92575632855613
140.6701452726152
209.55795824778613
157.40264048379026
182.83625426322874
224.80116951485746
171.28536647531615
149.02217110216353
188.43784644467559
163.73621960588844
173.28296977072804
171.14848642036526
197.94827119047702
179.16163954800135
204.91483259568292
197.96120865475385
146.32562131190014
173.74107592194244
223.48073157703965
182.31896875588234
170.95443905878867
170.42267650898435
133.35170960045167
178.53847442181353
148.14526425222184
175.48624158064268
155.2552845935162
218.5555170459017
197.17904421474717
219.59241954433614
199.0066176625766
146.24845799002745
138.61543229853376
130.06114414731624
216.01196000535109
145.22614607017437
178.49547412145452
207.42005182503152
146.87920621063708
219.16453301295664
143.1243698898055
214.534514771541
127.12805704555285
207.42643504542974
139.1002869313125
129.86999228958348
128.30114218870574
224.268637499552
170.08599231954355
218.35230730972467
217.59356394972087
173.41896445399752
126.86779972255148
218.33948435298038
222.66325072137792
210.35520737506602
157.14082387014116
197.2300218983379
229.7134113058712
180.1764040086629
161.50207058445545
137.9810607671285
121.38468722426263
121.8217274635379
228.4608388238293
209.99789133321656
159.5831948283003
183.04717402323053
172.04333163716956
189.7111678459218
149.06648240905258
213.69721526934256
172.02670182447255
205.24728937961726
175.34265470397546
222.53459238134235
206.12683182985913
185.87406412394304
172.8153528729168
198.48752975366443
145.13820922767417
198.60308544621032
162.24838480013187
183.26619204869917
184.23761479017165
190.60955308884658
203.3409013670034
189.41381739730252
219.19965114282576
198.76770731179195
185.295704681683
183.1942925148223
189.30896753724215
180.77614000702738
166.49932961705375
134.3684581256456
209.43045177620297
210.54884971598426
210.49879285129128
132.8663221760323
125.09103093304225
174.87258025696352
168.4959936745852
181.6275954855919
191.50731127234823
153.45110502263563
182.5566608029391
187.4404213568393
123.6515192631045
200.51759167074368
168.40325330689942
226.1134330643194
175.57147458287335
175.3831048323581
134.32154023421705
217.18525119910225
223.68164570334065
127.16205500554588
163.17168413149457
156.56777411241944
169.89439885212224
218.5959714422105
203.43914522699393
193.77692826870535
166.47641993078585
130.81864681760834
208.50893374343744
155.62739917355313
170.7942699996553
172.39525816179707
173.72672809274917
212.21888755753068
218.37879468393126
167.1371247948571
224.51864769510132
158.54244289878545
195.47838434083212
208.98894194758554
196.8979462410689
184.9981788943915
146.09810785669833
177.04273745464315
122.1805027742797
198.09013928649065
172.6965118507531
134.68027069994844
181.08796520202696
188.10042308212178
170.71648760040375
226.8959001225516
219.62608576724588
130.41686731545582
155.04707516243684
215.26487120801585
187.6103591863245
167.49818222197624
223.25557684065893
170.6876845899529
201.19734516020475
181.7974826212422
144.92239894313315
192.95252972444194
170.07421134547496
180.82264370764793
216.08523750019125
198.0091757059717
158.02241618904645
193.56029194926953
171.69718421897835
228.7571904419313
212.9592005029518
218.3759187722091
179.9515817442683
195.3918860109563
122.45065803077759
156.040714965795
218.69019319303126
143.98112229267898
225.67906142383532
154.07016190026033
204.6553013166479
121.52642572169819
225.86106938196454
177.5760878211631
193.87682696440206
165.06805882521795
211.6015452669234
188.4388407710377
164.30285831849883
145.90530127617205
190.25276424577612
160.83468113073428
214.09277538237424
158.45282656844287
157.51752273707103
204.43549120324676
157.9447451298153
193.03293015259632
192.69011488418326
168.86163865203648
146.31386219500973
151.98747697956236
192.62963192363463
164.7962214799617
205.18245514408764
138.99934296909262
209.07762548392932
159.52893569680714
214.66603401381298
186.03304228270045
229.6307433782884
169.9683714005105
205.7042432493007
220.0337077439344
124.58496843700456
130.01498043831396
190.79811663821667
176.37267434539186
157.07771606160148
157.50786473940389
169.25522977266695
128.7223103597961
167.87993524662193
162.76305539880016
147.01816441714087
201.67044515937448
219.3297574439271
141.5261857508634
216.48574711096404
144.75646956269992
229.34151688960992
222.48899676473582
123.14657409262364
125.02324856867307
182.72401895467468
201.03541438312888
195.78077556037988
177.92079277762267
177.51274783389457
184.97640325806006
176.0410152875541
181.17263902821534
202.83990427419724
184.43556916024392
149.1693880399563
141.30542881884983
217.36929778669995
174.59613640463002
168.73023973720328
220.36448827993632
148.68566202933695
150.5149702185766
194.58760155794727
187.46046798427022
130.92191916523126
150.03347731792996
133.7201867173692
144.27435335901433
149.20385066258783
229.6219129230738
225.7599556374578
218.905550186396
143.88315885537298
128.66211598125966
180.05367806737894
204.73645878071497
212.52396808307185
126.21500928502024
214.67058980183882
192.34046873351713
215.41670595488222
149.8599714983423
132.39734579253397
126.4743965583644
145.66754284118483
180.7044994078681
135.67851532161762
142.55972178415988
129.8848402327618
197.3110953470086
201.42639044640856
181.43981267305858
223.43691295646124
188.32316183786892
162.3027483660436
190.72546703842423
187.83817977720224
225.30758487733857
176.93274401540904
127.57800655420536
182.75405182444973
144.5158906061375
205.34937427084313
178.23699061744023
142.19567558433437
179.3789396728347
132.16663746029053
204.79116557445928
132.02533016023943
204.88150222289946
143.02192245019467
162.278174342526
152.19294802082555
167.35285313958335
208.62449333050498
186.43116355135865
227.5538501198186
132.2000971627791
136.90434291813125
196.91830414474842
155.87668191367084
123.3710827721409
155.34483901963816
145.0529614689911
188.49843576620788
158.57741400324556
184.52516885378944
154.63825811528335
170.11644303335297
162.81132952169799
138.24936237132118
158.7268809553392
225.86856741781585
139.65544405316882
228.3870592165438
203.13676919170808
139.41692660387602
173.8295631140315
206.37372874522768
191.12841230993763
144.64882009367113
144.8316960313236
151.89548145776914
182.8945350444235
203.098131626452
158.85999381438384
187.69444440277664
167.55403396508868
135.0444185199166
216.92239376634
184.5285728572964
224.78898028872632
220.27606560598065
214.51038002270346
213.4879828454035
182.50060410380962
208.40270559887367
147.19755940103633
201.32272811261203
141.261054777578
214.3220014853631
172.6245010465756
194.4834813677597
179.95631211243474
130.47423007966384
127.11887418930226
147.691202702842
199.87469137329606
192.99584213677088
163.84968884841498
181.89682885981316
172.16745179813586
156.4145328962412
195.34703670891702
150.83388945009932
186.57338933898717
173.92622571298688
190.34994557508517
226.67402712673928
135.8800549468229
147.06137234315216
159.22624276006127
162.7154628742363
161.1490208710996
216.48618013769027
203.13260686562404
224.88755629381149
129.31977760129988
145.69143108870247
185.50373253983793
206.85027983989661
177.62234630482124
146.5788439011193
182.04422161796478
135.56591870804948
199.4009225409153
173.9851939308299
173.9165627369406
184.6033368762206
161.17036191856428
183.0430148651197
123.72324858171046
132.86319232235917
208.66563299772147
211.37475274109826
199.52951595179997
159.92463546713208
165.1485706914067
125.05101727419634
277.4570135439376
243.40681916780207
317.97416195200685
267.84989665477565
328.7351874011939
246.91100798754272
261.18949898470447
329.92735164734296
267.94934606364393
297.0869687967569
245.49813471274416
297.80321831822914
245.77650694253109
298.1263260511107
314.2844336294437
265.9804862719592
237.38625738165277
266.277703460386
319.83473102630717
262.844074676475
236.3578486701715
275.92698928667295
267.5110649674949
257.9811159685699
309.0866889418876
265.44706101948793
295.86006331551755
263.8512229659354
278.8583933310171
253.48575163310716
313.2975052828108
324.4350966216336
275.8349817436247
278.7442066740793
270.9455395851875
267.30240760175013
309.98335474611946
322.85973178217483
292.0882232029134
326.09570205801697
238.24794006326357
258.2243855945101
324.96068334577114
256.12373386173704
245.80198335027237
311.4738819528829
283.79689133887763
242.80501433432246
256.8310546430706
298.23101360580637
260.60810914850657
236.43682084340975
281.55627380278037
248.46847657029286
284.5354238138603
295.373845848751
319.18971116342226
319.99677157268263
272.1607301667377
281.76227402938275
238.6588196432545
256.0686123711357
311.2110574550932
318.57282166269613
309.8544679605374
303.845084435492
236.07704917268362
314.5925858932807
302.3286161458007
256.96069387228545
252.34925828981022
250.53767940928532
297.1599388211666
242.18363140905365
323.4436675455379
264.4367648051685
324.3319294758005
230.70839927896802
298.41400701205333
328.4273343271304
325.860691920893
239.6948801731436
242.2607489062691
235.22286449358973
326.6572112148882
230.12076891217728
306.1403233711696
250.24096467597232
262.4615798257404
313.83371570352097
293.1076546325147
301.3585301447644
250.55534619446235
259.8836733041487
261.38078056342744
275.98174050222144
231.46904312878607
275.8355528388931
293.0154483041058
271.9781484373225
276.656116386479
249.22196120711305
265.64612503613563
270.67354041683535
262.51493967470674
282.6019107295204
276.57010026023227
306.34520364478067
273.2408553736621
277.4632331256034
234.25736600335537
232.25938812929806
264.2767147316857
274.4366738900605
280.0649092658114
248.64547349576296
314.13541326861724
264.81943693847336
255.48949509337734
257.9936089788014
249.25749531660057
247.64676672084755
273.4963146308689
234.83015984693492
239.3594317399377
280.5577166723028
234.70646678070182
289.7108975808826
279.9396734555663
243.94028802892856
275.0607501595766
251.9498065714591
275.5560810149861
303.40016335289954
283.3684284871362
256.1954121783166
255.46237685048237
268.44215851776374
290.70989704057644
281.50545813833565
283.07884850871653
262.95357811717304
254.71122039975387
235.00506245420559
276.7680401263301
308.17433244736577
323.4182711683361
237.17420702599077
312.2105333462606
320.70040379884756
308.54360635593497
288.782087637362
271.1697343893135
267.5110227178431
275.2789863198821
275.82578817973473
253.96726034851613
296.5984272585473
293.25815533727507
277.1067205561011
260.3881593355171
321.2167700544875
304.2460241472842
307.26260144434366
303.03303802166755
296.8615529055213
297.01868030241684
286.9769784210061
231.59810993680418
291.029780141411
319.25587811276006
235.40763629908037
295.4151041946642
243.59555054196056
257.1742041354173
259.5938325820012
283.19565336520054
287.4306614348034
285.1986304025309
322.45802015854923
276.39515923334125
310.19764775369407
231.14564164222972
256.1369327052673
250.8784214432857
272.21956212825876
317.3590084184451
286.928725566186
287.2336514316407
260.77259749419346
311.59910867674614
280.397981748096
277.0158230645612
290.65799149976147
258.18978424954105
278.7317456265781
234.59163356776503
301.9086763960699
251.81347611756973
245.78310877744434
314.10763405805676
272.2478374511808
291.388715597006
253.42125680333714
298.6667702812166
326.7332882983841
255.80460153086395
295.6326211033418
317.13349368126165
280.62306697189695
288.95228164981734
323.89917488375977
311.2759629352903
230.563905168809
282.83100950199537
266.8528934760568
312.6285395667518
250.95871905125114
267.72153004320455
308.3784783450597
311.84400426787795
262.34971245968535
232.7163666783558
232.07703532933527
305.2976200008572
285.9669611276762
239.43922975421833
303.38327753892725
296.88636693966504
312.20962424149303
296.3604246883293
296.7269649536808
253.42906549210454
233.64759797971163
295.2704205909906
327.2846578906643
255.52280541826383
259.1627920862333
283.09126324861256
291.82018213260494
277.36103070959666
315.316008742607
273.31001908067304
245.4001675066946
246.69620413935823
259.23041793535447
251.15756251580925
320.6340977350377
270.9146305820661
256.6903669391271
291.52844705965515
276.3975366913363
320.66472356057415
254.0706066505438
259.2215826497914
286.22962198675214
281.3276355689841
294.5992763233862
330.80628536949644
287.0541383372205
230.64652001251713
243.5695942246493
327.99159251710586
279.41249407579767
323.620930570086
253.64887857379514
232.88145328017805
271.6926021255222
236.93205706763928
322.5482720597115
255.9837403932909
263.2344270055112
274.6936223692161
287.25629163641395
282.9008368797562
273.47231527133204
233.1240129643732
282.7330252641466
278.13023008509066
234.86527147027525
233.60252536438838
267.5987852510756
244.81914980666363
281.63086804592956
264.03150979978005
279.60114736964243
329.01095048452817
298.86126042636937
282.5083147334539
315.3101778840935
321.6411462375056
244.16310655237405
247.13267204458538
238.74092056908663
302.7406844208001
309.4359513173922
243.34463014536914
311.75138444842884
314.59410519842356
262.24124522465564
319.71979664055317
290.27094048668647
318.62070076282527
257.33344877580913
303.86641515509484
296.0771944005824
241.40886983681207
314.354969332013
316.30438854978644
264.9647616001045
277.4794222288629
257.9033295137418
247.05419326987527
272.29493931043174
272.94943333762154
288.3933765133455
253.7648381555499
318.87100274738833
328.7670898830802
276.7335514178063
290.94298580290973
316.4706932111448
237.8651710579655
273.75244769471345
242.9667002413587
305.4203497109354
293.0939486022973
308.58398960541024
276.7690207407966
244.04859186158035
312.2417288655292
262.0205848102673
316.28668674937694
230.63214068170615
307.7866565019163
254.45962571681113
277.2953577366807
306.134169008438
265.07910367633315
324.2307066188956
281.4996600535186
273.0781022227836
273.9216362649203
311.72593696476457
310.26020744842344
254.14028971894305
280.71373927477623
302.7690528633053
263.9129635451583
265.1497085070628
273.2706361256941
254.7009356079747
328.98054523326465
251.72523795816227
322.4968500198557
250.9257122093788
299.61562511104233
249.34661284840925
256.36666298045304
256.02602987666063
262.2402860892334
264.0776998563262
242.83265765786845
329.9908349396654
286.483312351079
261.0751386382449
309.7923582686169
264.85248448445896
325.9489703523831
268.5776848051191
323.1815564287158
296.51556181213186
238.4427735309497
264.79521101217034
266.2200428124956
313.72127443590017
287.69206439996657
298.3151184799848
266.4960440623137
322.9000617693409
248.62851759332332
301.13419951712586
308.67387811958173
301.44868263004855
293.66510195868443
272.6015825245381
314.58716441764074
248.50357714137488
281.9837176342601
242.38146006881857
279.86442115907903
312.74938685072186
304.7932160215801
303.7455141289352
245.4241749514757
239.61329575780832
325.65357117153076
260.77121334341393
272.6161936778629
288.7399854159694
241.05627271605263
247.09169086000622
251.7770566880098
275.1986784407777
323.54419624785754
308.9619653971829
285.22058712970903
277.2523117361708
321.49006296884767
325.8313293601958
295.4601116810033
281.40872029073756
312.7785276100883
308.0763079188124
317.22057398483537
317.62042342391356
235.48385144455852
251.23023927969405
278.4609888646936
277.9152790174404
284.2320785638536
247.76423416322393
310.05118026476003
283.02981732862696
315.7352667878078
243.6194963608359
318.70891443831204
247.00005164456772
275.2743164140327
250.14373499395091
268.21464822952413
306.5021436410568
322.5020473222522
294.7193252202849
330.3055512447524
258.0272340397757
280.76174408485235
291.38398427438824
321.0363364565473
254.725737180219
316.81291219043817
258.339803583875
321.33064286784787
287.07089223486486
235.55104092377172
300.39055419142994
294.02749237840135
263.5945410348789
302.74070508315657
307.64724192151846
295.70493593287534
274.6354865459254
244.39148827076934
268.8359762669031
245.56008072030176
264.62012806624125
299.27458378330175
277.2911261665478
318.89041963497004
299.87179664483205
250.17895789230943
283.8366763298089
302.7930679839255
297.8309444767898
282.17403719762575
312.3962382311703
291.2179492038215
281.56893972168126
230.04867569123329
270.0264869737957
247.77313269446688
259.27309852918637
246.3685989618699
280.6645200740766
231.21550235073389
320.4704704285223
275.5676819487081
306.5144045128645
287.0729642444971
231.7810464449296
300.953824019682
286.70132271979315
271.9486597850663
256.3336236796546
325.5717767281853
299.9160450008513
325.67038546819913
248.29307780996123
257.0085864512842
304.5067152505114
287.48096984408267
308.2046781261201
315.67686861294976
244.60536654824125
250.01988144718746
318.80540294000275
283.2288580660697
274.8254010955668
330.58148588021174
317.84449895199623
284.04016005629796
286.159646378313
255.671613884084
273.8925171996759
295.6558234619894
277.59485630181825
309.632844913489
287.22696011598117
278.9112796927048
293.5113976150762
294.15515980591414
285.553964808787
243.80458677698397
252.8966908227361
320.7594908629127
284.3831499212077
259.5145229991598
296.9437082754064
324.81799414187026
285.9675411360472
254.05118333648616
239.25377489045695
272.5762805479392
243.5629901928282
262.67137014317393
305.23196204297716
268.1732231588785
260.817581798018
300.3072944308524
290.86685108659583
253.90416417711342
270.83119970117497
305.55006913462427
294.1238923205976
286.501912060287
239.55843511186657
247.3474624126011
301.1139814042424
271.94943725816427
256.92751765241576
293.646281126747
256.80280971703047
233.75066466263326
288.2934297447315
261.3504852065133
290.1029508002642
322.9001080630674
272.48276824250866
262.12290760574257
255.5182738021566
325.5495757809544
242.93401408463433
276.2396941158932
238.10982498046022
324.94929462780107
260.83029791169724
307.91086880929805
317.7361284968688
244.92360124337984
325.5724558944502
250.34279710821187
250.55841824591369
230.46635690501915
300.1609819153059
325.90485666771843
255.0774583994339
260.92564664954824
262.13400358702654
290.53947605662654
240.6513492118878
254.55843523432287
287.38716102231723
249.52824844629083
265.12328281904826
309.998274284101
287.77307976156806
288.09269844260433
280.31737277442153
261.05702009973004
