26.286438312754967
18.9916736034453
20.395804704302613
28.235095564947173
46.88080020740108
36.80083982347682
31.193630426749195
42.41349112958967
56.43402430000181
36.05202063560144
36.75541720634875
52.49243317179261
58.988207778134964
25.620833185421773
42.00488983677732
3.1509274010637114
7.377223578466392
26.34023970162565
16.358126138923943
10.353775105023566
34.60809211803167
60.75335313461368
23.579594163954525
31.728542335729912
59.639548931430554
3.640290976660527
23.25411006597173
5.771610688758919
7.879417539902814
5.170327525303346
40.396852884831034
58.923771948414384
46.56663249310292
61.373942364640136
34.58935174272386
25.72367015483028
53.85412688376985
42.2033688626921
46.466294604876104
4.5462977202930475
60.85337229954034
31.702425325591005
32.42257253006589
46.408321039522534
43.331135100302696
49.18855417571008
51.4548979974901
24.878973347869362
34.260970923680674
27.531412460312794
62.37383065375031
32.64060937804464
16.9969162200585
12.48997082888695
60.56820238661024
53.75507698151191
13.536350144938389
11.760040150341062
51.45626438222442
36.625950810093606
55.85552085478584
6.305382067742929
117.11896723853023
103.97903622477087
101.32724135199496
89.12976650059399
80.190197641623
134.48662140625825
148.03998336999734
117.85165807510411
113.48667319500125
78.10263154557133
70.26827520406641
146.1412657138059
66.44421064825399
126.3971273393442
128.25545246372704
101.39392414478156
108.46763733145697
83.75107165327904
80.07570724225499
84.6498606853138
154.30361920237337
99.24484468225954
75.8911574481287
112.48363121097631
119.62844640904677
132.59362342136666
106.23347636105511
109.17965467791744
153.87457700550027
83.65752484915458
126.65992856790506
92.84685453165912
84.51150881202966
143.83775999739441
112.89180446359299
137.4118427834934
92.87563831045496
106.02160170619334
127.14750482470262
86.49628865112423
145.92496714529835
116.64309163439327
69.4506565164562
141.6565064310125
89.95706381940558
77.79656569087628
71.26136941446399
129.63831084367382
146.6422383788463
121.76575867559119
110.07105269059467
87.49388644200819
96.98862567132099
90.1400577205873
87.9802561731907
126.12422838539555
130.5797727975567
96.25954294939636
69.79346479024832
85.18272373041322
119.10711009665218
74.73343451145227
202.51075102201594
295.37185268798584
300.85220197766637
281.22346160924985
228.04420266199884
253.86374385907354
236.04923887802147
236.77593360534206
260.9496077789886
218.14911156345488
218.59996361719985
287.52190603510195
264.89723854163486
182.67931465346413
210.24435575695162
199.54537219474983
176.45367919321242
288.0532554893574
260.65836819012986
302.41938108387797
304.29892364811207
218.76731178555366
251.42795597473543
232.06833612345366
276.36871649375644
202.8926778718633
205.33651369880045
225.77776359758826
216.3050049135597
262.0657169186325
290.47384866994497
238.3446301552613
199.72147207856716
237.12940724681891
271.1086459076595
277.6621853315287
277.38304981131694
245.78210675378273
248.90925340585045
249.37750972622726
276.6015857468741
182.61324838141752
285.10803584538047
188.32874945993322
252.3619659702612
254.63903387194534
262.56380788489827
239.9244514212129
279.4499253531623
195.48163619195418
180.13245109121019
238.19392568491716
235.17272974430395
304.04257920764957
248.13856493176155
305.3124964283106
190.87930991190552
286.0770727923557
211.41911432028334
236.18220080350957
178.95359355209257
294.8248344749468
60.588854541015934
56.32858165441259
108.29733431314455
41.4673426010107
83.67892775184781
104.5835001975982
89.45465416105242
76.76285491038436
5.876485721160947
110.01571831845212
31.84694647671119
80.43983638090496
27.52957241642855
38.30741962351577
92.6937531253215
90.18326037985511
45.67626652435921
29.357956134982224
86.25173798531955
54.14795812495771
62.25507195155919
57.12579628295684
43.119393101920636
20.442291000003948
122.00680639785931
41.836443761959956
36.094354718092475
6.185745673310507
114.75917484453807
86.66667288161108
114.89444459124857
28.197613834550772
34.299218437663534
21.161635351959646
35.03899019906788
52.40086359341255
78.52366106873993
87.46907210380363
57.12628486710537
66.74515468010632
30.80690770828626
37.09266175560921
75.28435747236462
43.361014327492704
56.89872306288987
118.12014199854328
48.45232424394702
98.9954773336878
82.34353677041233
60.24610000976192
75.13417569019755
85.94086901088136
91.24314226383096
50.90841621959012
94.78931282377411
39.295699464949216
16.517023499602665
104.4046126463711
39.66155023633527
31.54670568166142
85.65749775087032
39.83820762375386
67.95086462717948
37.499764022476775
13.29904674886275
95.16407860294504
114.51538224163708
60.57052039869232
62.52993309213393
93.31533525965341
53.310070356676164
100.41384958952311
37.06017541082976
55.61212982107827
93.03688248649193
76.96533229264061
30.81805122692748
120.3394265455754
46.976382279293034
121.6560598688729
87.45253323875154
38.75132172030019
76.83380677217488
22.823553375524504
70.53789274058
121.5712507271546
113.5128704408627
6.99834802694815
77.68566018322312
10.326617664557965
79.77339230070504
16.379685430597412
50.63149277031095
77.50253450855352
29.44138297243508
50.453380619389456
83.688716504284
33.6280528519591
20.561416626579216
69.9370776066679
56.96975735632838
25.74750839088894
20.934634116338877
78.6790971815617
108.79363471580149
75.18056753636543
121.80512080019781
95.36340089700256
95.3654089317945
34.187818949692264
101.76752114278449
32.41720494628591
101.68477767273498
113.33383658016383
93.47959211181742
38.69357561009666
22.699279453794226
87.81945946109612
100.79721140883265
11.186191893847607
39.230012531945334
47.403762987253536
13.605867201152222
99.1729241551281
30.739957454451897
17.969196039655913
111.25392340974052
110.57106192183991
112.03014489961822
114.75309851939546
35.981888108142115
33.10819434407968
80.75618528316015
101.34318283740271
82.69490708352569
54.89201081054721
12.062321377351005
30.24908527782579
100.57768278313877
30.81535655503921
45.71120151868962
55.53332723113
71.76917675731845
14.60387152345372
82.23852373528678
67.97612027545615
28.442755812280808
107.64498913180037
38.35013191408331
71.39646137013179
92.23276389645642
78.79615204870441
26.124014095990972
34.28380390163023
33.7512315419756
8.998766012209956
70.83234328479735
82.4654914242301
21.481384053294242
80.34059187413452
98.54702721920881
40.26364614758803
10.79776927196528
24.745779467839824
27.35213699523048
106.55732865498962
42.29880614547942
121.56045860210159
79.8269594627426
50.820799130149446
18.63815582923892
98.79498473922283
42.35072783977294
84.67338395439432
20.72482342905964
18.05951121312905
38.584539806954
42.524253416760374
83.76034409957751
45.15023295888103
24.19813608735636
102.73852644226558
59.18409555205515
90.08890025900098
15.008884206317447
43.584777618862965
86.98263473942869
31.86829101412105
33.354850616153335
61.92948637800678
23.101905422731356
46.56378899664433
26.14309488324013
28.504815942790287
55.142135739913726
26.060271640445485
54.15917948384029
21.987608289137874
62.2285735860166
73.13805654482401
114.70879003295265
33.81102433829726
78.29044150553743
52.1368471261541
42.459554578068946
83.44822746867649
111.02524538460693
66.2701828693212
100.11711165248785
69.42654585509737
88.22837584045794
109.79213058272734
109.69971269518862
79.76065698543329
119.23890802954753
42.735552601110214
94.93401630078569
53.163840264856574
11.254090766443298
17.376722392552622
34.24433526644153
65.69424033433377
104.54980054762373
21.989529500642718
87.59870569582554
43.83703742249637
35.814983111070305
26.749435351312428
56.7574331074741
61.55631747737203
53.54820604976375
43.33653250317714
54.063400363496285
107.59873053639438
106.56559699192783
106.34415775269767
77.37432785604389
113.84534555498277
40.18872054673453
101.87925547754718
37.71178236134479
104.51137573739376
13.660735231188077
100.43055014251625
92.3116802062297
119.35859555089507
26.922533040218525
99.43491289554527
71.27177736760844
41.66604959622276
36.3737479244801
104.07615620679664
74.05682994906041
105.78810737921411
60.75135472863974
86.20089008670116
36.71312623582155
87.54421074546337
44.553954509522185
101.21820442183804
69.21017893667006
109.24311543848894
109.4005226693242
81.00182106843567
113.92454056573246
31.721765970603514
40.270587649072354
45.56021823597116
16.902280922759907
32.35978281882086
103.03696964310481
34.66710025479235
90.49292171065352
21.15167297526807
16.316638608583055
19.58087726628664
72.2137061344724
10.716788085017917
70.48494625945405
63.40666271148337
103.15268814776928
23.302069694843084
79.1516713440495
83.63596912212464
83.44611937031763
72.82122674899695
118.32058543503439
80.13826574112974
48.18727243849945
62.897729405845524
97.6971116269236
45.129304508956025
17.758851534347897
57.11156934254137
60.54139735893486
89.94441766850854
47.49779304774262
84.73552499968847
58.73505213664571
96.14261498510722
31.784145316223707
60.585472332136575
63.13563836520705
29.0052067999398
18.690043819604213
75.47201392463568
41.11383813511785
103.24046361283418
45.65343695950294
110.22442095887818
76.59667227730606
83.00670417940529
54.90570154373938
14.706977131033234
32.64740496587383
28.150044421400935
110.61464049381223
103.74884000576151
10.906827011617622
75.52003870847594
84.8043112603694
100.32432060097251
98.14487560187295
98.10258169733518
100.925196170626
38.11313807043646
50.01524936373386
76.11478953376874
32.81100547991177
31.515138994836633
37.931414271543645
122.55545802824402
99.44916703873037
55.17847418690432
22.382092696712476
114.74587000580462
97.45149517226164
38.55992423397943
99.7468819424275
112.28492513038145
32.89082874162474
61.953788741074135
79.60409760846373
35.25196704814962
43.33337210596803
42.29740109658263
55.08649285564227
75.35311662125153
6.7303495017061366
105.02063739304893
6.271760450939155
39.25099379602568
81.52535264114567
80.53026544144666
122.67413898485984
116.56259895780329
45.4843698317636
108.71457365824338
82.349900161994
48.49386729116985
101.6048812593163
176.04785388473502
155.77922102195558
142.4265162525832
128.12361410579507
210.02245830631296
187.0231180166895
149.29834380361822
183.61884114878637
191.8924750789118
158.23369565460828
147.86066858904258
181.31968227059303
169.2303362976968
195.57370509898357
205.99733706163974
197.27118792468286
131.49754448773706
145.6312198852384
162.53414166030822
178.86441838353713
133.91323046456466
183.7210430193475
152.271154552959
203.67634323018592
157.7284340512544
207.55781803418245
195.56978814040843
210.12155827427475
209.9049832247837
132.2482782339265
172.4218262944077
209.2056957733966
136.71716117958925
199.1370547232257
200.84092059641625
154.65324404397444
190.14153897428073
183.13637948316887
198.64589570581361
150.70468887499965
145.55300601340804
150.4360680745995
161.02927719001906
191.82389075552976
184.89322793393168
150.31796152106048
182.97784367523442
154.59384562950356
208.0268356576714
210.8838303312288
168.62834625641523
139.681104301034
178.4059329093341
257.5733857179994
267.79581749411835
261.35135954591976
240.2491860781816
258.12786213489557
287.7319110147788
269.1656137981757
234.05658076297897
287.2668133578045
258.8233999515167
224.54345059127462
239.5929637042616
305.0795180311051
