14.7065709232971
4.324704291961368
38.2355940114202
18.753948591148664
9.981416233022347
51.89787383531258
40.83115507228359
44.12646242333206
56.44274333746644
62.474981620320435
3.830119562517254
54.16874016409881
63.9192674814425
46.45549022664056
21.295621000428127
55.709439662049704
42.42274533514022
69.1941762799108
39.69284678843556
3.583670152044462
34.46867438966269
45.23694414163381
33.01971196265911
64.33954514196782
47.088672128764216
35.09735429069453
30.056579173045343
10.31652980785136
42.05837380227073
24.046450986849713
32.02319649343619
51.52476409651808
13.156577664067171
53.264198761376335
38.55734457347901
31.030581738922464
69.3293610462147
60.96317949778104
74.95490509348798
77.05626289552532
15.570195432099883
73.07467364034233
46.70258866694241
56.92416763974245
28.81098294321672
77.96915974438348
47.86488542993284
25.476964570827704
43.386136944862216
74.15882857172788
5.151771143390839
45.37300118691872
43.47562566480128
39.97078913756135
64.46780596240707
5.793598639438656
25.471367804643158
67.99582475720246
10.454181387069688
46.364404671234844
48.975545027997
13.912701283198846
178.47432829189205
104.6129367667628
106.83859166067454
153.94940862081273
175.79317497461798
187.88173968457892
114.39278521661024
101.5813912370596
129.4028077797775
151.01730655514757
159.39686278904367
99.08565057940956
203.6736367697101
114.62610354961605
100.76828639077272
141.98264063653806
195.55990517238263
179.98572785793863
119.66677432034471
113.74918105334103
133.62172441155866
97.53226442053784
127.59624538810343
99.98805974865348
157.83192853270708
125.60644391217299
87.18127909070529
179.6850565190705
132.4219109673495
158.01304954981546
139.6931509209619
196.8948115105643
166.61504601905625
178.2490001452233
85.24407215029278
190.74337588786202
162.8693445341722
119.59341297139176
79.94194807466975
90.64688528920118
175.735468514967
137.96695666356553
108.63033320230024
119.75186140312273
95.99383762006082
157.8288376596019
180.32853148878993
150.29709756415104
190.33642535112574
200.95890356656992
173.84836437568757
89.75219286409123
127.327458092064
133.45615197783312
197.8812086112301
208.55720692225606
130.97783307307344
168.1335669301497
201.66586567288064
191.98986284055462
183.04398195379542
146.33800437407413
282.8891233944235
216.6730574140649
237.26613285879463
273.912151968376
351.2440752091819
223.17711081079025
298.6597170482118
291.21782522295354
371.15538563201375
292.7842366560515
360.7789845083439
216.26667310957706
218.63806285578303
353.36227680608306
246.13796822017002
359.2448744963857
295.2195658028616
333.9517176853189
245.31806798781244
352.6805238881966
340.38974230073507
302.8107098183559
216.894873450823
305.5396353328512
302.73356152522604
370.6643071254558
243.16515121255364
264.37151789886553
240.0167435597802
369.59794677539674
342.9957898625545
353.3056128029626
354.63142316023664
310.62372679107636
227.4492263425921
313.996794161245
213.55097641578476
278.36203010141315
302.16906831773537
328.29386249960885
251.2468843011146
285.2234023714714
280.31785714011795
297.94143584311223
343.11634928651694
328.54754685932136
248.15114037580366
350.1785917439835
314.8438337230923
302.64756490419404
305.64767696226556
291.2681876301158
302.3611803982341
237.56512855207308
288.4771811545572
271.4889680681531
276.4012629233263
249.97948242678808
233.81903431662428
305.8274412604099
335.40766486968255
304.43268372309547
173.77953430302375
119.08015741252665
15.005798516603761
19.903947021717826
115.01285193971343
153.97318411473316
98.96741215058876
92.20217949473404
16.84028102939726
18.37311983365349
35.490526973254426
55.33148327299568
94.76478374811938
147.84005079397258
63.05695293441839
25.978592622713904
88.78978517649334
25.521692911269795
138.16844243846475
79.96458164423802
79.0862795123312
106.627203992622
42.57884115940385
88.8860949114024
144.0309133201629
67.66357731376931
123.9805159352964
90.11587163576752
34.000777224085795
60.55461346246721
58.53789237254346
57.96714136848659
23.005096327720807
24.103945880643664
79.80116163956812
118.26829896467699
19.171888262485012
130.56845887529437
109.64134598797921
32.07532697916769
143.91349115759238
147.75375287692327
113.5328343610127
52.711918064498335
48.02980612220576
44.10401980379242
87.12530679327679
48.04205037202907
120.78301590039054
83.67842858736543
37.46091760505535
23.474811377450578
30.352851832591185
16.13376112972425
135.253851296541
41.25903655593251
134.42938128264143
84.30543236705465
40.1804842669023
64.71403793628605
13.492509042382423
83.60576650255823
138.27009845656747
110.54279285478515
51.943356411698204
78.79683814742488
108.85755853207345
92.89513722531566
125.02421961407529
134.22262396160266
159.544744878916
97.92469951668511
148.97353947609494
151.71429333281594
88.80989273630145
127.19948425497162
140.71275025387575
105.11840619843306
158.79464070770828
129.66950354594752
150.9725123827177
25.771833531078386
111.1073225761315
136.53048372064274
151.23426611584944
76.9442613448476
176.53277359553456
100.91975858641871
144.10469060621276
72.154266157119
117.88518086448869
79.7306878346815
157.99569234354234
97.53870741744282
112.18638373296045
90.8834445318779
42.94805696011
12.38167403032108
130.95767004355127
124.559266607966
60.31126260924254
102.62350757916327
149.9774501673524
46.617051114570295
22.008401289251964
58.80831648259262
94.11287032649496
39.9690408232367
69.49191761214288
101.03667868839361
18.222517499077824
108.95029680858586
79.35043568606982
85.674958972367
175.9735145158478
133.8617959438332
116.49413145490419
128.77261352339497
118.89032138549692
101.34034708846582
118.65859141349662
118.37236104290356
142.2483832481324
59.67270858070956
126.85539790411131
128.42168635207688
155.52287365298258
31.898486671356594
22.871344606527586
102.0349722521974
91.99827954486402
119.1914995906937
135.17859947544176
51.76347665387297
60.71821551192407
92.96452480890767
93.44137200599346
62.847629424431474
117.07763559431203
151.22362872960548
123.94817005433971
107.17329818070185
64.19441595588374
30.62381805584777
108.59217047045928
133.51416339582477
92.01349019324356
100.20387380981994
45.600893492303676
76.1974547595415
15.143610283406261
91.07728559196693
57.842570402454115
119.21361061679981
76.46992867895271
26.437163719207987
170.7071198388663
48.361043069552636
141.01024243246633
90.28087412583413
174.68428053812346
98.32953746022957
159.86638070444934
153.42187105123355
52.761615359945495
49.6978180725366
77.64895945614579
139.94483827555243
84.81664611966744
81.94739670751002
9.499266221165954
150.58355142074896
110.18071955160869
91.01918917177119
145.70561691244632
63.995878686734144
102.45374148513326
149.6061306556611
115.62880959275562
79.1453501000361
54.949360109989264
152.27996117682395
35.43613621472916
113.41178695823379
78.42200376387117
104.91906923634596
35.85019390959896
11.781586199237935
68.08488049360665
83.82505028163501
115.24854979639973
117.02196152369939
105.83748683916468
32.380953139592776
118.42163880744674
124.33681361745985
52.84308784421892
47.868945107423144
102.71756087269681
66.17302550535554
112.66105916540737
10.700014207491321
127.74434914747732
19.770262664984998
19.208260948215923
92.61511413777164
165.84896226816775
131.97113339028553
122.80954793409967
130.57867031971327
107.94263973775432
156.6935643018952
93.52118787902458
152.07975245175552
133.84938618264493
129.5822963326887
99.64933422998922
139.93310639932986
87.05340506902797
18.45492962096253
65.72595259052775
112.78473160356126
88.2501488628339
12.201022559867255
99.0430897825364
102.07397599349518
106.02035154256426
18.132992145900886
64.49619625340549
138.83071906967558
25.21431697435871
17.089798924426276
122.36052917497923
79.62554988451537
159.5432099260927
94.87279510679006
166.03547373842048
38.97964222707111
53.06791724879948
54.271370622083495
82.88680880520589
132.21691139370628
138.8732856108811
136.0670037262118
135.2763168213143
77.29282345531306
82.80585888943138
67.76822259171378
133.25803918121233
43.85694870159869
231.74617692501926
318.0375059384928
279.766465707872
348.80553016896806
359.9645726372181
279.90080717566866
299.8875237125864
246.76230711259174
272.77558003852783
335.25557126971694
272.7786519855099
243.27956523877378
201.05618224714075
246.58912238844644
248.13529307175034
367.29098419802654
275.95195455593864
229.632766783699
349.6444083831485
294.76295616419844
189.95824448088814
308.8803498735007
231.89406531870563
255.14684964813617
248.94905183536326
261.8766964127843
356.0757628858763
278.56312897197705
331.9956912728961
230.1240908510992
321.5753519553217
218.88002818740483
334.06924189376355
259.69381194645274
264.93271958237244
273.95937768069234
345.18904244060127
253.75858393433836
347.23384790504286
336.9165683088609
325.37204968190974
321.1308045946637
320.51185766970394
256.87174504154416
247.0535656006909
315.87589331828906
299.9302652689981
256.7884208953176
363.9002052748174
219.66824498956714
310.19679504814127
287.17746266061533
276.6606747479977
203.57430329258014
219.6224420887195
298.8258990862301
289.1073467318741
259.08334985680216
190.13277232802255
259.4932013735575
252.4312794195371
284.23789150290804
267.9129363735313
348.5258495156167
293.18387084671804
289.0378763262798
347.6920849225397
243.27118116981524
359.6849391547417
258.2291581181245
290.89834585343675
355.32692048551684
328.2739374374524
327.3809034114772
282.19462102893874
333.1604328119824
230.45806057494676
358.93557086461504
353.4328430721081
320.9337348056143
252.69937072407555
210.63381343329655
358.59774091935617
246.91411297275857
223.36590529041433
264.88003413924145
300.5323135257197
186.87808923218236
201.9949548642192
331.2960203311738
254.67181356807689
325.10247556780166
305.70204629455594
283.54029202823915
216.80549259799713
219.77572101630864
313.52818184663334
221.50137695417118
335.58755125559287
315.1366974352048
211.0750517606718
287.55854839426945
313.27934242591124
222.75632405858315
274.7490250644424
288.2483367376139
233.20703055237573
336.8725305747954
345.80474126191785
242.12583372321208
275.7831425382707
260.1369053266821
360.01109313403066
186.40508937873147
236.44196728686512
290.2418258508135
308.8872337234997
205.65818600924212
240.1701772101903
285.3094640037049
303.2300885640012
210.09454555545724
246.36277345405645
312.84614133257065
323.10878674492096
311.3684217347518
312.25410821202524
280.6629996630549
251.54282811302858
216.8743250516676
273.5239797549474
219.82200167806877
313.9814941552499
366.92968284801805
311.3709047145202
343.40945645166045
301.5624155399643
337.23125059694
260.95161264027985
201.58038215677686
336.47305374504657
274.6910393113954
280.21334692693097
226.7154726864523
243.88353370392045
339.92615696268456
278.1795173442068
275.53121814615247
230.8465505821389
316.7520663671186
221.2087052913867
248.1956920445158
250.72544052111792
324.56445145349113
340.16180229361726
195.56516241124393
349.2809984092852
247.01623339800412
338.5502306859761
369.84288434404573
259.2073430716865
196.9615669909547
311.347136905645
194.7522178726419
302.9399881800086
201.00668621864128
204.90374480635538
277.88935250795635
224.4415903907033
303.5139340483883
260.4226156957367
314.71367155806587
284.8908047770492
292.3424788342773
225.20506836645148
193.49660718617253
206.2882667012479
225.8940438644738
269.2120634223265
217.67060930658386
303.38542484665516
316.6111902452858
277.1533077012976
279.44713028181724
226.60718408448471
372.0892713539123
329.7043212482257
352.63936226978774
336.7107411071223
341.6262846312788
214.520631933919
213.0372875078498
242.57940634987614
319.7366411466233
188.5178695811711
250.70035922097549
208.7453454418731
366.0554101620926
320.22860252676236
344.0246254601001
371.71793594923963
364.6648800746909
368.30069504174776
211.3804157505135
350.16391190448206
368.40849641256096
184.03899283870444
309.5258284037735
188.09060654266636
282.9341029928726
362.87643965806615
234.81267256679527
280.37630893171865
264.11214312200866
254.17216013608765
289.4231828954656
209.8215811496138
294.3601149972413
209.2111898599499
201.35979278200028
236.52429547988493
346.93566191641673
350.4350860189524
271.36332208057564
334.6967754157342
263.31414667954016
308.37575054784486
350.6270343570149
311.2517891419418
217.48987232637617
244.3690876669875
338.93573568540734
284.09824793355506
291.7381840126894
272.741722567724
315.69785181471275
359.25770488154865
318.2649405397966
239.75625588165505
331.4217966919173
263.9723574036029
370.458877960321
254.0736483637577
335.8982825892624
324.77716140168997
270.0513901470627
207.5406866041701
252.1325971286734
328.81508954784766
267.39797101662873
