40.03988183010049
48.894333893000955
3.357260796173442
55.32262143173372
48.52744404356516
12.10972879497064
8.711975120723896
17.553943644142766
48.023796941904635
54.891646287820876
29.159942632938964
23.966410558219255
42.34500782650318
39.622353666565004
21.789440086777716
22.333554909961265
43.223479508862106
26.854839006725935
12.454719704239626
34.594440844177726
20.140061624106192
39.173649939902475
71.25089400661025
49.502095297958384
76.00404699157059
56.22620163820288
46.72911483283906
14.460518202212327
46.785754260022706
22.53655795873785
75.8264360587412
38.01596647905484
33.55482232560796
62.02673691147683
76.4028139003943
15.893596333438175
25.926487419553144
56.69524054699872
46.498272229246766
19.19880903070658
20.150784379855857
78.72286058867977
7.117338839833295
11.266991607719184
48.797681004234384
28.372996723466844
55.72555541213845
29.201945394117104
50.80180224677272
55.79936623555943
6.989764584139074
72.95842483483698
34.53846152068987
41.165474224440906
3.4961694025060623
28.44361190349143
36.65594522993239
76.8863237963783
45.3818249350994
15.861295490910631
32.144269981837084
65.63537051709433
56.03743315430286
23.577137664365267
27.13446174254984
62.86204872736498
39.19765444672549
56.926685194826064
20.429219088613454
57.05531080788084
4.381065524304006
67.87320498728894
38.04867586891468
62.374348751786144
7.125933502514016
70.3626965129696
54.952472122112695
56.60352436455025
11.289186859381822
71.87481026811588
37.633418965784976
21.294035543246533
13.65504759386534
31.413163937280054
43.184532376105786
7.93879417153568
47.25067089758363
75.61983263883181
17.382872715299754
21.67134973646716
48.605472028771985
59.55671049851238
34.11788767170537
60.01907284893855
65.61334654680326
52.30485150729505
40.51812068854971
12.812461527771703
40.43720497187914
6.339218934280119
21.808485426884506
12.586193867495258
54.4388279261117
55.801676789153504
58.11454475115826
67.6332930231943
26.250838162471098
64.4387032497509
58.74158265465995
39.45986047036047
17.903165518403842
16.020551638340965
44.00010842143866
55.73378589900008
44.97113981524928
21.08228523870379
56.64445475518529
26.206308755928767
27.93400936109986
8.936574847217468
51.23787237275393
18.853735969990872
68.91028614220161
37.29433901883758
49.76633306739011
68.94721234161052
53.387654592184404
8.864538587597899
16.93135761725848
15.845123625642536
27.67522253739073
66.2683526624212
6.174464067117263
4.689308504990379
2.772912827389746
7.426037692413502
16.256788208555566
57.909947025122996
10.68060263048486
43.510096047119355
43.6357017422615
64.19793733105931
14.83066761900044
38.525766912632186
11.496927705649124
42.41429454216197
29.072946972832835
12.191407577160952
25.349711238484772
47.21911998711138
9.701100744249878
7.813937646251503
21.178724389080173
51.65388264177432
9.502777035924883
25.076124475630316
56.1654168839821
56.401783001919256
57.02902148138291
32.66009330961633
1.1797875354547926
52.79177282139906
24.68879478445926
142.08892538497528
154.8744541703977
135.47173602415054
128.60325723193307
98.69569817956925
175.41947438452132
105.67080592056413
146.14786093230128
171.022175740919
86.40032368728731
93.47501564631744
126.07859735904496
81.52629502857485
113.82019094097069
162.97773732583042
122.19795980405924
108.24465873302024
159.8301705462007
95.51730600887468
139.01660426733963
139.50579485654063
82.35204677198556
281.5374713725005
284.9767552544525
341.53930623116673
308.0731864047177
314.9162612680934
274.5872611218005
320.62719121643596
195.5748091584241
235.67469942868092
326.2421813874216
145.5313468199394
92.12670062837097
99.21359272475013
64.04905315679557
90.72043519990638
67.03080215670687
150.05044717432025
58.060479956453946
76.52038674703816
72.11287551525423
15.821803578624198
108.77211700148828
132.52493622468532
105.15169868030301
47.31710424562258
157.11372778527385
128.76783684758348
108.0681228930181
57.18829628218366
6.220680992736689
43.120385102595534
133.48678116952937
44.951728148798836
13.834236997276093
150.45661496658698
110.10154496756513
87.54597377714722
32.06933680968298
81.65339196855325
129.38265774469474
104.76048146112464
66.35603012241083
116.97276320727642
109.06479938379417
126.83647966762392
43.99790836106678
75.96319955553389
119.16891831021962
114.28340184626047
69.07046089794515
105.13998844894347
159.04387766991744
80.41868732581044
131.36133311437575
67.55536337672649
133.8657545425514
168.49310716166792
87.87671049541616
74.51055426311238
120.3400395536628
150.33226084586568
77.1313620724142
138.89332145023033
13.90388274189165
11.001110344782987
69.57818276806772
76.9893214165756
29.579461903114712
47.95137706456295
148.661905173964
147.57393098533566
139.2400506956915
152.91571077660277
92.60240943869555
128.25369349060435
44.38838014113175
160.87497400259346
84.27063093594718
68.9551254773211
1.7420654472682742
52.74704407009383
102.0557050669989
152.2088071801585
132.02166035848805
59.6589063605165
12.942466710787372
74.82327677491644
90.07191956852068
61.485621747184936
5.186508837241135
113.71861746149494
119.58380584201872
41.598632944627965
165.2850767583736
60.712069885682354
158.66239975684516
94.16994249746676
10.624271958776077
171.91309513366502
158.77829618002335
110.17434246924824
2.2467941135168275
154.06142593414276
92.2133737665078
131.20766238469898
6.447154836161175
50.34829820172436
18.790477309585924
14.614878651244027
139.02391840800976
62.9861170866121
19.003680782427054
35.80151274720604
47.41685416827538
31.215479236471353
13.265463513163667
48.41665334631146
151.19860175307673
125.1703112745599
67.63797670002792
25.092952006310412
9.432796057479223
68.56694426608652
120.23234635239481
158.71480119534078
61.90053011902668
96.99488061341155
57.87252576385994
98.77332272699938
20.747436405266257
24.386864680156464
113.127400563329
14.113854645036866
143.85763682616007
98.41016203390919
70.12672185761576
86.99424578984487
74.1922844135245
31.366233965636788
20.76963479601642
92.56449916287414
110.54479544886988
58.07084100225522
110.42339591598531
145.56517549087113
162.62910058260968
38.92132664868565
141.02969868931274
38.97387626171936
101.37055148855741
161.68925016129543
62.83999375993029
19.107156454386825
58.38132359160571
37.457231181563145
71.83043893507472
100.37919589488803
51.41717064989036
82.64077538122604
37.23563359034865
39.17749643048315
72.10633053030995
144.34684391001596
85.4556393919517
154.12112922558367
120.9043764726274
87.06850629927858
10.096630120696389
25.404687715421325
26.227168179371525
80.3825321752069
89.82476377970129
3.9482652568904086
112.09233830632132
28.491340844233093
154.7358477346694
35.79707745036553
170.22217020275338
93.17864866153721
71.95823576476465
117.53983931359765
51.20259247377173
47.26899316674438
88.72100098358541
40.93588200147064
104.0059198465795
84.79470653040867
50.215810364533006
79.84239428917861
28.098699930146317
159.15332292457708
128.6477300377002
20.742024991261275
73.69350573400291
136.14212946764988
103.66567604024067
116.1479083033812
96.45273778849071
67.74952997084846
26.956574041485517
112.29089447503578
153.07262735328115
143.55156450562427
87.72913292021373
33.96542089995472
105.47265293036219
78.09852434653705
79.1116219255994
26.275246685995448
84.83490135527177
108.15736100180382
162.8737590279669
154.44976226021123
166.5313162985629
87.75615978573387
29.51892953126474
45.112580845588525
112.74923542435201
27.46241505625032
120.43767027285487
145.322517970293
7.504316671952736
79.88976058772163
76.51117562092665
3.7892750299881186
149.21106038148923
52.86835740924082
135.27240883619433
3.942106325794782
111.54843796140798
28.107096717563934
135.78578040055896
160.46037064863754
79.73851224605258
93.4778335212809
32.95598994888958
85.2544535005053
72.55058875340997
45.14057657698632
3.4208740834812943
81.35723378938408
160.23419600761
137.4578415085882
109.72240262774814
128.29399739154357
65.8377306804978
26.201170265618742
138.75056761132112
44.56462789437275
138.9128726792654
115.15586797342063
9.41586951477224
52.811499697471355
77.78028018517107
105.24019477774095
172.7129139915187
19.231387978996068
159.81253147297383
60.650614989408695
13.841601477855434
127.72948336697618
78.83254985127947
125.0808911703221
40.71996142920896
60.219078129846054
4.331884853830658
89.59339487530698
0.07578155531552966
49.86452097276375
31.594561622392405
157.9818642185669
99.72853875839127
30.385705412929696
26.11627857139522
114.93637000703478
100.92130687231165
20.08454618121054
146.18410033377177
94.58286991607851
150.67391912514782
82.48852568253524
143.23076688437436
35.96420943192535
160.55949682899225
81.8872854593157
121.03417403014492
126.1848231973859
139.63614534386028
60.64879018746849
71.76455008236879
130.56539814118642
130.52128665586196
107.98961100165553
55.16770510010432
35.56398269618204
167.9531998343178
48.82745180857509
29.181042864478243
86.64682392532845
37.43238701794244
44.074866636803364
101.00592564609005
148.05181785374236
63.8185357769123
117.22183562899835
133.83598873233564
90.5608845461369
31.295366563991422
29.558982861156927
86.61392925932142
52.86360732493621
108.57830405656415
140.54216128978788
150.2540748340391
36.02201028059975
137.93728657200825
90.25987159221546
70.05426691735623
154.36699484196743
123.61281680408264
118.32683580387574
156.13517338901875
161.95292416555753
114.9490762887173
84.26325376316157
166.8045395439681
35.64305892266285
144.1752600951184
69.3546003117971
40.876568754831126
164.8290071076027
82.53403275905266
90.58256070241139
149.19956850045938
39.34404101147852
68.80188128244957
38.03751922393757
84.32048272038625
15.621231314039278
5.089510819334279
35.9870815645354
37.304510306508405
96.40313523473111
150.40845780351955
141.08916077443232
137.12488088339308
5.762704594337947
159.49077619140388
148.33498768981178
57.11263113371464
93.317546426165
96.11772570318142
150.2058987352208
97.5246084643666
80.48961176274905
77.25671597878444
70.19616600014128
137.0302378228805
128.75607463084734
171.50022507894846
121.3231197857935
129.0713446845444
107.1222167869028
82.95869692781095
60.74236309646545
127.50413946553832
54.01346255994836
2.4836809981801906
59.74561451230088
157.65207021028158
170.8151943228781
138.335927673706
160.83950789233086
75.3925133308735
58.50043898952502
35.61923292707954
56.54472443704209
86.3493804595774
148.15009085217164
26.171173394283905
81.42525876210479
117.98811951180193
170.68041260350884
133.33781847579667
51.87755353549686
135.40934978721188
145.4987793470477
16.565281067505367
149.49755735818633
141.04864800353533
17.201265207607847
116.56375393162476
99.19885291160307
74.51834901557004
59.54315993332595
48.97574435376635
43.18063938849459
43.87477588001185
37.93822185436797
87.39116532015532
16.81840849079711
168.8825378725198
38.039168258454886
41.58907260897987
50.6839290484511
95.14895511603987
90.3083586437482
101.72313505449785
11.330638620464143
33.886253409914424
157.63521910776888
132.23352210418074
113.35117587172145
54.05763390248107
162.68463193986065
28.43022185572069
84.3590970794957
15.731616343428158
17.405803845440815
52.260454956958725
75.65835054769674
35.55370028518562
58.17891378852376
39.831480728668254
85.43723755013937
113.52409293504672
21.267060990759205
52.89028583887051
83.45013727514716
0.6133241204969977
86.73277198228362
75.96497287109551
38.22413170178606
68.49318437834792
75.59296826593237
68.28796346952895
54.500966331345815
16.177896323639928
137.03335524292532
88.78322329211191
32.39747983878942
31.588765023306735
91.83639506036656
21.494666956540584
11.122046147926454
140.10099641998715
39.440645305192774
66.47346664572535
96.3886384080348
148.60541073313897
76.23853948468685
10.311044860321005
94.82555963115927
57.313556838964665
46.10161157934876
117.6803685385891
23.609703207109774
133.26447300684333
29.02045319343044
118.53311048239982
53.203025393294425
169.88740444055196
123.64689372263425
141.04227851265406
126.96128241953573
12.96899096186658
142.76085899890705
25.5981583061345
128.21740254237812
9.154320141550201
95.77471593233291
98.41872102605144
120.04706848247201
87.93770516493645
55.434705229232904
45.67277788023728
41.20652977952594
71.33760795645232
113.90637679580757
5.615481124877874
108.93061840869952
108.20800199555678
143.39939397946412
101.73120263971711
111.27142113056506
127.65753157040825
121.5195727387959
115.30940056850267
68.22956352954681
40.39512644190596
59.23856258940141
65.11308376515048
10.796085131097584
54.91642670629027
170.2200952217608
161.19680625103734
155.6609469179092
90.40164969002018
84.7813398338305
41.692027607733884
59.769422445229694
61.86918513577665
71.66337255069809
8.608158933594169
22.65722939129723
30.660190099023964
20.82840616405423
119.6386590331563
75.36166517719865
155.73577165650653
63.45407724343783
73.3672392855072
57.05915018063926
120.61698618776707
21.56708670736319
144.23387240202348
16.508140311585663
161.27284426907414
120.53296202935093
132.18472546057944
124.92178607830795
111.6383363736557
9.499330643302883
266.387496601601
288.04431651042336
253.94478108943298
290.7712961396303
272.8890759960269
215.48192046615304
241.52853289333905
290.58983685600066
289.5097394869513
273.0231224810125
282.9581374967389
179.94990673743513
236.304106350237
182.51005689835515
175.93675135479774
246.94242231616803
214.84617683525892
222.85108272700262
177.36751808007148
231.5021684655231
203.88875320493617
270.91180198728574
278.6900372817644
274.1253479884807
225.5206722248861
242.33372458915235
247.34475482817044
173.6638024494599
272.32325132049993
187.76320458628035
218.8509734757152
226.80126581029867
295.38007947319653
