60.150964712219704
28.905615734901918
28.424677607794163
28.650698219478084
64.85202765308097
64.33097585611156
73.40746630503901
33.5008604609051
65.91184164470972
34.93947906925596
34.525877674595215
69.8866090236501
54.818610035884205
47.44528086798456
26.610949328012897
72.17115541085806
8.136747800960919
55.205726286147296
47.658824197118555
50.80560228288507
69.92273339761715
63.28602727642878
5.296291385912021
51.48639678885122
6.223130473140426
60.98779178857278
32.04316741027943
67.91704696129861
72.59839680747451
39.33590274543952
55.11944423176385
22.208891372615362
32.31257685842325
10.834922453433322
37.800368254026665
33.607686803955
21.675037814845112
30.6055009519176
54.170740116754814
56.6281099292675
26.249625215787756
55.645271508968946
49.33974349838945
62.089670326292946
51.73206453381189
24.566666766817267
35.699138728064085
16.2518855064528
54.17242603930217
44.87150016458808
62.120843586333805
52.02489769103094
11.059476782779093
5.6709783738550925
29.263981897724108
56.50624978116964
69.56693531224624
43.6762459562225
51.19718795373385
41.86316790875913
10.565205408166936
31.49078982772948
50.41853107107795
53.234380232636994
66.85327501706013
53.98038389741588
55.74711942733557
62.809156608142914
34.40656806806584
68.37651488354894
7.644002435689178
67.2418598267447
44.965814453193396
18.55397882548597
66.91756451269477
7.061324150864095
25.789565451750413
56.08563938317962
47.555449157954534
15.121764869093244
42.96385619061554
72.41971456678074
29.067078109578237
38.44626699389107
14.058679054366703
59.46202624343131
52.934167022267744
35.00532875148294
6.507371955721151
57.25474930534928
41.84137696913396
43.50187793696356
69.72020643535751
29.14921073071003
34.90996192119429
52.311631783894434
7.079322999576309
69.15152339422474
43.92474531890788
27.59975767709919
10.04578002395358
60.655234321637536
68.25348054793187
22.571398534141665
45.580293870835874
18.430917599950245
54.04320385534092
35.08342056452177
9.486113977336501
46.15394088153646
69.91481191447515
49.281734620331285
36.232221026729285
33.73294931949382
48.3304774255115
43.95457520281419
7.264500962374637
8.945574954211157
59.76015045843363
8.254385769025106
31.0347888483101
55.79479660983432
4.602427229767628
44.473478680913004
9.19375007956101
67.45494474442444
55.852341131924256
39.926291566679424
15.870964561872562
13.856259720547236
34.285648972102315
34.156035134900534
68.97158817977541
24.402681293176897
37.94658133797566
136.52681349636475
160.35312943796808
86.82037886592094
124.90199702993705
150.86568067608897
217.7183488284703
236.1778439373556
219.0018926026229
232.46377935137875
237.60325125103574
55.07975071986645
52.38478643342833
51.36895207012036
50.71146087232852
50.22937643727844
8.138040673878745
48.51420090253825
7.138934564361481
11.566610933389242
37.972799507574166
62.23028488380777
57.976480872371894
46.722894395488694
30.874895621754998
36.434194961478326
54.17561620349971
9.241884063359077
25.762170017078432
1.7255821179876527
22.030197140184956
48.90793483429986
36.339505786196554
42.42947126780951
26.921873018177894
9.086740508323604
13.761517753502435
25.67863672932583
43.28902540925267
32.1065675481063
52.018801574310665
19.485798616230838
45.2385920972162
50.88318457950788
52.99492318265138
43.875386311472624
21.61933659216615
42.78142690145752
59.00872459511112
27.12654233709776
46.83511947009009
55.04118800023112
64.77521688697473
16.014533297396405
41.75134852507262
58.8777781725301
34.40242608572587
35.31041590932787
32.501361727524966
33.39757663980104
4.93179056374132
54.57410003219809
3.497931808019832
34.27004590679117
25.67876670476779
12.883220219354396
63.10885950404692
50.83858605694085
45.03881786689393
57.391382935184254
20.250741044698735
29.32741943290453
57.92433316507807
21.11153209687564
29.470475703437167
6.125260203167354
9.49197879349541
25.74086724478659
46.17293305690214
5.124996558014974
26.571756510029388
10.784567394953402
48.13692325848374
42.27667415044777
40.73602432142862
16.660772892130606
26.854272689503066
48.55893640340858
54.409269919162774
32.459251833698424
44.359818005050975
26.619146495186985
36.09780195833505
8.801879106045064
16.943828670404184
46.322743214372075
31.064281923224467
43.885453131721086
4.939142249100346
41.31946510895278
52.91882368702139
18.21478368850742
13.703438106052044
58.565841332287064
47.57922584444681
58.50659346252401
51.351131433403125
44.46086240555295
11.916530565086621
21.591670294395513
7.376416534242718
59.094165734835634
64.26863454082815
63.85805212156113
34.73799327653161
26.119780124873856
31.271746534770305
35.972082690864625
21.051120094388697
34.83952213263124
8.164624449389581
32.55677416305463
52.22072529254292
43.410568746682
62.17386692929111
21.739320468858033
24.595407258261115
43.98797225234865
12.797095446238604
38.74873814004084
42.57846974407887
19.730201882616285
35.812300600770335
43.845679998320755
28.884690410630206
30.894238362350972
28.3874324473544
3.4338093219341346
4.112843795801435
61.40227950939227
26.91710226432406
32.86717457157635
30.859813380209356
32.111953691171124
34.62294191992087
24.10329264576174
27.120350329517372
46.19483809048194
17.821668233567944
49.75087518303273
6.124639308874151
25.28066569460549
9.493834098953261
43.23249032522665
42.329550572758926
35.944429037790734
14.587027103952888
18.427952121244207
31.87719285050833
36.67383948449932
5.818294569923708
41.69007798256942
30.98235196949488
47.69945406481958
54.120760896595556
53.08701201560775
55.90416860710518
19.102065704483742
6.4063941910618745
33.866075280442104
37.37063729712366
11.038101071004942
64.18321499841042
42.92923144841347
18.106430511272677
3.9461898170067933
12.741752730271529
43.51837798535098
21.1054973108515
55.976749699599374
17.983347074936937
54.57796771313349
24.704935373481007
14.137469904014207
22.66077847582208
43.78024683931158
19.726816911465512
32.03849454291547
51.748554427446095
9.885794568177594
39.560016282824236
34.33455311975664
35.56099050462814
28.486610390855645
33.289334631312386
31.499970086266963
59.576436042368144
36.68685996394508
30.848754967124815
56.30791447442445
43.63900315763702
17.18748711103012
41.42359298198919
1.918236447247203
62.10543737967281
48.27226168889541
55.41643304523975
23.084600403697593
51.81545270497192
30.761032176975693
32.637702819732354
61.25577574875872
27.526823379576207
26.999450509562482
58.37704546106743
31.93019218127432
50.665990216236466
7.650227928618218
32.89698649103802
13.433893803620805
17.99138326644737
55.08051156981932
22.602310080645502
49.06682993849514
47.13337141095901
14.98852971898383
3.977509019662321
17.39153732819471
23.882092038853674
3.5357066794346075
54.881249724092626
1.7208673175854088
45.6470654070013
28.03263240990546
29.11343114407588
5.876043812494274
39.46437632165739
31.605204559331774
20.625712807948645
50.961054352612074
41.380771796682936
25.331129374208388
46.96720254037458
11.275403296349086
44.98441648857189
40.90717486042688
16.70570492416374
39.810797606880264
26.76533746839119
40.01307783000145
32.115336589698444
64.80993874038751
15.380911144771762
43.18392811295787
26.00064993458995
61.7615166865727
16.457437408449366
50.46169714584377
61.235747967550154
16.955645707499333
64.78200101722575
34.25806538047588
48.94493120409014
39.90141901290625
22.13228302315212
28.805274109842575
38.64767537491654
21.094681737409964
54.072661123142666
44.186847119475104
2.492909726304873
37.39092631039706
39.477155588032026
34.14361490201111
2.992342699329157
40.646795131934546
33.82365580999722
9.19920464506244
21.161883907584187
47.315372379502485
12.07248470105094
51.21740349834965
55.15417639726966
53.168684372407085
23.29871547135057
58.53955627467212
41.13972002933393
3.339949346873354
53.75219793259404
41.31420856214922
25.360992926894014
62.40265717793861
40.925868326127436
9.933931384985701
31.445700175333084
37.15425045752654
52.47751836473458
28.647228355592997
32.58602770581865
42.58425571207744
28.779608199667713
1.6394767200754394
13.886740702177942
4.589734830547432
22.77169841823632
26.767567831578287
23.52052249623862
54.3586830754398
40.107640960909904
19.64050409462648
9.088436729939684
64.99834217492271
32.3962435804623
63.07826983191079
16.48669437695963
27.766314989460817
26.417231169322875
61.9199859362069
42.37780076580345
33.26223486758908
56.4929816081259
27.409553228104627
19.746444375319445
52.206412630550716
6.098981784327556
32.60762453421936
53.00461211988047
56.95565625107094
34.43283531610488
6.4052906322918375
118.01747802841665
128.66478294016488
86.03344033601755
108.99434573396995
115.90496993047279
99.83730506709335
74.76002659506449
125.39704893342721
120.63041637977388
91.41275654585323
109.21595980293962
134.28867415929878
75.0625447011672
77.27911834846637
95.87929268963595
116.5259960969993
97.37159960621385
77.3991221190121
94.61805382325221
117.17038598333235
105.06806152856603
129.25563600947945
118.31903375996211
132.21609120849834
92.21859894008851
114.2223099302454
89.32640152075396
83.27150988068067
65.43561093629054
98.10915411092503
92.66702335892833
112.80022019119697
109.25936875419765
88.7622682325798
91.74501832855304
98.46482466716134
114.59699527840215
89.19353193502356
83.05992404364986
66.01395658239042
125.53249745775855
124.60800045264932
76.31534414322945
131.02921563476977
133.08827523039474
131.72211251228475
111.4718621261751
105.98332706251324
124.51551964911668
94.69376329825921
65.49786730107051
129.09886051588097
131.20914360604937
114.54865944301194
82.04514123604451
125.33985113023648
84.09979267758732
75.35128749292954
70.82035488215384
112.96720324694968
133.7576450534489
108.39431771677937
82.33648658295041
121.86507203307205
68.6087245222633
73.65754099837794
115.85049115914282
124.76564324734107
109.7087766091694
93.02349442076353
72.2269047674058
118.65689900439932
126.1565234332534
72.29356140535297
107.99161307012871
128.95923575472526
95.83642384032662
90.92059383187434
93.93679886723729
132.90290066476712
111.6448090564028
103.1218362036251
115.06660687052846
126.82599074163278
119.62780952810883
113.64381101755218
92.57801630550674
80.30464399787145
74.38140911413684
114.77264962974515
104.53901473500326
120.37341465474027
115.75932220828193
126.87748344600462
102.74075263019529
123.15889358925526
124.73590163600618
114.8647865257648
113.63242483352829
102.8823134503087
120.14368808433866
106.68578677455481
92.80784398904277
133.50429054952465
78.42816199585906
128.47417109846836
88.02058257981379
124.48207917135811
83.71944520883744
115.46326015169387
93.21745694678312
131.76753309582094
135.7326610786837
172.70295414187893
