4.8804866849263036
36.31419188237447
40.13074320704453
4.566034707869406
72.18922349861387
91.9147901987004
60.250425194970745
48.361035315016814
63.38267916907638
84.26841848883154
9.821244382257603
49.24676843822451
21.7033368946772
61.089344925892284
40.555755882935955
33.302088961262626
10.023211349969309
88.5579902014661
78.58713688836825
46.553788611318204
44.148416358439285
21.202021422955557
84.08716223990217
67.20083518104238
79.27752358798988
36.674016574432684
57.83416513051469
79.9237414982263
41.25880414756229
58.61597830255421
4.232376427158016
27.774137061177495
50.28951744257134
38.64865915291158
36.49819572652575
170.9782424974769
163.91128771656258
185.4595717032188
176.9850710633527
183.30545177247922
197.56233752400624
154.0898275895456
115.77602688681434
160.6855987114063
140.76914715457096
179.33950917076504
107.44319889125069
109.4886320598118
160.40187598529388
194.2462230034841
175.86919197796524
111.0201195809571
152.1034968613557
174.5687058427273
127.37664452175333
107.82513863620827
160.68627240398723
185.81761936378695
120.24858300950463
154.50029604424418
138.96669518169773
170.30606885357923
99.68151308831946
175.20072996563738
132.07084236577884
147.93894190916478
128.897039672264
101.58523019722651
115.21047144077198
145.30635129546096
297.38006712814314
229.4016283832638
231.0249157456676
245.61643007231123
250.50049151561677
258.3892462233159
299.20765479408203
212.43788259505533
274.54273730573226
223.20523864246053
280.2661911962532
235.40059244989794
244.708706393461
209.17354837918444
268.0092758995003
247.85206109527905
292.3228363414478
230.5443883359452
208.95957685488077
209.15938418779567
297.3370001355657
233.24808110898107
297.7718518212705
286.60075644012636
272.1492649736704
215.4470505616493
274.9321261811756
257.1726510715577
234.76712826586527
279.763767926314
261.0596294903384
305.594204751902
267.1635606213713
274.18593321466807
281.58835740137187
78.34551703575674
29.199609761822458
78.39668950608122
73.8596622367218
81.74471770601683
114.04092206621246
37.94774794921841
46.242798447911284
67.66798519124674
105.11214953220095
66.38642482968814
73.70359529643045
59.40404445337396
11.161561269284135
56.142801495568044
60.85074002211641
43.34791337826873
8.224243573678336
52.28020096492189
88.46669967788532
7.4540812897785855
41.96073440672088
31.15922052079746
59.71056290407583
95.13957499915557
73.28916787803144
82.72414274860398
37.674469933462326
0.583278501248941
67.5299733233151
65.33518725101578
24.702108599944218
41.71718429373537
39.93558445509309
17.177911238612467
94.65224507654219
95.59697692102574
49.80446751072481
37.73760352345049
17.261214323817697
82.49927048390326
13.055515028877515
43.21294692942543
37.46574194307156
4.110000423460974
6.755396235282994
41.429464657946994
46.68177698094946
64.82408744833069
2.4083617018603007
100.80069624415765
14.73480721161198
22.034657898651645
47.35753858658494
77.49675168289754
92.80673687133321
31.93820423486131
73.33338891551006
101.73716173855313
44.759649186004765
101.38168083752362
43.431559155073565
116.07917694160695
97.05533826832297
118.50700617450451
9.55322177047779
97.5399823276688
99.84226819971255
99.32512470849503
8.33396954236018
28.82592224918151
74.379890259907
32.58430829345644
109.54772528791115
84.30097027217818
53.315029035847424
83.56845367695891
20.591020888932135
78.88656400719529
84.4392881086421
53.5452131953351
43.97418163093431
119.33024363415294
32.812195100131945
91.61058040052633
122.0925802653509
63.14900262687134
29.17543347032462
15.727067699169531
26.75417343328168
42.51805310371747
23.08158137235109
57.66250978479886
84.22941363544751
120.66090463714033
62.07255710037933
53.015186737222066
49.12361165787387
119.58718983542752
84.2979850550008
51.68836017512947
3.9644033586823824
88.94362363952172
89.38101883923926
15.466190746136263
103.26602986919517
34.861927481948214
43.20650659603928
32.52346915665859
50.42817778140083
75.4784397312211
90.81217424329594
87.96063116730058
98.98912784487413
62.15031003625263
15.504039478153153
73.25109721186533
82.78084146450779
30.395231336727765
42.106553898189034
62.96496267227193
73.67364968298303
113.90636959938416
108.91072549486653
13.91123502118569
53.677487350763215
74.3608012638902
98.37790025323906
85.689118498808
49.78585494203867
84.41154355541661
10.912893232158936
39.450373987754524
66.86216842573161
101.68520827772451
57.094504297785086
116.30363020736047
36.35019310885236
102.7631283778664
91.67162112207879
49.9204460461626
84.69272723712568
81.26304619481192
56.6103296489281
81.35936429333213
15.306784394989215
114.002284288965
95.758870649232
44.889309767622066
43.02841499093009
50.83552783122395
52.383279585707854
58.32393931768026
23.313901960491783
42.829414479123855
60.510085976234485
74.89774168442952
47.260021544717034
31.002098443760477
57.07506242257571
11.529233696375911
102.78219474909999
49.6037125194153
93.84040179600402
95.68641947061354
70.34704645592109
59.371095206114646
106.04742040653525
4.360445967160409
18.262968999829233
73.08625667324208
81.00229688962875
115.12647974773508
108.12453026980909
36.8452919405137
79.7913409838432
38.7048487102071
79.57101634813488
9.67443502824311
1.4416515059396389
36.985814821019616
64.51019197571775
94.59109241123153
8.746821070300129
58.712214028516264
28.801150526349673
25.712091252381434
55.42126665854571
43.7334899655708
96.24169105162272
63.67573173233691
68.42197715045606
87.94782664132224
121.46644043704983
14.462318874160637
60.622896302868945
67.88301077607866
88.61564870409153
38.05537527875386
107.45165118530726
108.31728240401446
6.295125486755907
13.976162380811473
62.925779767982135
67.75693609994492
38.75256665440945
72.76370811240935
92.69238955900406
38.90277212411875
96.44668438696773
84.84552549122604
118.06515445746503
91.98607419120263
10.761204738962256
55.51136820668686
73.52983392227303
115.96314347579498
21.885367057841066
61.09542532190961
67.71142641446433
120.28411512738003
27.565054529780006
110.58999906152258
122.31663201915902
118.39160253102645
34.454184326466276
111.82281579504729
115.67704516080985
41.65067854432364
90.6475381540353
64.91280839818097
56.92500389703787
41.25898236015281
3.574566523371395
58.92007408518513
64.89997109070184
20.147938121440546
0.9373712262588185
41.97588310743137
88.52917421904908
110.2694175261575
73.39314839979237
3.776241881064635
11.672150929318612
20.11873761111667
59.18732009325846
54.97436083473606
90.40857210810327
16.89692983387353
115.79913848813162
19.690010694816266
72.79729182798697
91.0041942094549
3.308148855784019
114.32202228960472
93.03732631364478
3.3416506116636953
92.90915185031913
38.224358952150176
21.978300913735282
85.20632576670349
50.59221605564811
104.00771619689783
25.015975492194386
83.76527522947731
101.95616957382124
40.551749962258114
119.25910639362823
67.59708216510828
113.39799308978056
24.150740895193152
70.37247598361525
58.8476790481698
72.74757475566075
42.6316970438007
70.25055915790685
52.2222804627237
30.45110094451174
108.49837892472512
66.67400004951315
6.651770036500565
20.23001924196771
30.258878043677925
62.95733523990704
0.4629842328529534
29.290274290339987
3.911138350809871
116.55021898859722
69.85242974677871
54.35952572747922
70.00612705294469
44.74675406414286
5.1975699693259045
39.0996517845258
86.88853778027934
76.39651521883572
41.80261987434905
61.07691047221882
38.86567821066675
97.43624928365327
87.24669803901668
20.31108984271505
49.423011379436375
4.437292780978687
112.70444984639636
87.75925275652024
95.62045942953594
39.85496669265558
111.60469408284979
30.596221434687898
94.86688697346145
44.494877119735776
113.55721874970614
122.39299329153539
104.20460115764429
24.32972542095078
43.968386117498426
108.71046081364534
68.36949053432615
70.4541680480603
105.18161474803973
16.827298578461658
14.122705902611557
51.256449472394635
22.387003861578478
26.21180691503868
72.75919379556197
54.266996715942476
84.89375950529643
56.33031206637411
107.77768553717596
17.950210727693076
12.585275968198708
99.59063925785989
98.40983360930755
6.623762746290019
9.336583001916928
24.563141666682363
85.66373446102271
60.05131179381463
80.21168480314414
43.53919824774333
85.99621539998849
25.498271293374316
14.207528932458374
91.19284058472931
67.67302912196143
86.83719203786686
107.58549006178964
64.3191902441559
3.855369691578865
33.332997210524624
117.47465877216219
19.96402084172393
100.7699007600801
83.24395202733119
57.712344465617534
2.312410655648648
113.45443705077798
52.01013299216501
61.66230395480812
98.30081180622327
89.74579961128819
88.48424938636116
25.084420801282626
96.69838087067332
122.22094108469909
33.757891761571855
62.42787799377377
16.84591145808337
29.66860904928761
63.35841837330401
109.27743555751036
60.35133622468804
75.28049903407027
58.4329174474695
107.02817192928384
109.65450369569695
57.82923812159495
21.074365662520925
34.341310986991544
119.7034362713369
57.704580538294714
23.682668679332785
89.38667810520631
81.94923628314457
115.58935817912554
103.08796259252021
100.35925517054108
80.72437036255471
119.39651289313377
0.9855759314046111
70.43313518804136
0.808752088721107
119.00870421753899
3.2839856623496217
65.2518395631647
120.88147643879797
90.012645073859
103.60504779653866
16.851329279178067
79.01050718103039
16.304783908773324
21.566177549459525
2.1226650282137314
102.4396311195885
32.46546563179619
119.892662400374
20.126243389611965
104.14021772048253
92.93959833877739
43.08260092586647
111.77475383309655
57.134484313804364
15.238118539924606
2.2980970988450977
47.41674639817752
110.96919145829551
134.9686279384963
133.48475154938274
159.01147985845762
143.573667529208
161.9690687586341
145.07830975313777
160.9442353992831
131.2444518646366
151.8898622109555
140.38726189017504
142.0683151828841
133.8016649029389
146.64304040893362
142.72799382204516
155.8494771666988
163.59286460923383
172.2414311629885
175.09513644577464
165.98929630785568
194.35553205555064
200.76307713865194
