8.256957448188315
16.883642943969612
2.7479336479305925
2.242737106767522
11.794656537918556
1.9686365079917598
7.61620274283276
10.852915277433826
8.551721929556532
11.157982751545584
9.370575490401476
11.303792981884467
16.347194818539105
2.901954665386894
6.322043568412731
5.317704740667011
29.812513613630944
19.819504012906265
36.632471165820775
31.566766091048457
36.17255175778843
36.13326207465269
18.036234260221008
2.233628073788095
0.8362156918894499
7.77374971260062
8.581206068668855
2.780837894343059
8.488458126526858
2.549129039997261
7.46535610161002
9.202745286524223
1.6269656053476251
5.876295979537239
7.454235272733035
6.3264649887936315
1.23544548778169
6.370412273328888
8.558146337050692
3.34387291070015
0.6088513835394584
6.082034172211367
2.9361886536610964
6.521554022921767
8.469756652555246
7.570933886553966
4.8362789484976405
9.533452423078778
4.756481037815768
0.8967045724403242
8.595234120935844
3.4794180392680736
8.067494703159074
2.357045089414271
1.4132553704131268
8.679864022101755
5.759360299367637
4.917007758612161
4.539008415798581
5.218411735033293
0.3093934963073055
2.6383384991942798
6.119404651419724
6.340871482973174
4.0299324266743906
9.16989171501072
3.323070492372672
8.55081852335143
6.712997995648335
9.759580911648346
6.257379184129849
8.86714189076186
27.234149326192295
22.089475209209457
27.09733933220684
30.549065460008382
40.4228392597811
23.97821808253487
19.352294840654857
14.440548681426304
39.261312266386426
12.519795310854041
33.504848849787045
40.571100427001916
28.50045624669064
10.732198579490738
26.52897964489578
18.554922402330305
21.08498770703202
16.632469889807638
19.640001391922056
15.72368955270365
20.070311583743603
30.390116981048457
36.74777977242457
