7.335020573919255
8.17873160951613
2.148526286240201
10.752347905002937
2.672273236999256
1.5251564543030813
2.3917381399156756
6.732038064069077
5.082011262644046
10.939026728310967
3.421269391745839
7.786875575049262
10.342197314406425
1.320188271870884
1.977135015545394
4.893352794153385
4.620603978751419
10.888561379063137
8.860422333094085
9.081586352395874
4.457665195860093
6.084352597953262
0.32673789824740673
2.571070878116967
0.25217344084269566
1.7870039540217633
6.893782205226838
11.963034529908661
1.9586975191751606
0.18229259234306827
2.480332943923346
6.094723800590261
5.41887396869143
2.8307012357737373
0.9652809101674107
10.637858269331453
5.790355220977546
4.5435557022251265
7.781660176756599
0.3814620913033311
6.543961279164626
7.389433035333267
7.652541806393225
11.082613012399435
7.2701175103972595
5.718876564442215
10.933062579754699
5.6979180051406
2.9710831804326725
3.200833565084806
3.60739312542807
9.151692489068328
7.1079275383594345
3.633321095037996
3.1651304949835453
8.99544062854491
0.15390334454218912
2.2792236388248632
2.565731958864217
5.568031723604661
5.925459961809107
4.044309470309766
7.716741330894301
20.381012489371926
23.780505739312865
26.778489372124245
22.43991780431766
27.358287786300522
16.661997783023242
22.813710659513564
24.5839007725273
27.993994618839615
28.235647519572325
22.741672316984754
22.275802841117862
21.126250356798042
19.29084236343789
15.059292710006403
26.021637313894175
19.670290566081174
25.363653042562014
23.647139562247727
22.57295036178825
16.563006618390432
15.234424936579124
27.675473231126894
17.627594597510118
18.39711371401673
14.725625497766844
18.975282698474413
15.343266373625742
21.74122017038372
14.603406412509726
25.94822832004215
17.85084352691879
28.277155524592274
15.011315056707108
22.263230283344644
27.40286964221035
22.35932754225085
21.19385747584844
18.326757472556807
23.309093904335153
23.879964537069952
24.24784374642295
19.66563101234927
21.029860938289183
17.33640106867633
43.66164289696023
44.01845562843926
31.654601656031296
41.677778733433655
49.87475107349923
31.580387387486272
31.587568620942413
48.60631471194668
38.66593676831965
45.68547507792242
48.79366812859594
36.63853220042185
42.1695366445436
49.65366241726454
34.56064750257495
47.788796966492995
47.861102450154604
5.6441259096016125
7.51534617088187
5.529192442868643
9.418875986441542
5.172249092289688
8.590656309598334
8.139101532189319
2.1626480965177066
9.486357601280005
2.7975839113794083
1.195672813945622
7.823356819739695
4.221525282858664
6.750718549091054
5.100409987382581
5.511016534878806
6.588878108836611
4.174472763802294
2.2460913691679547
5.2793599325821505
8.131866768237114
3.2570811505035353
4.38253431380279
0.34564448647424584
2.2072258268409546
3.499102822180542
3.5075508996916636
6.168075878407962
2.1444565850435597
9.747729587724244
5.150913822955302
7.126182997976487
8.58762954665379
16.8646075023023
17.191737011377608
19.118601000196296
20.151678064704175
16.77942956534287
12.451391059846047
20.703495303302965
16.599632454281398
19.67132271562905
12.40224663826811
15.35705546832655
11.773462753094844
17.123410753635866
11.825756494705335
15.057229770446838
11.793142238095431
17.800814082823692
13.78257200200901
15.761536773212015
13.913121561236894
17.72971221999546
12.549565093785867
17.37847407131892
11.655809450824165
24.71551584563768
29.61709181699712
30.97171361744045
23.179076551973388
27.009613480550623
30.411328880117964
23.042708216263208
24.088806826088735
23.127730146034377
26.506938545615863
28.90874139629924
25.12131818565882
26.28027297749057
25.995519194528494
23.30577254657166
25.049891428343024
21.959462630644822
24.34990015476975
29.51175998348769
22.027894731342883
30.660351095838063
31.285726634226044
36.41338605621592
34.05666304576414
31.443127086338734
35.51941977649174
40.00309153295301
32.31116378709356
33.86035778250368
34.476886420585956
32.37675211404929
41.67418495557392
34.44875743919837
35.2780173059028
39.855039978760445
34.69746785877025
37.856678537182574
37.380387633598474
40.320085151764715
39.485147536723765
34.31709156360109
36.14680188737595
50.66794576317398
47.62545059294409
46.71725171714634
51.29049639535177
50.95663357940743
43.28109211284913
46.687351042948976
51.627548220975065
51.532829208653226
51.2127295091824
50.14914896010113
49.629429773907106
51.82665240208678
46.70207695532842
45.144008368351656
43.40290116338088
44.99624659870327
42.03122499635245
42.71318656041712
48.08280790713758
51.59268120981142
51.59743549385602
48.43752186879568
51.39733138481712
5.909456653343816
5.753891962553523
6.709624644834472
4.799197087921729
3.0678521231116522
2.2212711425964082
1.9029093854011552
2.446092051950028
5.3585228525719115
10.248175372035279
4.689784158700922
4.115829039682206
7.8729028013590945
10.409933729016098
4.135630740495266
3.8665944477764334
10.205730131193436
2.756670448548288
4.853887469995578
8.694055075333434
9.357948574573147
4.145104797931487
5.103492414507289
8.93904825018457
5.099671479597866
9.002087288207267
8.94708656828131
2.8597063981760114
6.207343979241669
9.319127297748853
4.518631734793253
0.7607856258342531
3.178260935917408
7.745057967332327
6.746308874858047
6.468351179694263
0.38511980547291813
0.0816848485690489
5.174621448708638
10.874980303166758
2.9348267506464287
8.100593566075652
4.795457942611745
9.837720466847955
8.594772908449432
3.0078582167092396
2.866149578831423
6.914971925474606
7.356584255129574
6.397433674687049
6.774388152119693
4.442548922877453
5.737138170871059
2.7842592236763015
10.26425726926007
2.0034600806235794
3.8320818896338062
7.388029466370657
8.951595445032687
8.732761990796664
2.9752632936004217
3.8004286597726185
7.094306858443137
8.344031338220185
7.41380267638632
7.088157434619775
4.100838729203562
1.2146285389168145
4.516036414234706
7.162040067736197
3.6859853206781916
1.0378733614105649
8.89080149390536
4.302096027945059
11.476819916509468
16.712555996071558
17.02783365204377
21.696556525234648
18.262898363008322
19.198035848743547
17.866167233823646
16.27978142870613
20.99035748819353
20.046570495823588
17.73059174906791
11.526011989400809
19.03610712660264
21.580953789152495
18.482240914579666
20.148898981837263
15.007612501607877
12.269156168242674
20.867500770856196
19.898387764902726
22.229068609838812
11.375204092206435
17.018788905724996
22.34309377643251
22.993845600922224
12.418747042023885
21.87859367965055
16.701055314334575
20.670884719462673
22.47884961061899
15.878136925963657
14.673321126809274
11.309083644145186
17.02806597092534
21.686865082944852
13.180596390895783
18.40698353803652
12.99099129203854
12.284419011879274
18.122596450903238
11.357016296548515
15.618047463807468
13.014342642555796
18.43513461378629
12.912626570648902
17.47102366950926
16.538739704752075
19.679108471856605
13.752323519103207
11.727476009411163
20.736291291187083
13.930434241976025
17.264359411034803
22.24946594717817
19.464349762354367
17.53441239642063
20.740082547822944
17.758374511673154
15.082114821413093
11.922279761793437
13.814302035040441
13.235594407059804
18.515165579540508
13.045861790423713
21.332500014205504
15.46901303795932
20.590715492556303
12.243848556494413
12.73627705784612
3.620730414184532
12.024716684639149
7.577641228461788
9.746613606290653
8.892128556269247
1.9710093714558976
9.625889231143356
6.26995861375989
13.91069256213934
9.458250904119593
10.90438728081496
9.108383586030229
3.884050273112498
4.871151833779484
3.052925844501729
10.28206722478596
12.229425289736898
12.27152226750963
5.598546665073284
8.560311337761195
10.322083834573633
9.828228112711008
6.754177728151566
6.322650093949862
4.881730352346006
6.4175134932243525
2.5639648581998316
11.393536552616302
10.904373098053654
10.211133815645024
8.41577665609708
13.230191912224413
13.494267393907773
2.2810703765935916
3.514157803622793
3.544274216147941
4.50998236705501
7.593555198494072
9.021781842920403
11.083656810513354
3.2225466825774065
12.297583506329028
11.215798878924616
10.302862237921225
1.8751701439612516
4.035774899169761
0.20989217609190813
7.467600920545303
20.016298880041802
21.88732407558844
25.233424821366746
20.945745873796312
17.34679853589846
19.56333041155883
21.052277760625195
20.77892446785444
25.379345554406264
23.504160857638638
15.332844534913319
22.640748899021755
27.120153181874507
21.663122015720287
25.270816879527963
17.205229001037075
17.24983551317487
26.654737151118514
21.358538623819534
20.777640566962514
15.33457699031276
16.45724850690799
25.960000342261985
25.107829254096195
20.680841116519595
21.201571327753424
27.491706185467372
17.236125213359063
15.770976709918873
19.23244541164378
21.083411684013292
23.281163070259502
27.659274017569814
22.402164478174736
23.677819865851127
26.236497950290985
14.909404517370923
21.480887682635927
26.263007323450093
20.969539753506663
25.92678948176358
21.95209464996702
21.021063689687587
19.0851411703791
17.41255841811153
23.85146837216984
25.174213274034102
22.37395252103479
18.606173275501554
19.631560447997398
27.581171236646348
17.003168624264653
14.980651622851248
23.48938693317728
20.795280047219002
20.16102229307623
27.196575403420027
21.685516297119303
21.897203748315576
19.79649476713096
17.769996079316616
25.77277975047987
19.241286064181047
23.652612239762963
