56.66225115608761
61.05378965040083
50.43103839023125
53.470616505350314
49.06981163262678
44.96532039506113
52.466128178366375
57.685068873426744
48.78737535732047
48.39087719126249
43.163262841336234
46.15911320119145
52.65089914882298
42.36067451827907
56.16781158131813
32.73981844386777
46.31597710154101
50.60130447292872
40.831704665834664
44.7101290093864
58.58446103813509
41.68408892226771
50.913274469098134
65.17773874566274
56.19200142942514
40.11557636235148
62.76652488131646
37.58078838144979
42.004473663178054
55.06449367360821
54.67546419973931
41.779921115343456
50.582902892293205
46.368047368788496
49.63491196673907
37.17351887005646
38.500160507878874
99.6839534630115
79.37996191201987
69.06286140152669
69.10911802487632
105.22842592605345
87.23239224739162
105.37378059315205
86.33496762285682
108.048687111229
98.87624814324319
99.1197474115065
89.00933189636723
79.49460335854631
85.95958632374547
92.3099746063575
74.3419819565232
100.5976475643788
97.7388283226625
74.83825161033802
73.59221711039058
83.02770354201
84.59271449817173
101.32719455723482
107.63914164951531
97.40170521788303
101.6096888816348
83.43138500204307
87.0176969139416
94.38932551276223
66.45320676419558
98.70572913067507
78.74786283479604
78.64980454761654
126.95234662471002
149.19716159740787
124.55624478295245
151.97567681313242
122.49229174727337
136.7238219798299
137.4961562797909
124.64875071697509
140.44349992340997
127.10557907811972
131.990854512216
144.9201082152076
150.9970816882241
141.4370793628483
137.5210617905329
142.27778084070036
141.62080472561317
147.15050755004913
138.52861971722461
153.6630879111791
123.90082890959914
143.6080298391276
