8.73267104332293
32.89663758196202
28.055559873200274
19.359470529720404
3.3481720458307116
3.0401614306248703
21.181258878327803
24.21253046083621
22.790859317700807
59.1875016849019
64.26045588390322
33.91286077292908
9.754099178986632
8.969846936577532
31.60221165647243
52.43713455313038
24.075159772274546
8.946709729404908
18.28575932309257
49.2734928958677
45.35778305973508
12.083732543432358
33.46445685629593
8.206840482211206
30.85638216643022
51.6455802868018
13.629909247164157
30.534787882300726
37.47836982618372
17.34950786469443
34.83081569610538
59.62147634289989
16.445879063031583
34.418175892813
10.969110081930065
18.269759810597034
22.58375357538793
13.177874798074399
17.52622211734289
20.16071300461892
40.26488550973779
33.16428322429809
28.837345789148344
52.72978951752312
9.761182825593448
56.40984305614289
2.476171020890664
42.743382575568745
10.487732802494286
10.053838282152526
61.970437996933214
24.523922603308606
21.32398278197856
20.489036244616972
6.368579502171993
37.77533249075873
63.688559808214826
18.838313970959533
35.743525799930566
17.795272608951034
41.1648361580733
16.231978790408135
55.3006477602941
55.18099991562325
9.765199621837258
23.46530842713514
60.13493166293439
21.424112218352825
21.60974094019963
36.98382467496025
63.229072179526824
36.013354421322106
22.585351593590524
38.25886293612649
9.156469250202
6.812075232741034
33.7973755217571
49.60222706679452
7.487296949790355
61.56076141646969
43.969630071851405
8.492073171201493
60.48698513211466
47.561374996437394
13.85207466816087
14.385360035233479
26.453024436034873
38.2725496908009
60.55867104903942
39.91312553234554
43.70803607116499
52.259778918814135
63.734217404614114
37.51558304488097
27.32023212652981
24.336664016210037
39.978416963055004
54.022176934447046
9.320817821099538
12.435167213314955
53.87859476432449
29.256952437122756
55.05912160715629
12.221342861669704
38.95192417750554
35.52415017123512
13.731534181774176
107.48186700517331
148.31356461239886
95.50506865186027
97.36350145827402
68.8766518025717
153.67628075645248
99.23740026468221
68.83063357991145
114.2226116196742
98.16583118698614
131.2260491468184
66.94267556399257
94.04625127880355
98.57735028302992
126.40447179448883
97.42558443003688
99.21562897329221
77.22962940362292
130.75198678163494
138.01093214622657
148.66939847358032
68.3498471122548
153.00253091862754
79.18750269519555
140.24910835776947
156.8175595992393
142.7626655337043
97.84339087995163
117.98387530603917
125.29976977733229
100.02484008248777
119.1440322309908
71.78351480565897
76.9315151462852
146.51560860523182
75.97061867983986
84.15721388506324
111.01234457781594
108.45639455477762
142.9988694285498
82.8005374049519
104.2827463120224
142.5638288921067
83.65636926275266
94.28451042294624
113.52303431808447
116.4820860348315
106.74431777281025
100.29776616933029
142.28343144547628
87.69534612437378
67.76713416988183
92.74290948686748
135.47253069291804
152.90834725600845
84.79942688142006
70.40322656701677
72.66295552301477
116.51576037560815
122.67428608931598
136.17025950715714
129.2961590060636
88.4654256829534
119.28721671718417
117.78527078834259
144.45513328803014
81.60262869875385
157.0901537021416
87.4133014461722
115.06911694103329
111.85780577985811
135.52032135383985
104.59496463171908
150.21115000455976
89.5375070327872
81.62592300081958
129.77104599768782
146.55284793605847
124.02713671321663
80.7404696379533
80.62323329127268
134.32138152738278
68.88144088236083
102.32392364367682
122.52349133417553
67.01894974432291
76.50415529427364
142.52496808968436
117.01527034124294
79.38937698586396
76.13789843743075
123.57410694772015
86.23721737847453
129.63395433646224
148.35588390486143
141.45214461169166
91.74102939440849
103.33782922996436
153.62467766591638
150.2276802765324
113.90636939381166
158.84794413577654
129.41166586058137
111.29206631225631
144.35613000089086
126.15275241781919
100.40250769195254
173.5582587343581
244.5238781094756
230.4647669638097
172.4916059433176
301.6898285244621
256.2573791582099
241.3743383254055
243.20381186355814
292.41778772193584
219.87434587660147
223.07253280759363
184.14782191300077
219.46221940683975
286.73726742912896
299.6016257302352
214.74266961497196
166.88655773665263
219.64624453260586
198.1879001035425
166.68541516981568
277.729148951051
259.23346610282385
236.71433968654333
215.94585036583425
253.89747385629562
270.1932391862879
269.1011545923763
308.1779379483297
161.70516316995457
183.68215176106628
248.375186301088
238.99959913981692
263.10388246490345
186.3801546442657
295.42482680620964
174.13179166425624
239.8349293706745
257.66598354479817
247.1166883627568
173.74411460746978
243.65804352174212
166.19715208338008
289.83632626635233
223.5646195456925
221.63700723493685
265.81172231168904
171.32458067086492
238.2249861645159
284.7436726147115
286.5358759075284
246.629286756036
244.49241936519755
198.32062459280274
194.4970189239581
243.8822477909184
259.9141241619632
177.47614048205173
273.89939473258573
304.4552414574805
235.8798217303361
211.24096999412114
253.76129516802408
261.8356393189333
250.77590457558986
171.71140819561404
289.1575821649414
187.3647523720461
289.19339755190737
291.06170084338544
188.92471817834726
191.6275036418512
189.90391489514852
248.87680831168865
208.17360346565678
267.06469881807817
207.16374902141592
224.37660631268568
255.64543308434793
169.3533828745792
278.0807029273164
215.99875913378298
206.7134996106826
162.73277322632248
241.5788665416249
222.9820527051672
179.62834585901894
184.12907616103365
295.9348789051199
186.0956641770214
234.43267749294353
307.03105866013783
270.76370920557605
266.4766736883086
250.04366193673323
245.37244531768383
178.80322065165768
213.75040166579555
211.2462430880512
193.3403662219133
175.4220742312952
214.46492996850168
267.68690012069476
227.57940732774696
210.48406886983867
213.65312152083007
248.64411761782355
203.64008408636565
227.0802473118512
237.11836396542682
280.377318276269
207.245507756551
279.95921779326034
250.8787852278619
281.9819130932785
197.6417311568506
255.61414754961956
310.1632632676467
296.74725580990804
162.53474078824527
248.55526798951038
181.75326578614775
259.85953842546405
246.62911459382272
243.48805455761263
273.5810704554553
291.25886956847825
166.13510981838442
309.88423705741343
247.0250302860114
300.284843521644
232.35264842730774
243.1651563953498
163.78521680452428
248.74807800932334
194.39466635631408
182.17687378420266
208.44365555164424
289.4888395868583
263.52133381623617
240.51190343210283
234.56209741565954
171.2050847043527
301.54176467912026
272.38961960411905
284.61192406857106
285.5194684186289
229.35490739127155
236.9302112538352
264.2127098608454
304.58806639204477
285.305244605166
313.7201644308155
245.15782802749135
296.8317921366045
273.28403247191625
231.39040373859547
232.4711790507765
260.2388957479499
281.6592034812411
197.1888551298503
317.0752554143911
296.5804094970492
203.90810082668955
231.95215176759174
203.11061076977958
289.82649570716484
316.92534156393776
266.31974909967414
279.4366748511167
281.66635566932473
297.1568366847593
284.8097826730806
269.1009168850473
283.19885675402725
176.01740832799047
261.51078498987926
270.35785910659945
313.31506805193226
171.5919961294363
228.32060272886653
162.1547169639224
209.52256942068453
206.9384513145992
257.62194029266254
272.1478427484206
183.31492506058987
273.0722173491478
192.31028218718706
286.0977960435377
221.43422218927367
291.21067467826055
285.2432987375823
317.2715480629921
217.76900394488266
178.97643609498894
160.0001283855256
204.508230722115
177.61523757803712
177.93299554740304
247.87896923233626
160.40512189602504
228.01908289210073
196.90946850481788
296.35965643445445
172.79786887745638
192.60962266653954
232.84090994314334
314.12165294698286
251.213657309553
278.9142492906172
163.79361139117242
172.91101464706924
239.31555742428174
168.92481963135748
224.4949446246371
309.44851521626913
230.33999080581705
165.2136240231472
301.38050341636983
271.87083730845154
258.4434515460096
300.8307899421455
259.38867791043805
197.92307972215815
279.70040371468474
166.92471472030462
208.55840393252058
194.42562864354272
211.4741978402573
172.99838497359605
226.40754504259297
274.19826303002395
238.94573938889747
259.9450247091553
224.39054422270968
170.52334305458646
245.22846877265522
317.37607520749617
243.80071672336598
308.9370075175734
206.3400972956026
221.965348846791
277.70270018582823
165.20195415797468
251.87719796558534
303.1946526097801
236.9480733437868
164.07576709344056
259.6345816862099
206.2579555469095
192.6977728960998
225.62047907787354
242.58127508663884
205.12854125073105
273.378750261443
246.2020747696401
205.07069267606488
171.69126512380348
299.4379308954568
294.75618516544625
313.7742463069552
255.90869278589378
231.57393802732832
284.89504915802166
277.90570421677177
308.7079253811059
182.79659988844892
272.7183988160949
268.7767254374676
255.35929931054906
160.02293129066595
279.2843401814499
240.05641808546605
221.3596697314556
261.87002684312915
310.5422507881882
201.2621385830814
233.66441507605057
263.0129154481587
229.99763223204818
215.0204636638478
202.5095086717029
221.43849438586878
187.91012824001245
247.32523923007443
313.2807503542014
256.5483112838149
287.960974398647
213.02536238712707
175.45620225063539
177.32512007197732
270.3423455173106
230.52904557672863
280.81765810928385
278.4045844239037
302.311682466667
182.06423679763574
241.7492093879281
190.3310519143601
167.15598195331998
177.83612096979522
212.42296674929065
293.6248990533655
242.09080827207586
173.11348024052143
285.7796936811802
247.96448718116412
236.82106620680153
307.81246565788126
174.23141681250434
193.74248175389755
304.03082502065456
311.1406140123323
252.6383062881322
199.6531398872077
314.4018638458636
191.0036571201021
263.58198030545043
238.7577560567553
168.98525627988803
300.85939289893804
209.1456938038131
266.4863331543982
292.1151118514595
163.4364684683283
304.8025765646454
233.98904803947636
241.5884938642496
224.8293350421403
185.65051086349197
172.43329141731635
239.63711390646543
192.76997868806
311.5135750762729
303.8943686782818
312.62755794134205
270.4291517796876
166.1570737287352
215.24874374543973
211.89771535429819
308.58513545256466
176.63171464608286
264.94947626447504
248.15367377854096
214.8534950461412
200.1905938633554
196.8360320795669
314.05983814782843
240.9866841933946
220.7693311386735
274.6199210852814
307.80037424368766
234.39965785579113
256.43854279728487
207.4714246699548
197.85714829080058
235.82375976232535
286.4862308502474
249.96368805789007
177.13280209443582
165.39922999159762
299.36253026019017
211.13095637873144
284.14535327316975
313.5994233032992
260.9119039692166
172.37818232650798
218.7989946012497
203.2046043959289
170.81748434878227
182.60131820451397
220.11728003800587
219.20796933409125
205.08058303690754
311.3869808710592
303.71697263777924
218.61289260461666
288.67590829294596
223.05859830560783
239.56613407041968
308.1061789151961
242.26576088962625
268.3128558131803
268.29951956593993
174.77757241802638
190.22182491999547
228.28055754988296
287.35732884219976
204.01694884023686
195.0159618427662
244.5711826360257
191.99894090420577
239.2999137426885
300.82787268809534
311.89218140854837
213.90929101100664
234.7450105686369
182.09593662218901
306.12429875783744
220.7602652232836
170.5865200198661
184.2561630643766
194.55271365243885
227.53924583714607
247.37631856100046
293.9351305648595
244.05409792057878
306.41755363212985
271.3621016099563
257.9001459800819
194.82678485152388
175.70229433383508
302.64853953160906
233.20816148156388
315.3417396767195
302.53364073751595
210.89548987739138
265.9038177562988
210.14501956052038
163.72058992747623
211.48145289776437
247.6640940902612
256.7484300412593
162.19032562185458
293.2712790003913
237.3356048137699
185.56110561984445
163.5896557875826
203.79533668940388
180.97852744618498
244.23372349051047
314.4708139123761
254.30936575936917
232.3997238579187
232.5273424118437
207.0393479920953
224.02829997075145
225.96699198082464
211.33405691280538
229.98713496156122
222.0154172405001
248.50628085799175
207.30021243994952
245.39953738984784
261.2270438978031
279.6733891099057
164.51320626946693
283.89509151100447
232.20732412838606
252.47598829033015
179.00769764192296
201.7100841704592
253.20436811784427
195.25089588594523
209.5102224654512
215.46128172736658
213.61916588711145
162.43578335038174
220.50578808973586
292.4236737050158
279.1978558043299
177.1867414473041
300.9326570388181
289.60598225320325
245.5325471175062
229.17705038119192
314.0496381818609
255.80514508484333
285.39240656697456
242.93982686489116
292.61563114805153
209.89904090261655
265.6296635960519
214.5437260568858
205.54364360952997
207.84994965587717
180.079070013077
273.70194827303504
199.4335967951044
207.6174133327704
239.06120614472889
176.44300440369426
181.2767439566328
305.4646871105577
181.88058711735636
245.81756831548682
263.7172951576515
318.4574070616957
208.4922373762755
188.7123176826012
305.42750828918383
290.1385874047191
239.05270432443655
299.3978416745683
269.80177975649985
255.58354875622518
249.47300251954204
270.59745962092154
214.95471343992574
264.1715979053554
293.5476945678622
275.51078947541754
304.4027032194188
206.02240799442467
283.3784504064537
282.1141036748571
209.83144662784164
301.2042117718188
209.41126425456608
181.47158630387898
206.80313194841676
281.74705118343
298.8127680245772
290.8760313286233
276.19436968175495
200.81770097175402
268.101786697673
206.87900473875558
254.63097908544123
277.8699560740722
190.1732970105329
248.45044915913383
293.21425553330664
230.4319993897104
255.44755908749536
228.88452322615757
265.98265864717723
170.7425025301192
198.9736602396081
239.40475575799738
246.86419059168145
286.47957739967484
164.78781920651227
295.46704701484003
264.2903513290347
255.59289300704646
194.68152719026216
213.34648171554403
272.7036868320197
210.4507142688161
184.35428124493095
267.24232290731703
284.38558803843654
308.491001340423
234.06977590451638
252.35556488589387
171.22316647749565
310.0536238502743
274.6134640165102
249.69178762759225
220.33062161714759
222.50589129665056
269.7245562851326
235.90052131474098
238.66824319053532
205.700355065527
234.05149628966916
194.86216741473544
201.06116668823375
314.2119698758429
311.8061991844874
313.889960034428
236.0361409662166
214.85753864218577
213.09841383158152
255.30428389060873
213.1991905997194
215.01484156101628
273.6072121666296
217.02507993531742
219.0216089532065
209.85955015725358
237.69275429969164
220.83311797980463
178.56113269034591
318.4994438148058
296.1870562236723
225.08510118248228
220.97914885883625
220.5310950984857
203.12544640717857
224.6514582221777
305.7090069387397
237.07315002156673
188.57337761993074
251.12073499367307
222.23958756995972
240.7558529891967
310.9463837062843
298.915455178023
192.0916513314054
254.150359298362
255.08603475585915
206.32587323856757
247.81367275036487
181.47139655726568
210.1911900526388
251.07400259887004
197.9815839043068
185.91386766010686
184.85492036017973
216.07324451379174
284.3336721855253
269.73176238487093
230.2765362490112
298.90853021513715
269.3440298074482
283.333547294743
222.14864758215663
310.58172003405457
251.777412689678
227.79410603190703
238.14482032364506
239.262305517096
316.6630991809099
314.3727651679733
288.3265979698488
168.07189563092902
182.3295525322663
251.12731702804655
251.04651147546556
313.5930316347174
248.26164991431435
211.0100478487268
217.81301636483647
175.38964135198282
257.37830605143847
304.22504527973626
230.25921000407442
195.9070875713562
266.0841390539787
295.47321486127413
299.54545429776374
267.89540401126106
260.4868087142978
265.60033214052913
300.12974571270945
168.53472692391563
275.44074578807795
248.12350689146103
234.0344873861123
236.45861393417303
231.17370116914634
116.19942147599193
63.475968552901435
28.021705621604383
75.56112327603493
14.596444434721363
64.62794714043545
74.19099625808782
115.76020872898692
50.225738428267135
18.366558510321944
53.80868804222882
60.51684414349542
6.539888540347675
56.83950522706974
3.2088269853296083
99.9080241655335
67.58996328519169
57.07495798784056
19.186228177121045
14.982885381083868
88.03620457344255
66.9652346142512
60.144472119366256
62.61881997417408
83.76932616790074
56.95050064267883
45.36433222058625
96.2764637957671
82.22606235671486
22.582169878414433
47.7646621716161
100.47234714384145
27.224891039258722
66.72315893327468
63.018592834884764
74.690832759568
39.76414575124276
34.814672806968694
114.94663036515246
46.801553110424635
25.58921666842901
15.001542400824164
35.332365753691974
84.39997719005069
24.42554108630023
78.60274142162567
77.98416982633216
14.602961508816001
8.099631733879882
53.687804089938496
96.24262254752708
52.16936503361095
104.82251108131746
59.63088024872094
107.21739490256843
87.57566748338711
118.58183438555909
42.25138730347483
77.96587863259718
112.13980546213216
100.40162792951378
75.35507474147741
80.99683568679112
54.33828263420414
92.3897269673262
13.274203475435542
61.17056935509524
114.23387933032924
107.61143149329332
5.3057668798928574
19.154388745294682
112.23475467036783
68.80896209627073
89.82655111203175
43.882872984439786
42.9037614661118
92.17044391920426
59.15346998038392
78.07645292022758
111.7531188007033
82.31875387482452
77.38122001317407
115.55631611455183
35.35853707979109
92.12124806062947
73.58268137884376
8.20358460427574
93.12854960393945
108.06953646864554
103.04188351137302
21.756768456340154
86.8726274300924
70.8553090503804
98.60733952209142
76.41017547451918
107.48874681879141
62.10956369549541
52.389682124840036
51.56889583537733
119.65149281765758
107.44650038542049
103.21528883878749
32.39238886271279
109.95762191617457
73.93020905264903
41.317105746504
42.75451050425558
51.06564652774668
50.21587261013303
5.259457233346183
61.61852819922793
64.12750522409051
60.802010349729535
55.28908431944205
84.63813062690228
89.03346354242521
108.16403496138193
23.432200821890177
101.99394684446088
7.368730243336792
105.26977803339952
59.45280567041535
64.7775393033128
26.890525476366
60.318699555899315
18.948059789769786
41.24815542718885
120.420550480392
19.211744058802196
41.311674556388795
28.428815967613545
28.28843421854512
74.85802681222965
43.494002669494776
51.72740762469126
73.80289053905823
112.83834718832885
75.23337406829319
107.21991612590023
26.802052739004694
40.687749575268896
59.939063052578234
67.69130386699157
64.66605566396706
73.62554371357395
25.143531922782557
110.49716100817078
100.8279933729884
96.09077472571207
38.7060748272115
118.36631403131517
83.34981136873708
55.75109622967598
33.89086329079303
85.63081885353292
39.14902520539482
38.48642153632569
56.81790414787743
6.860705175125297
104.88608245427179
16.47010223845256
102.6231548158346
15.61527169800415
105.2324991572286
63.27400304923422
13.752774387760596
7.575453755858881
95.24679477224247
64.89571166381086
36.353687479760794
63.82071826018411
4.7364369219363525
59.36583938732264
68.24628427909322
68.31749433258948
106.24358421132499
93.99637099314431
25.245577979824688
27.71355146047172
32.243679537489676
15.642194009561116
57.834386218310726
44.8177696297124
42.149530900166866
30.71577414600966
52.21758280496418
66.09949901756913
40.55132468278492
109.16108607319042
4.331731229535826
120.5565803881274
85.65456195291205
57.22476821676576
110.22737307141911
85.8546292799222
42.670971682397365
51.84349770854628
11.391617009748586
45.327001376878705
91.39023158095145
32.38002353900547
76.09676843784248
62.8354352625557
55.79176990030862
85.24310445346487
36.508125462525925
61.62377017432425
97.0059528648436
50.34960758865839
79.11606659674715
29.817416083583396
46.796537321555405
50.587389370014705
6.276854723358667
87.54268698971126
55.30086188556642
59.59009707636138
9.623614007781221
108.40791697530798
54.43107018614202
110.44098402841973
38.32996814910567
90.95994640438155
74.94696104747665
112.54809219793195
77.6742559885378
67.31847766686776
54.532641768622774
57.9796005634917
90.34651018381632
32.852459436167
50.542153528417565
58.28305811273721
111.8155958311192
9.081787966959418
24.342371323606052
68.16216131647226
100.75242142207898
112.22242212525072
45.05960736154343
71.86929978447739
16.14078916277743
76.04991709934595
95.06251529056169
14.209867970525671
105.80463396372701
94.21411326345823
13.744575101428701
78.00723566569543
86.15372938085736
75.8178050243264
83.02062719792819
6.2588866473866105
41.33899747852041
74.0597488192768
34.11128403742234
40.53035948690619
79.40928629366954
63.97139390005196
62.688751837029955
105.17424704079005
34.20830927782528
62.609416711859865
81.15590746459837
51.854484802138074
80.40092621315375
33.8483725815114
43.4466192501085
69.36408585060056
118.46915730266414
81.32938774843218
38.13960544334174
110.05047877582317
84.42816870572457
30.686321191273237
61.49098507484477
97.3145902144777
4.329765822551835
103.76591090624677
31.697974584093078
90.19577224535212
89.81749869280651
87.88326268209443
107.08877149524376
49.60568947642316
113.58273022666975
29.33218459814192
51.588482363662706
51.07018424816173
10.475894002225246
114.62499582573133
38.57740797463535
103.18009333909193
16.146430962527297
78.51491438193491
93.74700896498103
62.25760049693226
57.034908185481044
78.6716495223536
120.58627518722955
18.939642564552052
77.54838891004783
119.96493066782406
67.97976768828843
17.88468856860151
92.82824512789301
44.25445726528955
73.88748087086228
59.98106817152829
21.51115487923233
57.986285777267916
10.880661362282687
48.276283644626446
3.9979093616331483
49.77835229700034
66.43873344452393
9.279816670034783
29.988225002212715
108.17125177952833
101.15395724848956
72.53587758686417
16.222395416555734
67.47706030413028
27.097764794962508
63.440616215841395
66.86505574172753
40.11808017630274
38.2778355479404
96.89568072869281
34.949349347863986
53.9289943157925
77.58088543868715
59.577070922913954
114.14081752339504
44.789635166712365
33.426415700488235
16.036374388740803
41.852181475334866
32.02184033278843
119.29211553334395
54.13498281681923
38.91762995794278
81.58457207740491
39.96449249292728
4.237653110726157
21.867687403595937
70.89437379102182
65.86273556440891
26.88499127401809
102.95376489010552
95.01905402673802
53.5306086964199
44.80375070528453
102.69091320660299
103.45426543033403
60.005452280487845
90.51546628120116
55.82348783728013
61.93424197245883
14.958688438249531
28.812677650350942
12.308828775053172
107.4407113918023
55.5449677400169
33.52998625035227
46.100901302391094
23.786680952832448
117.81552683481723
113.51979916957697
33.55236875848105
69.05147591467113
88.00119511836598
44.71747659809956
75.31748838627553
37.35832549657663
42.38079853642027
103.42889735602682
38.84858394070485
91.50477812588093
5.974971309502273
66.63833099728647
66.0844017199183
51.614026396153086
87.64169595537388
101.13231299256955
68.6731881726393
13.067369451617651
24.734847989039658
87.11845299116229
104.64448536049969
40.56575284725537
95.65996792013465
38.41792950773023
26.18924483614081
5.282637824943357
40.35657999872133
97.95419535890457
98.8486632528296
99.06267531664972
58.17603304036551
83.98354330815296
93.55459757337479
119.48485452277319
91.33106896801272
12.787077621917057
71.5438374246696
29.979090488324353
47.11249604856906
70.73548033898474
106.2277350911574
64.46449016968081
68.77434528158972
86.4756034012292
42.907357543926366
85.9514800933363
50.02824677955945
9.960541665681973
77.62787908915584
109.19104062137049
67.26529252723763
15.464123376632685
115.96152622498226
45.654409910923185
15.03668899282583
83.0890320346131
38.15557716122438
76.75410591267666
16.799329780408975
58.087705978729524
70.90830234777974
113.92316691905174
80.64638789647057
120.21069959278296
3.199575000383767
27.74749395795304
22.75914696975363
87.00366127390794
62.24392454021793
12.6979314567971
4.279153381204765
74.20794142020691
68.75636732569717
45.84581715586518
29.61172761528001
82.21759425756616
93.73777101647335
89.69532124096641
80.45154242061915
83.48702078535736
88.97698569008813
30.615497887562817
86.85486622272053
84.37482330566198
99.87987918240364
118.73840394788988
70.4230419124036
79.91718407259027
81.90254524890165
115.47248207231314
40.51312570738564
103.06548786246361
93.93274979139045
112.7398184280491
73.21402965609134
73.44761404880342
6.860790736341791
58.59771849527502
82.67668996904828
73.31433562683601
117.88192660792095
40.18567321537792
8.70217072507269
33.23154235797164
107.63129277350171
6.705680797799978
37.81768193135035
66.70713247461094
71.12908866632874
80.8852940682946
89.74226690715037
92.88037347197829
58.44067554904335
96.74791839980367
76.73439249630272
90.20481840135778
117.44173688415236
13.416939839064916
92.99016727868818
56.78012527557369
34.574546910121256
115.30553607830237
23.937835008949136
23.109919887614716
75.60639465330732
43.96051182612206
63.42163736660875
89.65519823494691
104.98031185102234
84.60121197972282
40.86994063694421
36.39778853972701
72.58098485989542
72.32048860001086
57.54551097885276
108.25164037114266
73.00979871877507
83.88142483999584
21.00024765553804
76.59614278528176
28.71077281533359
51.0273611834579
29.40108596613586
114.15805482518317
67.09537492918486
26.338191404675314
70.0631214157019
93.92352833420824
64.62641382144474
96.33123678220208
50.653129742633126
70.2600884208812
82.10590128836607
43.84711509239591
107.47967011206981
8.664438859371366
53.05419731101642
87.58639643331502
113.2034310853852
104.23615365792011
85.62965764260164
79.53753725381178
5.949084742577853
87.44945013443487
59.32032508647952
43.58279608897719
111.29853848181207
52.41987344060443
107.8032332322129
47.8619333230333
87.3459450597381
65.5593478518296
82.5631984285767
96.2431896777187
109.440199812776
67.29715057160644
114.95997586259023
8.653998448262243
111.47141422402433
87.03387930770845
45.869289137157274
92.97238049976146
42.55841971824356
54.986844380803696
54.24546402047621
71.80091076496097
68.20662917837647
102.36134198649754
57.1647399816511
24.903975822812598
31.670904233911862
82.66035997638869
4.016086498200124
93.28420413705089
108.15044507565626
8.571530515679655
31.5415129375851
103.0613864256016
109.75007877836853
75.54722832802123
97.75220924287026
82.45749762011746
104.83187305699008
20.20628706530364
73.19071263552941
60.7211679046546
110.14729073356762
25.074764864961544
8.84479347952501
40.84386980989416
63.43351316107096
93.5175707967318
94.84142007757566
54.82032849387029
42.733707114192
76.16325636043909
17.594755417067034
28.015813240233406
67.54371357723132
78.83492914099374
45.99403027172387
108.08000524357132
36.09411144911762
68.51605484235183
73.84811281138302
68.37443105541162
52.99941498039361
67.2704019043597
43.41325491076883
66.01024698148655
98.18328791196541
25.23407259111721
44.385683162324185
79.2816448523824
71.48254403579396
92.56988459972365
94.25955171825726
68.58523682340983
63.888176308586175
110.40719677595524
65.79360996903087
55.64417173149946
27.717013569790225
64.70555554382805
90.75178594987278
6.133894057926746
109.40778562829385
81.70439267685056
55.77830981018842
115.8532325281356
18.029567670026495
86.14765079875778
73.80160782607139
43.860021480443535
12.44064904273543
44.933237568804486
80.73954026480021
100.65312384157072
17.67255209798781
67.90926821421404
30.794487652553848
106.53583458299974
34.851777064314234
54.176677218181
50.8691754739955
101.69636489157787
46.94624557214659
4.237283199573291
14.981680985917016
22.53345145018097
58.65046411086137
119.41714501958907
37.61667482936454
107.1776424548758
28.38422301123905
76.19977175126922
43.95711415901661
99.9719950981257
37.53875601629699
40.71652522282511
70.35469923335411
47.04141220023284
49.12223106890802
3.6515185372293146
11.415143743351138
110.26778816325961
3.90659044294015
34.58854548431133
88.66235113732387
21.042009291580825
94.19883911733294
100.61550964474642
83.96525648306877
95.16399668113806
72.20942641095111
20.614078019488417
73.35871399770808
90.60346679730104
37.04617810920732
101.61647063886124
28.939789535762614
11.164605713732598
113.89764206912709
112.10630608068254
29.88715125362865
59.849744143052845
47.02162720984714
12.880871392105526
30.612597142621418
46.71543801112084
70.36192630367756
120.99192117932111
28.533035449576744
7.847273179233923
107.7888023897668
88.57768476017885
67.86227328180911
86.39108343037611
103.05286307904314
90.81452783783351
111.41557756654629
58.241402351146725
79.90330051850127
16.168643895786964
36.44715922443055
36.18444474452808
79.86583373326383
36.69155975000191
51.34630472073228
80.29512270325404
79.73999035819216
16.24820546186764
44.532685721063984
4.6945641071929884
68.8956114363847
112.30989811205085
25.49475297388699
83.13115891892167
4.02615880279626
68.94750142678738
44.8165216156561
15.654720845145654
65.55288034083861
111.7560706642642
108.26744418877135
16.539472900508294
80.69798202146494
53.621781393103895
49.06050613501871
97.66516210460033
34.09221870179836
29.37733768008699
26.352657497133137
74.28236895273619
165.8541377275392
133.35163928363366
136.9729313176733
121.20151650940232
198.4885836857488
197.1378223987758
214.0441833722699
212.85470161630724
223.7465895196405
171.161655208778
144.52884496294706
187.23006313242848
201.7533759093205
208.95693055831313
182.3838062170951
136.18344146024543
228.5486726515924
218.0114598157591
192.70157393109346
159.56640005493696
190.57535385448398
133.99100925863362
138.01180034204475
178.8567706439314
197.97295447901573
169.89812699810807
178.8859750754989
185.6413458580243
153.9585657069117
226.30067245175198
225.94779676337902
219.76742172483225
202.77576382802627
124.18568197299285
156.07942591455208
134.0385379025105
166.46448047870845
221.70039645867476
130.94207901145435
144.6409362901217
140.01782336913078
132.19269904145793
214.88278212198506
153.04037459352014
199.58136141214388
169.40269556215597
135.88314329060387
214.75067960761203
132.39491653687685
143.14425311053972
122.07601473070997
197.67553648333956
177.57821407346543
169.18140744340715
143.60993334059617
203.85546057337692
225.84511876485368
224.25485408217662
137.8103857028494
213.82529291339543
153.91574713352347
139.3123375475128
156.2443383980236
131.54480000229103
207.68337803093465
192.20696747866307
195.45828317649492
190.45897517495362
216.87176309220504
222.41475252461814
130.9857259803456
219.69354102340395
220.56612057463173
190.01195701492063
198.6006275844113
201.28363833924126
123.63118649852645
146.49193421435714
184.38737993426693
223.23220441758565
176.35528948043597
181.43823600927593
121.20288017221527
189.64494820313527
224.53237806822304
170.6828853984987
139.56897782777287
144.10563588225781
173.25032741733799
207.80124511368493
183.70333142270172
162.64619624112962
191.21446319670892
199.3734800696185
169.9126616992982
183.5901428796713
184.43640879312122
158.89237322977738
191.37509291189988
172.1292234025961
188.67390276177926
205.61923517969996
133.08042894416894
145.56592775789312
161.4236860409905
180.03468698156678
198.67495559557315
186.36280821650428
142.4729487594363
160.68096771929717
174.08053938066627
210.9396799326795
198.6582904775093
166.97035284947572
215.25385155777042
194.85514462040234
168.4189834291198
205.21030679006572
141.82666072903953
204.21291948020362
216.97570347870098
178.5729931975412
130.87938150454266
222.53220245393706
225.4353986797054
199.3646651341958
140.81038518294966
145.071739246771
198.96032901599395
217.4337455040657
228.89220997887122
140.94008963397854
173.78532233292333
141.26759812312628
151.53510182841006
166.6998928804594
206.78416653400953
130.11402975628997
140.56597418490554
127.66374858467461
194.19602571067495
122.18143868498593
177.43644341879693
160.72820083922636
152.19581718641868
174.9877081907041
168.33512525021996
185.52843918519142
215.18909025411108
185.38026441960096
216.948709266475
187.41873755807308
139.4724929935461
150.6125532665941
181.785929116279
222.4481890711904
142.00300094724673
196.66801156684812
126.20476874639422
187.95211582477074
190.53656255995557
184.12619447958645
131.69409546661592
202.92500247322943
212.56977018781515
178.2739205193128
210.98119090544685
181.8804775151289
224.14481179338543
215.96957082620912
191.0770914314926
192.25515378202317
130.22548283572164
189.23547339336906
183.07076983839795
150.45502056243674
181.32640537673635
155.39779061034892
179.3759080269443
153.9384473530723
226.49568738947664
136.63281434950966
143.0087068201994
164.57409596311737
218.99483200752582
165.16295466536025
161.93646361039006
164.6822207015384
184.11708730745823
207.3366669936164
136.73821229811998
188.09580118861962
219.67768641853985
166.25045375709104
155.22532749780606
197.4901152142405
131.78873401318504
184.37542710507827
164.70673748359457
162.65270841619392
224.131193779452
215.43516811441697
140.26063139496364
122.47728954786402
217.01923488657326
176.39742881633885
203.60142858848008
213.28586716826086
222.35741977144482
129.82950946292738
164.20738490140576
221.88410351306229
219.32307487732047
195.44505773309098
130.93523206000486
199.97982970923366
181.1052795595358
123.75868189958602
167.23292973650513
123.84017426793075
161.9703704915991
156.46229999028537
199.82618145694303
185.80637299732936
149.02169095006508
149.2572649775354
174.00244096648325
219.51016991192594
173.79386979285883
141.54145993359452
181.9427884893842
152.36987986394223
132.49402579923049
189.0057686445423
196.0744958906641
195.74854410791045
197.11842235624988
199.1767967424303
171.70414542077225
168.0109517016734
168.6132679014945
182.56839740312503
179.35783830638948
156.68978998938982
164.77683916077967
177.9653260094593
157.33731130518177
195.94111146363844
181.13460762976277
208.31930897779517
182.5404104303625
174.81989882558912
213.49657872535022
199.16134077712715
219.62610856739525
136.48469902316015
173.7334715747673
205.14702254674384
153.52714035759507
210.4958625599016
190.10112860059178
132.467295101079
172.11510252808378
164.02513230249485
176.97720354667325
198.1733481345289
215.65072115267614
163.67493743520205
181.19068155894195
139.47557579550676
163.05335352399408
207.28251064031934
205.12014582350068
215.99411713135706
144.8944068070172
172.9265743460298
159.83967763242535
200.99239289433254
159.81739969095176
196.79517168392138
198.69681329295835
135.0164110780141
219.77992050792423
202.44695689850232
130.7045004178683
152.3598093879519
142.87469470426478
171.32124860828196
162.38875372823583
194.6905111580834
221.80545229556336
198.1596039272667
216.9521868089548
214.94962742352277
138.34677582337977
200.80489822621672
179.6067564772146
142.62060837624006
125.30118763646118
173.80574836289028
201.87751183864543
175.55664011224763
207.71543150015512
173.1440455825365
153.9692683213413
171.05475547261395
137.90631690861062
176.8932505168925
186.86350911102866
151.71314090145052
178.49675394014284
179.3494812262085
202.1363085942979
164.86955776031218
166.5649382326193
214.2484186778509
204.4440352942517
150.94582483111577
187.4686036793987
163.22664747584543
193.96796320665004
167.32859621128463
159.24500220667647
135.63051459370897
151.14955696477668
186.451910842589
193.55281919978867
207.47456089030783
193.02998785211898
153.80078788054774
134.63377755753413
123.27750269122615
196.7668260127402
163.81128770186447
127.97411463798474
187.62994679136924
162.36080192286659
144.63708554534043
186.16016868363974
211.19827320091386
201.70985381557495
198.2595197304022
181.67676741844045
149.87218865645303
205.89609192468586
202.1467729918022
218.5359592687211
202.6070610418448
139.3482672744941
170.9800251434293
216.2041604671748
136.7843751178954
216.0862597933156
183.21469306884111
136.70327713420463
121.72003815557372
164.85521595943257
183.8777064827088
170.0892001631797
132.31505642869556
200.25892662784776
141.11140186871842
157.75152865412556
224.39173563402045
169.05510208119344
229.97969337135774
198.3204845706579
178.56741503536395
150.66813506893527
171.5061937932963
219.93308012044412
193.89129230723353
218.5916940527723
173.53402964384364
203.8103416044549
228.98622114837482
168.68860934852725
143.0089781134511
198.5297431326022
141.86461969986365
148.69153614148132
121.83973799960002
154.8363289335623
168.6370148401053
146.90060621440253
227.7699512897709
202.75930783720082
207.9995233232071
124.64481559310963
151.3672231193035
219.14619805727406
223.19003701088576
216.08652306975586
188.41089620980023
223.0787197662146
207.50758952488974
144.43424275607498
129.63562694601265
161.05082318108194
157.66162850270135
228.51354503324993
189.3809840772732
199.26719266700482
228.08466203613844
216.74949747621224
188.6520169320101
129.5470622340955
214.21368591945242
166.38625979884858
185.89500827333498
134.66281499938526
229.6930742788864
167.31467072342392
211.58754270683187
186.65228228690108
173.57623539128963
201.30692213066132
121.81820625433289
156.54895348178533
152.51924382077468
138.04477105789226
156.1401663910869
209.162152989066
132.04403026109966
174.99757582335434
203.21283480470342
197.45125563806866
169.0244163754054
127.1472864548452
144.50578556456773
199.50242669790623
195.27526660769854
211.3069870799991
147.1779337505696
204.72492057496478
204.74856153467923
188.83641546226744
153.6705764911825
167.78515247654286
161.16636871639778
162.46952294646502
181.41076335848578
127.8424000831393
213.8698211241357
124.44673184295806
227.51025842009426
127.04910646959041
196.56901393327036
152.41365547485805
160.9692295314792
206.38782825897235
127.26449198200223
160.54647211648503
162.631541934653
125.6470302521962
179.91156932808997
186.67427724898803
124.3533293127625
187.26168599239068
164.63084137215475
174.98814133667358
228.45197934027402
124.7033781109497
173.58120784099182
179.82703388475124
197.10293395130745
135.15321057752269
206.82617486467814
166.49269017282734
197.3384230455343
171.75882522752744
144.30023946327674
153.8021100774953
196.53868112887807
175.2214085293424
175.99156697382915
135.88813319872133
161.35739126021548
187.69255121260514
157.73674341080732
209.42738564111193
173.72197168929503
197.18374640542925
168.32131677851368
198.40444983245624
162.80161343126977
224.259005648269
162.50662077430908
196.71462997192032
172.99317759800476
167.68409667248187
176.54377503397788
160.6234921111693
203.37185120835477
164.39890265686438
134.68274082735047
163.63390963528013
155.5589358629544
186.25800517044516
163.47830158270907
183.28456962022773
165.41773774704455
193.03637866482728
157.856439416886
175.34553635093596
199.64080229436223
194.99232517758404
143.12398729739158
165.7311587594315
162.88204271655673
146.77353777306374
137.4276860558411
212.18794020796187
159.62404080591458
151.1184329221756
221.34279055742098
212.54782121520572
130.17571285876386
149.52060022134106
206.5268728490541
173.30142537906627
184.00636461725512
187.61783534171053
130.09093272302496
162.58500648410381
184.02677752999028
224.27501399889235
201.58432105481918
124.93049289134314
143.90586363901903
225.21415174001953
222.71570683738688
210.3390729197444
138.09391423751293
179.66913727564216
173.23619574394843
160.22097338045893
211.05573641863356
207.62017217892128
185.47060953011086
142.8936065162932
122.86037959995775
187.86625974934557
169.78100467713384
146.6575554503895
205.961492397554
180.87774210816622
201.36362582552707
196.40047004785956
194.05155435151448
209.01306692128605
170.1923353182322
192.1952007963495
141.80426431335314
132.84682042010775
122.57348646595548
161.9754682071594
150.4704502652986
138.83129587026858
144.16891285874834
176.48683597961497
190.51569227036455
125.1147683388933
171.1189273281945
148.85911811879043
129.7925984305465
149.80343902830722
181.40255388718572
173.07520696163715
143.85661289004017
185.07386524099562
155.80636986382643
140.347172410705
182.48852261840958
223.19491213651736
175.06808672487287
162.705215370465
201.90589374280495
146.58484758998554
176.65504136868213
197.65334891582114
137.2069227880538
184.99735124753397
217.50916786113834
128.2327287054993
138.4304789594903
185.97419020925537
219.64145019465514
229.0024810523957
165.04953557395905
218.94766815626605
131.23237146806702
203.2817437082884
164.14618685399248
143.38286165848797
142.73316405210204
127.67303630656596
181.948400858907
158.2403316269361
175.15088126580554
128.2293927765544
168.65454872652006
181.82894543621643
214.1673569350854
209.25006577644183
145.66609013235887
155.36919281736886
193.19562558078061
187.9172013137492
179.07458277400664
140.7533767796703
128.93818941345026
188.9849606416275
223.8508388393704
171.78936075431866
157.89885706819553
190.2514674898891
183.4597776504567
225.3696846561422
175.29242751065698
183.5812697646731
218.85053004464828
201.40684658105064
186.42100791123124
172.65958367726253
181.93043880354196
207.38902202598968
151.47505335979662
184.59788550545497
139.5642082183347
145.08658095284446
124.85712360384534
202.62360101459603
190.77053328626545
212.78266261727015
191.87613610309987
195.0378266529282
164.08933623796435
185.07752150400432
170.86161064759955
207.77598908281527
228.52819924149497
127.85039465794787
226.5669687389047
127.87939491631673
196.56642168218906
229.50986604344104
122.87530232876173
194.40642656438698
125.15092648504597
165.68933437867395
192.6418762266402
170.23328239283728
226.5776379012493
171.8018798635378
163.2625692039662
177.23599567651178
174.18614262845097
192.9706520828729
176.94380202016202
165.49263657823414
176.32650215262962
202.06182901148895
139.91388824175826
196.58626226415203
174.839154777746
157.08381957138306
197.99054202671792
172.86961830127998
159.07007254307987
198.18597160999786
159.42534307741442
140.7847545975621
147.38126705577668
189.1408226946241
186.765772735618
186.4325625403427
167.06958874548022
130.9428583752921
157.66638715013096
160.9623995520837
144.815050109752
150.1110773736166
206.2189938218616
226.1688809956159
197.3115652273168
158.1821356111605
192.70531608624987
135.7076109592748
168.13422262779045
161.73626387474403
133.44079368587583
146.33116145782787
178.66610801863914
224.69039823931084
203.70516921811682
206.30513453914614
142.40105802893743
172.64968602382186
171.05214929771117
144.47079322313562
143.60584385365894
173.8352898191773
195.65536285195643
190.422920496061
128.72375242534946
211.38009982844895
202.32158551222656
154.10176770429382
208.84603223109343
153.20325329479607
171.3701396400801
144.6231998745293
140.24040282079125
146.87282288717893
214.85431187331784
152.40358401682482
220.4885009583641
146.32005924416325
176.43128025253475
162.51721964593656
136.24569805956168
141.97595915495964
300.4773261394617
293.7761095300118
321.48050972908453
234.81011415968905
310.6067707923808
261.1913937078874
325.2742457588928
316.69619746656133
279.2539286414384
293.07589910261424
328.2803200921441
300.68919177406855
321.7938048923526
317.3016390753177
252.53177837829836
294.0625398812584
277.8588247721371
245.91218421549917
306.45095048212477
273.878055518621
314.16783389748167
274.1569183393923
287.44522034423454
272.3964233610646
291.4327115868149
235.0757633774549
270.64352193563684
271.28985607373215
323.1968784338298
279.5022972324705
280.8098705309576
287.4821750225199
301.465113544231
243.5651029609331
306.00047768142394
308.4542199132655
255.05252226563522
307.2242773547693
330.1510334336581
250.3573084591153
326.37323233821365
284.29170526057743
256.01772003920536
292.8243618798064
308.78789847027264
277.51113677102114
318.9958752784488
256.7756762502861
327.71679975061954
256.8490083740725
233.49943286607873
273.507928351091
275.2769963405706
286.88630146269463
278.3697952356238
279.53201659344194
271.78038495634553
249.14453854937895
272.2920636212308
294.31859430767963
292.04069250756004
284.3107424262297
301.26005131550886
274.7699010551026
241.57858313221678
322.3670253866196
299.892957901866
240.54925728670776
286.9709362985757
314.8736125596984
330.47655791116824
304.70361973316983
244.25072752498
261.7418269130048
296.56163425122793
290.9976563646523
256.4425161396289
272.1902527706289
263.9158004444015
311.4769720710408
267.20454400778567
325.11489301245564
244.06685828021543
294.1312607626724
286.61656570740917
251.39355143344983
266.35866654207774
236.13722486043014
311.21185011878316
283.52070482581803
290.14507094344566
232.14435388233522
288.99834259734723
290.6927751137284
322.0216081496908
293.928430708535
284.28129328307045
301.92929017461614
254.98989190316092
289.05591676455964
306.4728277376615
257.1165916395373
278.50687667043337
295.95623101385786
287.16991857947016
276.6234742497777
317.30166390138567
283.7024130219006
237.70392922134127
280.21227588881965
270.55138553626773
301.5355307357075
282.1453326258256
317.6136695050639
299.9770228384202
307.7501903440122
298.54540877196956
267.9187306790323
234.1837941846779
275.496335970269
280.27815093543205
278.5511373916192
301.1337163913146
241.82577799154086
306.3808270092368
239.1799836037631
252.80641226064915
271.6424575698919
249.2638363138985
232.48959952094307
320.46896271990784
250.31089473489996
245.70390673978437
302.4900819152273
269.80995708006964
314.35031051401995
270.5904979254722
310.45467419589204
270.99567367735165
286.58804566802195
328.4555684679975
327.86226616310984
242.39552414714328
272.60751392488004
252.1145505683779
294.480784171128
313.6457843116566
252.10290395870246
297.1257210827248
237.68665624724503
278.26925801406355
297.7964442159319
295.04811414432976
270.04245120401464
278.8518570608691
284.97801841624835
320.3830463942935
295.90678846170795
305.1683417715476
312.744767517088
237.5968503079877
253.85901216235553
266.6172757862651
289.1008386948539
269.78980812519
258.76105163187003
301.21400760602114
270.9777345949139
289.20182796690443
285.4727751802108
246.0835183666516
320.42816502914604
305.15349453985436
277.5150024096404
322.3330518221449
308.47662923453584
274.1871471354189
295.34579312640176
236.219779528505
309.54235164520406
325.13003693139524
276.17057862967596
257.88635681997613
265.55304361518967
258.08149047813407
318.16222771125257
266.4742288753014
299.2755607027351
275.15249993322203
278.2634836607174
320.94661282777884
262.4015812625568
292.9923330922839
242.22381115148798
265.6684199260769
268.8336214855872
299.4874686154366
282.37847774375047
324.1243974904684
277.4966391161329
258.21863034914014
268.77757943735844
265.6508984486849
243.96734804897386
286.9193360200307
307.34200739067455
246.94983229876988
287.44664582533386
314.5962647631214
318.56072354358844
257.1275193504851
263.29106923397353
240.81588349769007
234.75285128535046
247.37067699623628
247.76856970365688
252.61143672877444
280.465334398354
309.0137000557052
248.41805857417185
239.0890059983256
245.19585360635452
233.81422615611237
240.7262388889909
291.2388677844657
234.5759889827924
294.3141603878519
255.4591475806454
328.584826999215
266.77017467714944
310.8925050875856
277.9244316549843
274.54998827466557
322.45706585208393
324.4340493972957
281.9255945976365
257.4740063857013
285.1479451177966
280.9202569259771
303.1553826260548
290.74542818169385
300.36072616345996
262.31549726834004
310.71915205762355
311.7618192753657
239.94276590004264
284.7347709180848
305.4045138167304
230.1493394531313
269.7873053184838
281.10375380540995
302.98501139901
251.32129979381534
301.23644239332884
269.7242592543486
283.69226865249334
311.6840847727439
302.8162827310941
270.70888124063566
256.1299942650265
306.3668879043881
291.4090059570864
289.5520358848819
298.603569551179
302.9647097134922
265.8600544903691
302.3369795605821
267.1879518853426
268.0930435202268
267.6895083185481
287.5276863535958
244.34704875210065
263.4823851342006
278.26029661270235
287.9844102414326
243.2942508930655
291.3549238149291
327.5595055738367
266.15944929875786
235.69237002399598
235.95118871102432
270.1695321009926
251.83108858441284
251.92774330270456
330.16579934874426
308.6480208439069
257.97115722335525
265.4552830077083
319.6393204852315
311.0372108135813
253.716364203077
248.01194621615807
313.2595811927064
253.62040671498661
236.30918954119883
232.96408060861708
312.0018576703493
266.6359431085197
232.77594006297807
238.05134585276795
311.47941979267057
285.507119161711
282.31648118773273
323.1112330646105
270.4654163961557
286.52371605777995
306.543597774487
236.06159756293965
242.2009303893387
253.3014994569765
252.95051948956785
272.72687880781604
285.3722770279875
282.9142133407611
264.2330028833825
297.3132651570584
299.5327663505877
284.1802510358484
315.0039304849687
330.0393595843936
306.1108027432641
306.8561976618513
310.49606406839627
256.34789155510913
292.24690870229784
317.050730706464
280.4356879724159
327.56923200682667
272.7851052946657
256.58075290390593
259.6725828698937
281.90537423539575
312.40023905490494
273.32478380065584
302.63322222793556
261.01263412656897
276.62076101634136
291.06725673923984
321.8687170573775
261.5150756424118
321.177326792796
275.7514795145878
312.3877328379161
303.51328227811365
289.05958790525756
239.19348409766894
230.2072221866099
321.23966126857925
272.757033412976
305.401966427985
240.135310155627
302.68405406344596
269.77690242734326
329.25635981181415
245.24621560366606
240.12677601670617
269.670246277553
289.6172987545695
230.09561904165687
271.2336367731191
270.6634443703488
294.8614167842105
265.67866991096696
283.42499645992984
230.9609395948808
248.55834495899458
324.4859594514795
308.7818141810704
286.94136141141246
283.7717232504576
300.2204229307543
256.29753597552553
265.18459170526177
240.0493302327411
313.5347677006862
292.1947840414249
242.18511814668676
240.20638149779109
319.69397991370175
300.13383981072616
270.92770276757375
256.03083750023495
273.00814734261456
316.2243420963071
261.34628487608114
279.6089574074246
314.67614454934824
239.80925955099957
280.6084040223337
325.4836951722751
265.3117186882655
276.8456924286927
309.7742010730855
267.61535376571504
236.9677820709852
250.17757465776594
293.0282239226459
292.629722936277
264.2626666566794
309.8091462915146
274.65047778364357
264.06628795767944
258.58312956286204
236.9308265095646
320.99260746307743
295.55912209803154
325.7809942195038
314.1775270342938
300.79535961825394
232.5404580347486
271.6989800251736
250.5874297940081
330.6696663675952
245.78176011733038
250.00966354347565
305.2935853071956
240.27051613997986
252.62702741327817
236.0528317247726
290.0252837408395
242.2308886419093
313.79838458425195
296.4608486639531
283.77188990350027
242.64096032218598
305.5603490434295
274.2582166273803
315.60440052973985
321.95479968130786
316.2337759183537
307.36940386499555
305.91600068645954
296.7830078755414
313.1025982108211
286.19176866298113
246.77186637278788
298.3346279647717
297.3032627590056
279.16165139148984
307.2660394501612
296.1548190575719
296.6157717216014
310.58960986505303
305.96811675388926
251.83708849896988
313.6149485612181
296.534936741128
279.23682716705133
302.14461686547503
291.64115845884055
236.29121054704368
278.8605496940224
310.8437854098079
260.8950055531426
273.07286363793196
290.3316515042311
292.93529375591913
330.3806470339892
245.3942267013698
294.78305718554805
292.81479577324336
309.0054013491715
292.3072572685303
316.1595644682106
293.9470084327577
274.73684441112425
292.4403407385766
257.9174040690714
289.4355662833013
325.3798985477419
257.048814226828
268.1352185185352
287.7315920330108
284.7097720928994
281.4484555798112
271.5123422000205
271.4304289291883
282.29015794060405
320.9299329396643
320.89829798679017
273.3802065755149
267.2637017145003
292.37976467656665
293.3554113392934
280.8566540157095
318.7945392796864
231.79066310305808
245.6890750829871
262.5094983562914
311.3789650372956
281.9007750161447
268.7467216747147
270.24504129002054
299.942944913586
264.4580120857283
235.71599850691973
301.0579970958569
241.94704070877015
289.47027853068954
273.2670708910165
272.66558114669846
243.68643412672273
236.79114927942118
274.8240241562251
269.76088268720844
267.28256575608515
311.8777265082043
283.22534884859175
287.87291893781537
260.4186485092209
328.33317055796516
251.18936969432497
289.71064848693675
288.70809006299925
280.6550198448168
286.3175249797674
294.5922875842155
247.74334392424825
258.7495064159666
246.32456588477237
289.52196125329095
307.8125404237908
277.80458069909105
299.28815149669265
304.7663287212876
285.8319666406363
278.33860386854815
235.52537448626077
239.87690369517452
249.27966772491936
276.1823812357818
250.34008925390606
243.4803120944381
242.10787938145046
330.52129179181105
293.52095525473715
268.1689664455872
277.7459945195201
294.53728806188616
249.8581566437708
232.46684301139834
290.08354355062386
299.1135208470795
239.94948919124383
253.69313287628904
233.45882522449625
268.6032736449157
329.9101558283652
245.00584835701463
298.8895564845627
256.9051418490186
236.37227505067614
255.15982418427555
302.95579246440514
309.5010796480073
253.26602633211724
232.19188082037988
231.71374074367358
249.390724187419
240.30246019825722
290.9186593649236
311.07986701704027
277.69597558940694
293.1247774667158
309.67432053089993
323.1720811398543
278.0449917055342
303.4668614517671
310.4602369730786
272.4469915405267
252.08434605169074
318.5784562339755
236.6672375741523
262.70114867841227
323.65167393996376
239.25463481933562
317.50294732301876
268.71386504534627
277.1814231644995
263.8909406814417
275.0487459614778
277.9365025903289
322.57059178349635
290.5749755001706
265.17226566680966
308.0024678312361
268.85921858537176
315.7877479897804
236.71961624280698
251.69804687538462
272.05621793001154
279.3622396562556
240.65001003878996
245.96827364220408
324.02947423684304
283.6384837998289
267.53809972380645
288.63623017721585
236.19808773883733
240.24335926502675
280.417008767673
246.63237516181846
249.60554684989398
329.19761913933127
257.3700135338151
252.0030859961891
328.61527456413387
277.97871188442457
277.67988762993434
256.83569344909785
266.92458002122675
305.74742535069896
311.94654028872435
278.41835214638905
248.48548767976934
329.4762947481384
264.7649161292136
265.9849778535942
283.47156677029295
232.1109528840407
242.11324387561405
307.0164399306362
248.04522542470852
290.0575356118841
240.8259545299817
286.8731202128306
267.52493933668575
293.45884445233344
271.9345724580011
293.7731751857841
297.65938711604065
284.2997461724032
272.02623050103455
316.3518570141794
260.8248007720748
286.56620855030167
282.35215419031493
236.48054938146464
249.48206628222317
267.93464893415126
322.8830189431598
279.96723767500634
294.8721207217595
258.0887015032126
287.3445054665411
318.8833326891216
320.64031108594565
281.994759909099
302.3173513900882
282.83514686361997
278.09019004169943
234.82208504453507
268.2945862089326
292.5553148257117
322.33478772126614
269.6232195080768
329.42372917220814
258.3699393835438
255.28280110771271
233.91096780431343
237.77350753263056
254.16683591467097
319.49419027744494
263.1076833035072
245.4422574855287
325.2854057361035
234.14421460631928
285.4353181474566
281.39357167815723
287.7148246655999
282.64894374592546
290.4347288827091
278.67337153526796
238.99464989031054
267.03844172868236
292.9190133283037
232.9018751057608
299.01115561817244
322.44899390719297
236.14668127601144
268.7071475639749
252.75043899236096
307.36295296962686
323.7078922198533
295.68353139152146
293.3002285093751
245.26708866600546
258.7586071460026
246.80861200979245
317.6772045759975
306.16290074655376
256.22324398020584
281.7759737031439
237.48111398003067
252.79143713595707
319.7144068548003
292.7828920658511
303.544968758142
305.5391297465123
311.5333951611286
257.73595494208206
319.5521031101313
234.92565125060938
256.8292224868249
328.52696780680657
275.5118730505944
237.92472395151134
286.23532129073607
252.00788591511198
250.54456734812223
314.3886400190602
259.48840779370073
267.4769976399356
327.6192424201052
281.36851778145035
247.13247549169364
256.45779472246153
312.2560660976374
299.6581570209845
269.44004689107027
244.98401598896072
287.4861905834685
309.6686025076812
