17.581626229859673
0.42902769781416517
17.963265578010564
0.6193473968690419
6.892360317392799
6.7279092838107895
11.28036811930998
17.731421516638825
1.4439898787634933
10.107378348008412
14.608440833499873
3.9479396813978553
10.213718357993232
0.0064475381790778385
9.38648309147669
7.4673226308861
14.24670759777608
17.489304169074884
11.471657996135939
9.198844187189598
8.500080781968304
35.035633908590384
29.04081962771202
36.98115003982469
42.135441124827466
33.65195109410906
22.161321468521436
18.66875674632816
22.01281931972762
33.14850679257229
37.58254634192737
35.92758440883521
27.61354225773604
40.877757007428855
24.039520297053855
19.292161505750652
37.219971686338894
39.61246749793351
25.399557622833516
24.40665900189765
33.682128518836706
30.143237650179557
34.41195943647735
24.670703684492995
27.320658648115366
24.32111610371665
31.565382485115595
37.93106555827146
38.24560244226345
31.529340123103275
33.09892703385668
28.233221490276826
42.5858440928893
26.06352930739189
37.733956044472706
39.79159199149566
20.932991553408144
27.89556234870729
28.849940802799274
38.48824872298677
28.776430950623887
38.999079296410876
35.947915052174345
20.213644055718262
24.089907304198363
31.113639319340603
21.57376951279202
26.43799217642527
29.640169650395464
24.34086819735538
34.431051836251726
26.23624123321381
39.94130846189168
20.631266671664346
35.42687944652626
32.55814140434757
33.6870268426441
31.572932320024744
6.0054589460169385
9.906684634401564
1.018467610853937
8.74975038629017
7.268231378163529
1.6946275320918769
6.703253734268011
5.751333425654193
0.35579520471082304
3.618274107096096
8.83040886618751
5.592560637229567
0.4028208957450987
9.374358288133749
9.418503859748164
0.701705524562751
6.834349514039599
7.277890835423902
5.3986475009215855
9.397161253148605
5.365993474920553
6.978485340960585
3.310575170451492
0.8565707923850416
0.8889672678846408
2.714128757818253
6.836227842222678
2.2904726015770493
7.220827315980323
9.573997744205052
6.81348615876164
4.375268560610057
1.1977588230640435
3.3651618220745885
6.045523366977306
6.624353621625682
0.4724547044859486
5.170442866143771
9.718092381644635
6.558034041033961
5.316132770038347
0.5858600563157559
7.104265480952694
6.013095409383596
1.7500815367706188
0.007355762807660149
2.326628593927243
7.256576087339306
5.102451849444012
2.442948981412135
7.721419507258163
3.1446851235056084
8.992395949964912
8.413011510229996
3.8851046599397447
3.2777554712622567
2.747136349965768
4.621946649103781
2.4225583619086093
8.560243799781114
5.050142079822589
9.183505441680502
0.8229525326813345
5.422301102296544
2.8587065237536056
8.719841721083116
6.626688523893766
8.04815536394166
5.5806881375189095
4.105219025438192
5.019972427727436
1.8515465328140532
3.5894419780555893
7.3770689067644035
2.1668937146634177
4.746104644304965
9.433653934243145
8.886742125105219
1.4644170352979446
1.4587460418208527
8.816213133766006
1.849133241969568
1.7801376046964332
7.948541924291255
9.508382537380527
3.4039651462492775
5.552836116495187
0.9110336621557789
4.887235094103888
8.128491305960306
6.575332902299186
9.03940353105385
5.761669912094147
1.3389637569957817
6.723128308157225
4.296608012599684
6.604298930956258
2.4652247203478757
7.060315402265955
6.401096731787369
4.9715475524572685
3.455976707649819
7.70635094201429
5.675465293450484
8.849785079729823
8.691979168663234
0.9119422884031554
3.444342621678209
5.944545171068967
8.957601432606562
2.788979670152707
5.635523422944995
3.935296347647867
1.893781312994736
2.454970785815282
9.47549525292043
4.43983688517636
4.050413517650948
7.0488769942243525
4.652680863163885
6.391671600098771
4.638419361708211
4.2633755111834315
8.715951294518668
6.310790790597838
2.177795303838222
1.2633564734513265
3.4218262467109364
4.782175293289959
6.6968087535139675
1.5693549880096573
6.708442986589938
1.0770061913906073
4.034764664661067
4.319863206772617
4.276481657769705
1.9966802432937474
3.8227290998315464
0.1280471651135855
3.9705426992159922
6.5324262810020075
2.574596199989256
4.520646194403374
3.4929382672434417
2.686095064530866
4.378899893491001
6.831822558452944
1.8291713245320755
2.576744798246371
7.580554055482239
2.942745560171228
4.005021713018601
2.609881890111939
1.5017831383608642
5.117335049044464
2.0185698578637163
6.492093524461008
3.510417328500192
1.9927558530726284
7.8491537275275185
1.2896910830747892
2.5138967650969932
7.81308918521653
9.07917375737585
2.7791583484469653
2.708901411847001
6.650951324083194
7.976022645259994
9.827769428415333
9.406418596497005
7.626948106863175
4.115586731101571
2.5554959630413445
1.9711494433245829
8.056937153609338
2.7835013512192535
3.226612564678491
3.526093128119786
4.999142149721584
3.6197977201624996
5.562761383867795
6.316372246655369
2.51131972786045
3.864199922420897
1.7468500163720346
2.1326691530415105
6.374999998756173
6.130085994426221
5.914244940795765
2.444476847403862
6.036549660530239
0.1679059551732447
9.090688868422113
0.3553341754969237
9.270038398186191
7.143778117912895
3.3409515314473275
6.467932758143385
8.208949290887352
6.199219073096143
0.7665410478059069
0.8421135697927893
3.5058509092452566
9.913667196240166
7.6156902535745
6.962784186704365
4.980577366450426
4.42082896462802
5.808531275086489
4.896825728998274
3.26059597684295
4.043494664296105
6.027624022367623
4.713392261311637
9.270325837308022
0.567731185031648
4.306205529747405
6.529739864361703
9.157509394297225
4.142188497104039
7.864835286220579
6.5885625603675795
0.42417009308127795
5.045109129111701
2.9516298009304855
3.900685812736964
4.064500852889337
2.082868024399281
9.07268814061959
5.302580021718319
9.88719554675448
9.33056736175859
1.3205779497358057
6.017082326708381
2.1116722803304304
9.277431719302509
0.6342323209883842
4.111443673199137
1.5572107744859762
5.942828440520592
6.785215710895967
2.371189799166289
7.622760186309634
2.0960907550457613
2.097832752060807
7.651989690191229
2.316951723232904
9.590768883294885
8.069820008846776
2.3032401158706324
2.254151965404867
6.526908874593994
5.409008460176802
7.9472769967466945
6.836533805299526
8.156063879031555
3.7115775951929404
3.9167189177914215
7.8964012727850195
0.0930268334777482
2.663714939582429
3.6971918375799473
2.843313414258461
6.019539712784908
1.9010851453377913
4.831496085196825
6.720200446170313
3.455537464598393
3.6980500747796174
8.686019486677978
28.374091559326164
36.30783940305878
16.098106134020583
27.741961833574628
38.021231791761544
24.007989977847707
33.71934421328582
22.083993254297756
36.900659667258594
35.62508782750903
37.82795618734958
25.40825020788392
41.78420333536198
32.69412735056148
20.070355267660155
43.58907309504464
23.68909157453926
18.692301012554413
43.6778319705693
28.97228202522055
34.44239422898454
34.7430269123735
17.340046149037306
23.188753210979037
23.795859392677063
27.767836576949314
32.721496348820324
25.884996237324394
24.089714860956512
36.306595772918755
27.26791247298925
27.608711972038748
23.501067217796916
17.593411198888738
25.369416040189208
11.023156020153515
39.98202250692934
28.333506356177846
13.308405652792116
19.417937997063223
33.36837247147477
28.520030170019144
24.255419803088007
12.783702171386045
36.808074195887414
20.858769327769284
19.751172526122335
26.3779205004466
40.657677772159914
26.162787356623245
44.104691433450256
