15.004624393711715
17.940303339941355
15.785014815361869
55.176784631691135
54.96001388135662
49.18353006661577
9.140614219452129
21.154760092433577
49.73804428637273
23.999348802371955
16.532290552097983
2.685394639312527
24.23262995404468
40.16076043864566
19.51078803081201
63.54350103434341
38.772037687308384
30.33777442711905
52.37192502339117
5.592967130225205
14.704721846992793
45.75701676919057
54.78899595025558
18.103076593101925
34.74827268886627
12.21387415611147
6.688731903989172
30.209827581926284
43.587223399709515
62.35779614806135
62.43948810831843
36.20790917050958
46.840980444531084
33.28889930569249
52.61284414185701
42.380372775902906
56.377601808656365
28.87953069038892
14.603214382254414
44.89552792567295
33.6917963036294
26.907291657595877
30.429516764578878
29.38934367881181
59.808342604776755
61.8180812858442
43.07523896133029
4.69209370544753
50.998337364783595
40.865738729171625
18.383520336319762
62.30381614709401
48.306007177486464
60.67053189188043
49.1595499527617
9.32411065507728
64.42221478018031
52.03139563413008
63.320747854954746
21.002166453032334
24.771198366298577
28.446079980708237
59.473963993521764
54.56342534445925
19.98916384457479
17.809437617797098
5.777492130189692
33.78889099272944
19.507629317648274
25.138931685598493
48.749817313062486
21.467537443772155
40.86210234997343
61.82174913957154
25.979720411900416
50.47657322703918
61.81585034988282
26.391828108827944
46.109136105195574
53.74212187710998
28.683996479979637
48.11406307487573
36.21668406731478
34.44209881148571
54.37294233894022
8.804489016783041
45.58671863702358
45.39530665604639
6.7718756958671165
7.153144594356089
36.829473076939195
31.014011352017953
14.097472901893159
26.347855908393857
14.255666355612373
32.748439353193966
57.209373563690164
48.780102091652836
19.169612896193243
25.789860869061187
53.061910735898614
51.33482324694158
35.108077484758134
39.77412596489454
39.487040058944146
63.48228494393453
62.95996065900261
47.9682614427751
42.247116537890506
31.253098420812645
28.79374390494488
39.66886857950899
22.57897453836717
50.702954404012075
16.461096075051977
27.37940401054922
18.520280138688335
27.86390034963328
2.1866380828082193
23.903441375392326
31.602547785934178
26.756906741538785
32.121657561287705
52.9000646982071
36.588741977829024
63.05556778276351
4.042971630516458
57.60634906029385
30.877455360595057
57.19366445618775
50.6057429749856
60.020624748991494
5.65795997507383
17.11402861249343
24.422195870422655
57.457950649135135
52.65041837782036
4.099485152045403
20.101763428680776
48.16012495379389
56.1563983852352
13.404131001924323
33.459804037126766
59.18543344843853
33.8441931421359
26.325160809604007
16.1211207148131
42.87499648397995
62.256944108224815
63.251613792878416
31.16842093507831
42.43524749574298
56.79964728458385
50.39384380881235
41.60568327411539
37.55135747866676
21.353361306912234
8.234985313788592
36.16206179634801
27.736603696809865
4.554789503442386
25.321400805053557
12.002499624997572
32.18584442344591
38.08573732996623
31.221249886175336
59.474665148742865
60.31508925094567
52.28299400831209
18.96846416482009
54.61684898708661
47.14225697565381
34.510754201930055
39.99790257595463
9.768172079563016
28.87255279883473
24.964557545856273
37.64831647322354
25.7842798590899
46.169390588436
53.7738233998826
45.42401157339338
10.12091786259068
52.917611384719635
3.3644397265958936
30.75744879314164
57.759607388304076
36.78661379511973
40.18763322294214
48.93356216590607
28.358945995157026
21.537978414072995
12.85928855099866
54.254172935837914
48.92402177359483
42.18880299865695
37.29753467895442
21.190382572975906
41.06430486688674
64.671872647179
38.58788615551691
7.514790146753146
44.313304762738014
47.673587660636926
37.610660176410256
11.069022686139348
44.29455848291876
64.69207075727866
22.16998512630009
6.751119229650364
29.594437261846636
27.396056764270217
12.995703156272143
22.198847062787998
23.730260118390582
2.3529211978276194
13.423528159311523
61.81381476593505
26.074476491448248
26.99593763755102
42.48822950804522
29.09618465145411
26.51045315280395
56.47083584582639
15.708944859170593
30.667417089357613
18.740108014587356
34.95850865345758
38.656912567445325
24.57391642326988
42.19740286950858
48.52779238915098
45.22511458956791
14.693669389462407
46.63238139947883
53.42943683480046
19.62038144436604
26.535048201089992
33.927709727855856
27.71504498424212
2.0460988421654314
143.4416017254174
150.4376077319344
119.10185219525974
79.83935378173928
102.89234624628521
117.93774931509199
134.1400204318868
140.8233279101091
147.0037633526645
132.75098113875356
97.27004347489147
137.2713648137535
89.84391964459404
70.86936751868181
105.52939451429386
143.70810188502185
138.81383697335212
120.29850818662837
84.58759178768092
86.49624182078631
130.63502288198075
152.66430544780576
150.49784551997237
128.72353356178184
106.79539595572999
77.86448208659019
113.88991008147406
83.17348577372599
140.3538820682153
128.00800595120378
68.37071160201126
97.43456937391393
122.04205668048834
107.08595632940283
108.17725057545125
81.67019085478792
130.04556555897432
154.16115344549965
104.30189486847148
75.27501506852784
121.41066509138041
110.63033394765051
115.75786088685058
134.17434186511667
74.07109237398468
76.38988443722297
152.5634669270309
148.2383846295001
108.46509408582938
157.82061040998275
141.5732960156202
130.19796507514866
78.15339379515623
68.41195890275753
96.4129851397694
70.69703815700223
130.7249383692137
113.63814380056849
93.62071038984706
101.47016914731793
107.08052950179251
97.93343111582269
139.21434262436824
134.44012711639277
146.92715064306242
109.5759947674906
132.74722520170616
126.38525730264132
80.9100547962464
136.96420183079812
90.0964184853475
77.38477541529147
131.364113687501
75.15469835573789
84.34672065021641
85.56793706396195
70.34357795720395
127.10826891594192
96.53232404298831
125.1822738118469
112.72983094328242
74.4123293246677
130.57711783157433
94.4877774359994
117.26147338909544
155.83360963730343
149.70955431328363
117.35163267938536
79.51865207267014
117.61781767631962
151.5735775633939
148.25623065749875
80.43113985551534
151.03032194094328
93.6854467899993
149.53089695120826
80.67117726201359
113.01570602822278
77.124759788363
129.28201585114172
123.16676258196176
74.86536073489582
114.99148532735998
115.9474551440665
111.17258935544083
141.67806793699083
74.45816986760929
96.76140845865596
133.63793521574868
67.89748667886941
137.44822859577633
80.21736203428156
116.65309939732214
117.42088911667113
126.76465843491017
141.10640638053056
79.27627925667457
79.18662352518626
158.622798055609
121.71572409951867
120.01825095636897
130.2319109762106
81.04560235352507
134.8959535425179
146.46061846657224
89.51030379087831
89.58144107634106
132.19050130869715
96.67604492596298
109.29507179113652
124.04336258297475
88.20311088637818
111.59429079107885
98.19716154074901
151.55389227792455
148.00174123628614
148.53107742216793
120.58278452855438
108.16052768742851
134.23256078720982
104.62970191126041
116.32490496108278
115.8566666324694
146.86010541205758
117.3115800265929
150.74983502912755
105.12522423477823
114.52119453772643
85.09897304667943
101.72548639942647
118.13931878408539
87.30013634161763
103.32234169315797
131.74795261580175
144.27956150366072
119.34771209799877
143.1963336482209
139.09369704004826
89.49562687561465
68.00230700533567
92.83385405513178
85.63369054816144
127.91691991154062
128.00160246661238
148.3132026496752
76.55239144444242
148.72493112985086
117.36237498212282
113.59944021053603
81.75549131175663
118.68227411931224
117.62899917138273
139.26013351526547
116.97392245531273
138.38534243846652
149.3526017161787
87.5526811628279
80.76779985063354
91.8583815252275
104.81397311170639
107.38213089506822
133.08588893201704
105.44298803538378
91.99109766005554
126.89451251141634
90.30382769912747
117.90363975821889
73.44330622081425
113.78235595013028
93.33328488214626
150.13343041979954
87.43751962226266
125.43300146272904
78.75458171611962
117.1623611127284
113.33789670345249
104.70926483900948
107.94456981909649
81.0821498473982
78.31811606406241
158.08323600835823
127.38799572210584
106.62535719369757
83.35228842026889
90.5035257029088
153.32395652156887
72.1876034550763
147.8067761633756
88.33226431808646
103.57825812567293
110.33601962447318
86.92385801352421
147.5836561164238
98.09950783030102
157.2903563794657
152.0414659443816
100.18982190814022
89.03088364862535
131.15578287826162
114.73184760300869
150.93805885634072
147.505967913056
83.54314129351611
145.48288581640932
89.90772745647615
103.36050765616307
103.73650371270608
132.70878710881715
149.6661474987814
147.86001080802237
87.0877496099857
153.1489414071562
111.90326590892501
95.5726447290377
134.2939827658077
148.11269708632315
113.1454333307463
73.05051255475556
156.73835315794793
140.65703947275338
141.86282255831802
204.90729001932723
293.00151819262
233.28821545882315
192.74049059453503
237.3114772945957
304.7487973463006
259.2785962485741
299.4777151787068
180.02448873688445
282.5562378280737
306.70554693258134
211.02919583015202
249.38211968782932
263.98424565837803
265.4929813351109
261.2215393545219
306.439910276571
278.8655819676903
220.09061385086525
318.80991748622137
160.12459684332862
215.27324466690132
221.7914125300444
223.94740102543693
250.64681038664685
166.48893483718032
234.38647543321687
202.91641065516518
288.1073115594534
266.5583542207507
237.3314418212818
226.40184120108128
190.61469967088414
161.08720360897235
161.7564269072642
224.07591817855595
230.24643874610473
219.17930165224988
287.9547226281155
252.06753803620802
195.04425379327682
250.82965964981057
289.17955839696765
273.66330442403864
233.2150209421839
200.6438772240621
316.1863182852136
210.41653103805785
196.9237615526714
201.61160327725287
311.33541078558943
311.15274844872226
208.62567672433406
274.32952925168627
229.9661327497284
196.881952119249
241.4432262679653
213.5530879296909
218.18966216904752
242.98968302475308
207.75615972330579
187.7200259476217
309.1779401135013
234.59267766968892
227.84952268291937
165.79469745518378
230.132060988181
278.8498005623493
306.1363392271553
181.67357106335646
241.55679563885835
192.85749768327614
255.23934634072808
263.4527297043034
279.76481749643773
237.1651667897491
183.21041577774062
265.111662075838
195.83009630232857
196.12909346732596
224.19555873388225
292.2648886897632
171.9217960685022
252.40713097046404
227.65145042593971
273.6142746492608
300.3014211152296
206.94578141937785
233.169484465734
194.62439532808745
258.33543735793114
301.9560117992396
296.3660706280813
266.54353467381816
226.44144044175263
197.6165218086345
203.8516131298439
250.37410573673898
251.01323058911888
249.9607361858295
193.03577765602572
233.64377131098763
255.04717187994083
185.4574369125955
258.33492122480453
280.3510394959394
212.62365798340142
207.42972939027857
201.07347441930142
253.70268739178636
292.38491286548833
291.4028245348354
245.42792873469628
196.73221771185644
225.93207522169837
199.9375469185722
222.49893590955728
271.2364209162522
167.77720808608885
260.09663821355605
299.30735881272983
173.99200818709096
205.68239421294828
169.85676043953617
250.04439757987802
286.0756318937543
268.70899176889753
209.29896820525505
236.4150728538686
242.05813702609606
230.99928057509908
266.1006867789215
243.2247637475722
238.81055520061943
159.4388144263196
234.56559351010165
309.9782189360087
204.95417984221424
266.51117546002985
253.42628972249102
190.2523024890715
302.6371315028272
218.6112396620245
242.13802385487492
313.0768392893297
316.1759206457095
289.6853820169571
232.53530811958353
247.02979179196663
246.43405389217926
290.97681177847426
187.18811077178205
266.51507061741216
265.26223686646074
305.6072643099525
257.54056782843736
232.67388567083603
264.2062612532324
171.01720839200254
164.76627925212148
266.6173550798493
226.63299939640441
256.10985651526187
237.73728165825779
184.9497174473868
221.1306450469579
210.6223528241186
282.94103095567687
172.86898332152867
182.80942791302013
176.96130823651887
291.6834034330851
290.85346896654306
228.39828099547495
205.36184529177234
174.9885966119599
267.2963451051727
189.95304436920205
164.7995629071458
271.1047160677068
210.8898563853866
210.5097561636176
225.78524035570425
318.9723978732584
217.97774567776617
197.46924137381518
179.2905079735658
178.2373159426783
282.32343277793456
225.83127773880787
211.3558353263441
198.71430014231026
261.2366873039609
305.73111919766524
199.0055144603598
265.10695657133823
240.44001163589772
249.48959556627082
264.02317050287826
247.91485653359203
284.665577461083
194.0778324750098
245.19464030735833
233.70792035297094
234.19764229228616
258.0581827951709
178.2198518139785
266.6982722024324
312.6756368574984
196.00686939704883
266.629456967232
251.57140519867727
263.4026324183887
167.64792051734236
252.10892799169827
191.31480011356578
203.32065695569923
191.9415955536073
232.74182698886625
309.1411066276716
217.96007373588836
214.34354725551304
256.93592493969317
180.87519338897047
224.5846806369389
219.61811001496784
187.85741840045355
186.96325883593357
182.69452457815584
269.31883305961844
215.32124379767473
276.8197717330223
251.9372156375909
212.15725657846411
241.31558322667212
236.36343382317887
310.5035330765776
269.05842889112625
267.5372914935369
219.70819258892186
280.03215859902843
27.42812519755097
53.01250969804458
41.46280999940116
64.41043944346686
82.48705167013085
79.70443681956573
13.883944201453978
27.84653001819109
10.737506169162593
59.11156679663315
108.8763572507826
41.39855083228029
59.26433912792641
100.2986831515003
90.74936929730336
99.10041608741388
75.77061203057062
95.42621413966158
24.367654248757383
36.4070904398714
52.89035957189254
75.43919395836099
11.538750872617008
59.38093133621662
42.5495303576956
61.92026458924335
26.164558073359366
4.944754759758062
16.647904792161007
79.17986504050856
90.820679600478
8.713756229339488
12.956248033772582
45.79227885002407
73.38951892287291
59.029236169200914
46.81986477220366
67.34636189722497
114.48816629915714
20.87931588386536
95.6141578320317
33.36966941536641
111.0050628520664
95.78044899117103
41.71790072136213
116.58348028298408
75.01108647006055
119.5835966188942
14.431900185096609
59.96129719935267
53.61277948471671
46.9274559680009
65.26585628845424
100.31608427921543
50.54812806186766
74.13922048642863
119.24459042535335
16.51079013650793
71.28980046480548
26.692579039169196
39.0859858582578
13.185096322769049
35.69335304555414
107.51389024004942
100.89683042822588
48.50293735192815
21.87973821647646
19.363705740246218
13.124969566785808
88.0606081724567
116.17546055929691
58.2032110327771
52.57664071237299
12.514561143413758
17.542154374988684
54.045518128885675
42.161925423065156
13.891821168336797
17.041777533385606
3.2807120229975624
54.88086330600346
38.81689226670359
102.77747166469274
53.25591084389376
117.58685730327643
22.985094572213626
93.6292935109613
111.76929495028534
64.2589656913023
18.399169143721657
41.339360389164995
75.19340319700572
3.6184932545845783
16.90006710506693
89.72092173932211
118.5686010848828
21.46869607864368
61.25055803453116
93.93497990318461
85.28083569324032
84.7844005667523
90.27794751486846
46.15110389192721
41.83282061041973
39.46162016468877
91.12216803289861
109.89864380228109
28.62389043295577
100.80024812904047
85.21264804716165
107.83833874815903
55.641650060259366
62.51031567995653
110.05670728437636
37.41449190222693
25.168864036121292
67.79423996786073
32.890456198676524
63.51510055161599
106.87391707614432
32.07196921261777
26.511140102707706
117.449915712389
67.07869862728839
55.43397266635709
51.315066266813325
6.642415312024617
86.7367488332227
106.32671350860889
4.326658716926147
15.578056710371797
105.84941398610687
39.74662168306115
24.47247062314647
97.07157036340186
69.2168065258513
91.9727880721282
75.92981321306742
22.2475974643952
80.7648583061853
31.51186760414796
68.16050265228947
41.40369152434422
98.69024583328411
107.61727913809658
77.69794837168763
51.38516959695606
15.744426064862814
117.18515072566804
115.69682402024364
61.354583890965934
115.56569224714877
58.7258720116011
47.641974796763904
47.648344552293366
79.52035244652731
66.18372252298721
80.12082739139537
38.32057164450525
39.97033852506618
52.107404475480976
92.75719955565464
87.81729571485964
94.0563869454839
32.01581516920426
40.38077297768952
84.68907851503326
3.1582182453625407
77.07457428798244
108.4169183990519
45.759705890437104
120.92867942972441
95.10033337440186
32.27166721210939
105.87946710047905
17.61148425915627
78.14450369737008
32.72622272912263
73.91694981395804
83.51608927804963
17.231369190050906
41.10976988522396
35.48946199674033
16.062983104725646
67.05879353062738
79.65563817900275
104.09521321915383
118.93437291286679
96.5080648688228
78.65438341887426
22.813593424047674
15.872273229346476
111.5364802227758
30.926535691625222
62.51136298281868
69.59941410193042
119.00882690906207
93.43182897393913
116.2383467781043
70.70495809089991
5.130695182723414
97.06800992226525
57.97875893766337
96.01660798851225
12.501546819527654
28.247227968991417
52.31076229867019
56.308115463833026
76.99253509069027
58.2550489550324
68.67289227694528
86.19152076447506
91.23848471407932
35.16064609899233
17.43612929472407
107.79715327183318
3.758261567621581
87.21089559183721
68.9424230167574
25.54801597075251
73.8626754280715
52.86540944273613
84.41533807659069
66.74469204852552
55.96165763932001
25.83669667150008
42.55404936877325
38.231320672419635
61.47878653535063
99.41232852583394
17.449179139171598
73.62651018201461
35.855868239855226
79.51834919203725
29.806261073001068
53.41092900191899
62.13755295686761
48.915021737323755
52.25430981917705
119.33344254480983
60.255820325569644
82.66965109017086
23.927873475314392
17.527401732928823
21.659941484553578
67.59520954904079
82.45594457471667
100.98787375896714
63.98607788611704
41.3249898274344
75.70686472874112
77.088310446328
26.35397774814748
64.29304214920883
74.47298656717831
52.97291660367417
7.753386300833903
41.713880076014
59.62785501611906
9.729751049433212
32.85638488722115
85.51726403670997
120.934307949995
56.59508249888589
37.948501379594475
34.78873860055014
36.83746292305261
28.03874091061782
95.02982841693384
53.45090820427133
32.80769205836342
110.49401636016435
7.939142986719617
17.406448061860857
50.263904814620915
32.614435896541856
19.5845972311836
53.25092121439568
29.05821678516851
63.277257687716116
116.17736718052188
11.567414951897064
94.4267042797574
81.8089440313313
91.4337292653436
102.28343829272058
92.59511721087361
48.74039347516786
59.450441954739276
69.54621143592858
7.821814011828856
105.2270957737885
74.98369906946627
50.093118009235226
19.14099066477054
29.233517255779077
42.961421565870374
89.50339209228201
41.40658470149101
99.37552235904228
39.674237505559
65.49224522824773
108.68376261137072
46.532178658015056
53.027239842029026
36.22431837592714
29.49075182133361
7.746330889841289
30.767152853347287
105.83433419057042
69.41040618154939
9.22279674844195
101.6691445589255
68.86736164554237
74.30248697084815
60.96372397161271
13.096096652062066
108.5243625285035
77.71774697437871
78.44348727971295
71.19024470441514
38.793267086349786
18.699983844132397
89.54629521862742
11.70929023652176
90.30999272440864
70.79230590059876
27.282412527785134
62.89532739567028
14.121537774517016
59.05816617771001
14.791483095549658
81.49248492019333
102.80146176884386
78.48552520887759
29.836996163927537
53.6057207955934
19.081571923150797
68.97816133083465
110.53796589634712
76.01426651624327
64.02874865712931
45.1162519067078
100.5879959070746
70.64687625977578
10.095338045454028
62.73602783101548
25.354095080438
46.00344170143096
65.75263928092718
47.583052699586474
36.57763445268704
87.33312180215717
77.54299312936396
59.82837213548758
92.72893733948025
35.43148232615329
69.90864309407738
65.25400832890045
38.832622830826935
12.851268446361573
24.511223050444258
36.35267574381943
72.67383720377839
68.92915276225143
70.27553405688815
26.223041751502656
39.99926631970837
67.52196957648715
17.41512931704049
57.999042621494496
73.06633159977882
21.11110331530947
89.37064354309653
23.15214209032981
97.202733394098
114.44331394985957
63.889492655018884
11.350245880523275
26.56626803786827
47.46482821450381
44.09775690186582
22.40951706685977
85.56130418553246
35.36192022470162
47.128008007427084
9.16544871381413
52.59139979735104
111.90629089390335
51.735577940285886
91.25314473316325
24.025712143374932
28.21992647707583
60.05275745362477
50.94806960357303
58.58204804145955
3.0394958419215214
65.98420993208653
112.50877842441446
83.87498118421131
53.07176891148542
43.820974093762295
50.88093484835309
91.8509330273996
31.594627414932063
60.7921557535111
56.02382058980686
88.05491658976013
64.01220083159534
4.5991530869259165
73.59965089357271
50.09122942898915
78.88655408184192
18.17512862318368
10.363049982909708
77.32498625782227
58.18616766042257
42.24730764232612
47.47646153465669
30.519579318868846
40.56714401107208
12.281095853576524
18.19002589281682
58.41917513666685
35.96305475652107
15.717377398458986
88.45230309471563
34.05697508180492
46.647134782686805
22.95913778610874
13.321812665079712
66.57476661965336
95.64461181466146
45.528544745320815
76.48051744284646
59.64494754229904
3.121910181901299
98.24326738570467
44.12908383774546
90.16847314358522
43.405127462749334
38.414653744624246
104.30136339901348
43.634812260136684
78.27605748236749
61.78601283719316
115.75184348033615
30.912794531926806
102.67541152721483
27.97361321544402
115.63059531442514
96.25896919928478
23.343925218045236
108.68984410690074
98.00708935362658
78.5266936579568
38.72743964131165
46.22362601202394
84.42824824406276
78.77239272167782
64.30551537148732
76.07750578491994
102.16764244839467
82.61570586459437
47.64915907581234
117.16191612590362
21.864618143148192
58.45111172745133
70.62844356370407
6.041294633803837
81.6869936017128
78.67220512195819
94.0493087296651
109.68684124031351
67.30875340576658
91.38271194914397
94.98883506344168
113.64587144803323
69.38371635701934
39.42854087284565
56.87112516160944
54.25898611454555
46.299307277999375
56.56184299991324
41.2124029014974
107.16207833439518
101.96903356268776
71.51379886376677
9.147426604548848
117.49594279939916
50.77168072555298
12.496643455350693
16.972794714509654
80.8868675016765
61.344060819408824
22.53339591624247
34.783759078514535
52.114163085547915
39.22754610782631
11.6765110738245
58.54611891559441
82.06068011676365
49.575240734064366
23.453928636735874
38.905522375282885
85.44245530888824
52.07351114479949
78.23773002953804
52.8959701754051
40.40900548577303
83.85574654149583
98.09169518554177
108.4369923037693
44.337139627851045
87.50052092449525
10.47856900252841
80.94102621187922
109.06268553004604
36.08112929354981
113.6107592931024
70.02503765600184
75.5196501155426
75.05128402846185
49.23769547903909
50.32760148624092
74.69516076837829
90.52739586061914
80.72236231985488
35.10501755928659
81.03844546719506
72.83943347634528
86.32238762962596
114.88509947957797
55.46233227949842
92.84181760156443
93.38260759807602
21.56875633398635
97.03873802064355
81.66589254219822
85.96697083860612
58.2318191932082
50.60241323260331
101.7865174656151
37.782561976065764
7.4243379957139055
71.03848924759325
26.65109284433411
7.142798677630132
66.69309449656738
13.386677278512387
116.86939320838266
19.010201822283925
3.0011296305110946
103.4357290282148
84.68541230392965
32.54018462726815
33.81820870703227
71.15974132323872
45.485427001486315
116.97803492637681
120.17415655054296
106.91939933189789
28.631267297990746
87.83317559356058
119.67087616833834
52.870451382557405
18.342539039031145
12.170587169546053
76.23340636661345
112.57599101232464
32.72577776217799
72.92325984933514
43.80126874303054
5.908064313084978
116.47375840408631
36.47937353406044
74.64331066346192
38.63119595788897
69.78787240343347
191.26452764759227
191.98980935089043
140.4442684657417
152.02459219724244
177.04371732503776
143.52090781815298
153.52404505402617
190.30680816442182
182.19930925899612
121.96558123109492
194.85959098288185
159.04101388672552
150.02510005007056
221.38578677560685
170.1194691353036
192.5799699113028
187.9177695412824
207.81003227032005
173.8570977643029
128.54038505774582
220.91025464336698
123.16458343981132
213.2629707599931
167.10798061602395
203.02470723934732
161.20894438047736
182.98994219233626
187.74966526687214
165.30499997243493
184.95198104206582
219.72706410455066
182.54068449772558
155.95979228432566
129.19833336779288
185.27014420127614
184.1670180750064
165.263746832793
216.86668093405103
121.95844715701148
208.7670867930977
159.6256756084439
174.96938436398193
164.522624243772
129.4163736697189
158.23438728374552
197.11003943445178
150.78197390308273
153.8800038677254
159.0666283848081
167.25077521825787
225.74467402687907
207.5133517701612
126.57489629136302
155.85308984772112
227.88684859344275
168.28673235694689
180.8028722353972
144.0003001484531
225.37681095264298
154.75615097305825
151.09962923934077
136.49823745801697
205.94157505529395
207.93135822062823
174.10512992934744
167.56813877501983
207.28714530113578
122.41562701769877
207.55340224153696
158.02640872113614
125.74024627302754
196.77268188794199
157.39048336775568
145.73928763649354
176.72960327264894
145.6135669672744
201.18205585944946
209.22677322201227
127.69456787152589
180.56650681837598
183.16040494259002
219.0406201397169
194.66798002663282
219.7359427563989
189.45398188291537
166.15118669863062
134.25543740825776
199.96817423799396
203.75505209639124
225.93679442549825
223.1786736296349
219.83156398155634
219.9963839458815
195.36075376280468
200.66672248878302
125.19369618092969
164.04520755856745
185.8112057329225
174.6419364338264
180.53991571418513
185.05865491455518
145.55993636183953
166.0696216170769
161.3359357372764
150.9001133201939
204.70024379494328
135.2311407076426
138.8677037588746
201.43312001285625
172.21466946896396
129.8408552069923
143.79182707646652
175.40865686830566
144.31828494359576
138.23165061714414
133.19638120541308
197.6698209223464
197.47869385438096
229.3410328631906
122.95347941141343
195.37120617676914
224.4120270205718
175.33890941341315
150.19594415935046
209.24748884197328
209.68533788595005
150.96240914942558
123.17294632585981
171.93894528115402
168.03954308299873
172.44555362284203
208.7603342842638
201.00173268560576
126.35291884468697
169.98026113510832
212.4353479419717
214.48573964582422
125.90168581978185
228.16024192360527
175.08472761252608
167.32212738463568
144.97990806916957
204.5542332288911
145.74346055184986
158.5334522710974
194.1907930729125
179.48907200991326
140.8521977921189
222.50016291839114
161.12392695277222
178.4208105149581
175.62793486111735
137.62308839838747
129.63433933110446
135.17288688635813
226.60769726350435
137.5043222134782
217.60240803719404
224.07547267841335
138.03413748882542
180.1819134600706
131.34350157561784
198.499273767438
152.87655240595063
211.75216868806325
198.9684897219418
132.4417477256805
166.45136878983172
185.7688618457495
189.53691454644544
198.28456486627894
148.07623617453325
201.54733668470269
164.56082768844612
182.30451045883274
134.87405219787954
184.736648120639
180.23223643435588
127.4996811595488
181.39272642516158
207.70102038572747
137.02328963726183
184.78575930075905
157.27711592885453
150.97576707499877
185.47828427458956
223.79476248881633
193.37544795544704
190.1039340791774
227.43459443247434
227.02695050489558
225.48110274045783
162.72586802464835
127.02440863760987
195.43093038770007
186.28093081361064
184.44918804378958
137.6723734351237
191.65049620574078
224.48969996207245
132.44887170606378
176.1409039025044
222.12429560838765
207.09015055704475
133.50149028129923
221.50405243158195
140.09499289320135
227.54971839748387
181.28451487020675
125.70566694501397
210.66549841375792
171.6954734783293
151.07550840085088
142.77733971262307
147.96798304908756
148.18925740706163
198.71916900743287
211.57870483286482
176.61408672501605
191.61482532372608
227.05033660988445
189.25545683894825
221.22399157937645
142.00515008701137
181.33371321880065
185.15117760495824
188.84929222730185
212.64163725808476
172.70363579841785
161.66238562390635
187.29024240797952
222.78269441081977
217.83674165772933
224.3011744019819
183.97704281202223
132.43406095872263
143.25787481729594
219.75686147418145
193.33507306549575
123.09111643722801
208.6950125498388
216.3263337214995
156.02425004451823
169.59601250084071
193.88186650981683
196.09455904294035
228.4105364171366
143.49098193792105
174.5574325962711
133.76429203101006
174.34029698838933
215.25720816675891
125.73026091993135
193.42700905492163
162.48375507621782
130.97417342411623
216.84342499922215
210.8866278866284
208.19491311472754
191.42474883339838
152.85078740269168
158.25998000450403
209.45525843997666
149.6944009388309
205.9784395974018
198.81393772202907
181.38533565080547
144.14232198026122
180.45863275530903
192.15718383105445
122.2282476761641
164.9703101890408
215.69885815031344
200.8010031046575
163.81114550573471
145.14713558352594
204.12082498546405
177.217432810272
134.37600996571769
142.37879057250237
205.02591102721178
147.79472084479997
171.236573032691
169.69907004768058
157.01877806725915
123.79986892876744
153.49599962640187
177.88336726353836
182.27255377098106
204.2017966359423
158.6847403930737
220.53699003202766
151.4743400424613
171.32045198370847
123.32032330126935
201.07783767785494
213.28357333558802
141.98857013209505
225.05124667222543
205.46276139041427
166.8738298896681
214.04020110923148
189.50414201295706
197.68745702657958
192.28916004038058
128.6701949465433
182.74743858972943
202.28132910913945
177.5775044534249
212.71472447824485
161.09557254195576
192.29064184181306
164.1862718835032
190.35639148794758
203.99646798801592
177.1676929934594
175.4884330761318
186.0540918396566
154.0767209765354
169.77529240030682
194.91849370100996
186.4939841333513
188.52569334120315
197.48512900076088
162.923065196455
167.45204484346647
204.35412710701317
172.39064917350328
218.14198383657836
149.8605818209416
185.62656692369984
225.68733902364494
161.79641420841
209.0085988551188
196.8864022986621
132.00484173017782
157.84154537534525
138.96682279168772
141.76612667408955
170.0667109677396
221.6047022838062
181.07884399731097
223.95853665763474
139.46034328282406
143.11085493440035
225.76257341816552
198.43579853487023
215.8392934875047
215.63449414797833
222.30325810267965
192.8969580743183
225.02321852008356
228.3254390682453
167.47811851366356
158.54141470798663
148.7263090753021
181.5329777931358
225.98689936843286
174.91006401533951
125.47439602328858
190.211694348807
212.97674976054313
187.16561289414628
226.26939513933104
167.2691168579388
150.79650406945956
150.53882617712082
123.62492792460927
164.85653868318863
168.11214678455758
168.45136282166857
121.47478308212507
197.62509265667427
174.40033604993798
196.4255957942446
160.33655544435055
178.46410904150932
227.81720382723648
195.1502379014338
158.93394726373413
185.08675726424488
174.13611944486962
223.18076246995543
127.27997626108987
158.83501123066685
174.8871324794364
171.65779905710113
171.4757296334377
209.97033074828326
225.53187288485097
140.73319252592364
203.70998319466895
195.0938516513854
158.63840239933424
227.25412587693728
217.30444204280968
133.57240677497032
150.85248883835902
145.42747855123378
201.52276321952448
161.37297011135848
217.44087822903293
179.45450956044775
227.74496133827017
212.39213168535525
171.94603153469603
140.1986842053335
185.47877580588468
179.38565705534805
139.15049730311307
197.0703512422192
192.5582274147782
177.64756500866145
146.48805503305465
186.49427516747812
126.62412499630503
195.86945038542615
168.45412213506106
182.9961878660282
190.37857577935264
151.71200534012502
205.9866660266295
190.835162487197
170.63690813339667
206.16137927879342
189.825050723202
155.88365647159523
193.79266791042397
210.28016318561578
205.66672381697845
202.00648091157123
151.96253344521702
186.0417173767336
227.3311034205695
221.2618858356184
196.8745192703335
200.46493328449213
173.67047656715002
163.3332712935211
221.9861859467344
141.16453774995796
224.8197469073104
159.19478497497224
194.55092482007834
148.43500540155267
199.71557095068133
223.73143886035234
228.21969690822547
200.43721177014135
172.11548008978772
216.05996598047858
126.73552834621741
125.55643394711697
191.51220166939947
218.64072846670604
181.2628806101218
180.36282791802685
156.18271055918345
228.2155757642674
188.42451314640354
184.59201708197398
227.36042783432237
172.31277565354932
187.4366191147398
190.24596971142148
212.37169281422402
204.391725851028
147.05433899421968
216.11521942530337
219.8275667957712
197.02374765588988
181.74471211353654
126.41212994119289
187.81152151052783
226.2161759882496
167.49447027093797
167.19885064820966
154.19038021757348
149.88563354361827
162.0560468364142
164.46896272877444
143.418117710652
207.79893194822264
203.67450923173078
140.27006010188842
179.44498074096677
135.6943552819897
214.15028570672695
159.72023013892556
222.7308505111833
225.86216191385913
198.54099973225033
204.0070473606776
196.68076882052353
142.296687274904
159.2907404835713
192.84784894495368
214.62165911866538
211.16057892246073
152.54034764872688
168.4965602048702
161.38105075571028
165.70474430492945
165.9922822562431
193.3057908359848
169.4784051807442
165.1182893823629
199.82577297946034
187.70788813578994
171.47734818287302
122.5932244841225
220.72811324934554
218.7652309522568
140.9830265537808
168.68358753335846
158.18254598757326
222.25632604008192
129.17343368700602
139.67387882627227
132.09145779713992
130.39829136995976
144.94406064084924
146.4656623093726
158.86896595771185
200.46358028829272
145.1230645621281
150.36497732096882
198.69667675060398
146.05647025435857
159.98417039624113
216.89634370966814
220.63468205375545
144.9670454999041
147.8033841750096
126.35941988231178
215.73044761523786
163.38195609851476
141.72101393745527
132.9841692302328
210.24997267162206
186.23178014402902
170.5382152322524
123.40798595705894
155.55666008745612
193.77443242644193
140.75089446500834
205.09528395435305
186.10030264661867
172.95327524290545
223.82661943639087
159.87322332482734
122.15856378119722
169.2860804727742
127.26152551892613
187.97579591980195
177.36186142332997
133.31120572738885
213.14018345408664
171.31235350454187
139.3502339118078
216.3053372098572
194.46578250814466
182.6629562172482
173.70559982882187
212.72419710695473
162.65962938394316
190.141717683027
128.78043763133806
151.53954812531205
196.48671102917493
218.49315776286056
211.93516905261123
217.7622906089372
147.12186775527687
207.5036736012731
223.9662627530194
166.0938438174125
164.98007735733452
210.52303394625906
151.61332676733272
125.51628107352022
164.58600836233407
132.28208493709192
186.2833416012453
203.63357352219214
159.46017800747578
170.31473272315682
193.48254524309698
166.31362100117752
200.67184896426917
161.38816320161254
196.20181110084152
138.39093115005403
184.5507896899886
221.95529061230252
139.75488792668045
160.37465372529465
185.6248504765321
145.0771261171517
195.79713019788065
165.03708434379212
170.96657361001266
150.79749521320068
145.99128200557172
139.31336252486278
226.28526851713394
180.36545643179525
156.16719945647216
124.54094124028285
182.20711499804986
210.92708190036154
125.70626351312448
163.05145090177746
203.89529325510372
229.28438717905033
176.14144288428201
127.4010705714764
208.0170877428085
132.27620756147508
177.70649069901032
170.19843248201994
165.03216445856796
180.8411067962961
205.62140584794523
187.75110212451986
184.83428383840467
203.24503017630505
189.0911108513848
176.99257813298865
208.43654934760403
156.607105453735
167.3514771104528
228.63847296736162
203.82616584213514
202.80013595497073
180.57247549993613
170.04090289283656
226.6411061758526
195.91630667877746
152.35245015167249
124.09756019691511
227.95482582857497
187.04899093708048
130.9305970888279
213.91912978499306
178.74294434452122
142.83044465049167
122.34057758247957
220.72210432600934
148.48945401568216
214.1217218898914
172.83460436007164
147.217780541291
222.45272386747888
191.4507761448217
145.40225341496674
223.36697853970693
148.87457297961902
154.0154800699738
189.81407685879114
191.83019570479243
205.6057235279204
202.36618868710246
122.9152460909539
174.2860481116548
216.51940666421973
176.55088289488467
194.00248478527345
152.48614620582575
172.67576866733728
193.43100460740118
164.11029871978886
220.37746549584173
157.07178270128344
131.8194356782094
146.7232503691064
192.39249229200314
169.43892106280728
148.82294665620446
175.47423214681072
122.25435670347966
146.7782735018709
160.03662472211238
143.26676800001593
168.29871391824528
141.37783871306112
197.53545667073655
220.1056308137147
172.6306303783387
133.31812029684522
141.04009496214132
189.31989730101162
157.0595433851925
213.77082053065837
138.63132358834505
153.12680649712075
163.80236120791506
142.3345123864528
170.6133500433721
145.11225283754857
198.37626614894495
200.96094559552415
167.89849395590372
159.9392591856484
145.15606074063288
155.4773315811371
121.74708369955131
145.06373188533837
201.05017806808857
178.69782332504727
135.960687484517
147.6473487554767
155.98801793874992
205.41323405310726
188.63628657847417
139.25047077095397
135.81460898631798
150.58064597872675
190.47343871290076
183.0148909004795
196.3672450195632
196.68199731274333
144.24167561125466
171.2800791293688
185.2219786213102
124.2409325317634
126.22830720592742
129.53629689185297
138.36403054488332
176.5234866501251
180.30454059737914
180.6409349294372
138.25041181180035
126.83044641098661
193.09330568387279
125.26816129661822
229.95813654667853
136.08255470902273
173.0303145348348
180.89709743596154
145.85620029147557
225.83976358283712
178.4448648048494
174.5079528956268
157.8128306444319
152.85802049161038
187.99951754499645
229.5652221634271
165.5010875143051
159.31306960177233
122.97906663352362
193.1027887816276
196.2833720110402
202.76050283740918
197.27038109120969
194.51359652002395
156.59782574245585
220.56679000760997
139.989052711113
125.3587058230807
196.27168735689554
201.21405397878874
197.2088276962253
135.77182761985952
128.9219474438632
130.3676616715918
157.33814408219098
176.82237385652286
155.91030835846323
129.74736501387423
209.59513804799474
194.2041128715176
138.97645410759793
220.46177901485635
140.12912423467293
191.05157442046934
152.5983950177816
214.0396326520243
125.56188582938478
155.55024141110334
220.71566047996578
184.92239977379143
178.50376867804712
149.54394642390594
178.5574032395698
170.17028388354123
216.69388760291577
165.19116560417865
227.93962089096294
133.68905002835024
194.14876436503957
178.10956016712822
143.76516343415312
153.0809233002091
188.99989075495571
227.1537959900925
173.69867300995446
155.59766030089335
197.11798252722016
212.05435817324286
167.64539619150523
205.21847630733416
209.32533433540112
174.861826252594
184.56656862664659
226.0656630808762
149.89889616767545
214.5385454178805
203.50977488372578
166.96548999374522
202.7942198126296
229.6298827304605
156.22461545988318
178.1859858051002
192.5075481279815
191.3982766364389
161.78306787753195
161.8944245749034
208.83357906374033
219.58282288277917
210.2043125050484
197.10077259166798
217.5398585812867
180.748234009907
180.7881152867481
200.3318467973053
160.42555362647977
140.36409820636104
210.98315842370096
182.88352250997008
140.2677328840807
160.1802754706427
168.05710546661987
138.3357800249153
203.07504572439564
171.33792563845645
228.5083694112618
121.5729094963971
218.07560542464824
220.4126023596886
213.15242677503767
210.1064845956012
206.1796817840048
192.89376212719117
157.11263547133296
187.9775767805508
180.00032202217088
162.33034422580363
199.25223398841018
121.56440061361721
132.27024926621084
179.4564104250898
220.50857120594188
141.8948431725605
168.4663196320533
183.95996655391306
157.92505890922132
179.01903334596432
172.88834103140138
185.2641481989944
198.23902751710585
150.439662715726
187.39054807542203
145.99843839369356
152.1237531086829
200.2369378075409
216.6110586303947
176.80554568396792
147.15492291354585
123.92533982505627
125.44565486028984
179.84386869193753
188.04312733749939
134.64688887683016
154.2730586387529
141.53312759910492
169.34194003908502
132.39386357293046
152.64532396832917
152.90811313397077
126.18884894239238
226.61508217339548
142.37168482639098
143.2498908391561
218.23905853264108
144.20459291126048
143.62085064987932
158.48559822338854
143.62360156414684
159.52003726916908
169.9917122972843
160.38786772965403
164.42271997856616
227.0718719781519
131.8554526204467
147.78068873004548
219.30254525056577
177.04920594124422
179.75592842187106
192.9916348412834
156.1111824154811
151.46430656373144
153.99741201283297
163.77593008586527
213.7208423614689
181.7529643469457
205.05043358554065
155.3944230833688
174.0386091148399
179.06127715180133
218.22988608348777
138.25511527290283
152.9142344926681
178.78767816328084
176.5479816586292
156.8126865361442
224.21416076760588
221.75535872299602
161.1484545044038
192.27150987924244
160.31526554799592
186.9402850846505
128.380576312939
204.2734314255824
179.4410755158725
142.619717295285
199.69879396418986
171.8384245425165
129.3291476535835
145.03389320979812
136.49715884094581
188.75363856753603
129.24878290057356
213.04476048530074
212.1375749471213
126.7856954382045
146.30906262287482
154.336380440749
143.37733069317275
163.96992649013507
136.77937600870422
155.939252660823
210.82773789276737
156.79696187412705
167.34325849794263
226.05566228200075
171.46035635124431
157.9352055573775
160.19720642534182
130.9075613827022
181.11753916307026
169.6090170438243
191.84640872641978
192.92380230772596
168.09515148437418
139.4602839784429
208.76443271529143
188.06314213846687
121.58427713454702
145.82227742976565
210.88084219318495
184.25407129342625
207.04301148048734
212.49452048893278
121.46918371097483
198.5404754165243
224.0148958653968
166.74206123461067
193.98826715081563
189.00190024809004
187.07208454362214
208.93332483733604
221.28665178434323
213.4104632256624
123.58817528396187
157.65498444837556
165.86767189787548
229.51805588365767
205.3145746292767
125.99304551385369
180.72465249368096
195.14561694302063
166.58081210024415
163.2175409679851
199.92715994126723
226.1426860497849
166.55627195237545
159.57785913444778
138.65660548218406
199.90322362791144
198.30750017042615
137.8960601331865
122.83014879231798
151.32833846128648
149.15972463845242
219.43442674072378
169.22003730976698
200.3398158218337
174.4516151953826
131.47512610149147
129.67555712986038
180.73597066970126
150.86948926899987
167.23429868606323
164.49252072504783
159.23327927324416
228.91608113803287
175.38769394036862
164.14566466595613
191.13951610399735
172.73978573239125
128.3127008908039
180.13572793962257
225.72970095110702
183.59682427049495
204.1727891353112
213.0716801528548
199.3234902944984
202.93444264041165
165.80852373272353
163.32519230107215
166.77351178485148
174.19475548074553
161.85501212259283
194.44908645264545
171.6590618200263
208.15121473217363
181.0662598336527
211.48143900960403
213.29762974192369
144.34363959906676
221.99216999605204
193.7539618224917
136.26081095416032
143.35215228270437
217.43829274223486
179.71312066123883
225.4810275629376
200.98339036354443
211.0916287193555
167.42089415037032
151.0442762527773
183.85900869260587
175.80517765756667
126.99453603721844
121.2935217187217
174.5053307854605
223.36853867299678
160.52428668983546
194.0201156968243
148.84989290352456
155.5958240008586
156.20219028821663
211.58958061676694
206.06868492144866
213.38755578008704
173.02596984771478
223.11662744499375
142.60959119476775
206.9166090234537
161.56982018994734
147.67264892726692
150.112961343358
147.02899389207548
188.6851107063081
154.00595141824715
137.51380343277077
219.49413258139398
144.56260438834607
176.99865558897244
174.8773615793019
144.05597568747143
176.71141574679453
154.49218307102325
123.40761138990811
140.11286016110245
148.02443521921944
181.3999946478785
186.31105175789529
219.92667221205636
207.48639733171584
158.9361596874436
165.54238477469048
183.74975705942563
154.4518864370451
135.11432254839798
209.43105285855134
171.944072741438
221.44237970377077
187.2424156985285
132.3673673304786
197.9742910059911
214.04815253079238
130.42967437513596
217.14638817400058
193.2992066378794
138.8583126553788
194.5756733567003
180.20508971922237
182.94153282411617
174.36536013220245
163.0702602103436
180.6168288273766
152.18061350373807
177.38882584326626
174.63039192050027
201.4821094003695
189.16524038488006
166.22309255148133
201.11201500423707
180.18487526482494
222.25803286091048
227.93584836353614
199.99208162964626
177.43048322406761
159.1862752292703
173.75349273799702
207.1870775521597
153.0928717304406
149.9844278270867
121.08907484007021
128.05892431846758
153.5304500491354
215.0755167225
196.52048815061482
170.2772332893034
201.5121658721587
219.0585376336586
215.71254232233912
179.0766514908797
153.3919663882044
195.5321424422134
139.96820329283494
226.41606518117533
153.268035569043
162.50035681599664
171.20049346845832
169.81706962696913
228.3999260180937
202.4880783822453
156.78120023118046
181.49115114813642
191.51286224110834
147.3750503800525
162.29082748109983
204.01318314229792
175.73350024159365
155.20426657629912
167.61361122487168
191.21059265377826
132.63152024129465
228.50078835578898
171.41330406963922
186.78991728183655
158.2440685721682
166.06736235186486
128.74312959679352
191.81231534783979
280.621978436504
252.7395412416115
270.7115869293471
269.0576440178529
295.16336074682425
244.4431460714143
232.8544039650708
326.91541012428956
243.9832846029097
271.62769068339827
309.8635514966485
235.03914826040605
280.7170788337164
261.6116835064964
258.33191569122386
235.97551479599764
239.33931189087184
286.89242474490067
250.0707416987314
265.02969332186444
303.1582756411568
284.12164940668623
232.96258418409897
260.35672160685846
314.8384998847823
312.0184575645261
272.2423574220909
245.6992391109402
287.49980676897695
314.8569692325465
284.032355679897
236.7778221748422
262.40886187613927
303.1218841527914
234.355246204171
251.31506469045866
319.55226147708686
243.47515125773307
299.1754138349845
263.9365833267289
325.6306798474018
242.58671181599178
265.40995711049067
262.46294182397116
306.8112638594466
231.10198842376212
288.0431376788033
304.82474317388363
304.72809558998557
268.4445802551328
316.84938297599064
311.5994172469386
279.765478221268
237.9753523378737
268.228613363507
263.1264889204903
244.274122217982
250.27581867218342
271.51860531440207
284.84239027722725
288.10823220944616
288.99290171424735
295.99559234297186
325.6513495416885
244.14093530985332
280.9188833732412
304.2281491154048
262.2917098102117
255.7683129695671
274.33108674499755
314.9718904333397
279.8656385165722
305.81329589789055
327.4559982211055
323.8653857870894
261.6533682648257
260.2882332790983
246.60017948559388
233.3381025557076
235.99964639925156
272.4708131032724
267.4098155394916
271.29155881603333
330.8228575557976
285.30610099216193
287.9258974284563
297.1437425861568
249.86724361884015
291.0601923942632
311.00735969102436
248.8940736610581
326.31362049157144
262.81709088170606
273.700081920083
236.41363232893576
322.06304940332296
285.4212613197223
283.7027447490698
248.818321004062
266.73023307667444
245.35285092473018
271.82605106333
230.30947988529783
259.91359678697546
276.81919437630734
317.36496478905514
231.9725441869931
287.2168648900918
322.133140671785
236.6981913054652
268.371274449858
267.4386554001768
240.44887438514567
259.78301916942803
245.73159411934392
250.31076391671385
243.5127149397924
234.12859803097416
286.9827227886244
311.2763723691008
296.5986754088781
297.5156344470165
301.912563396547
253.87317750878668
297.0163634368377
295.81970867259605
276.8245942095284
269.4920962741545
276.4031191005326
291.3868783391626
276.9292458038161
242.6155942488229
271.60138827683124
248.77278050941936
244.28490353455305
233.86486163798716
283.74679109332936
264.8355306214911
260.16234712077573
237.23475599364303
255.4993344621745
330.88164473919295
305.45962078075485
251.61286690504645
311.6314700425698
250.92273975690443
297.5724719091656
305.52367792370814
277.3808951174998
307.3967343210171
255.3834293759065
291.7446793227513
279.9329625237831
230.04585804864064
279.5441705711597
276.4795949587419
329.0140962582254
231.46579554367193
291.8760837866249
270.85486036391274
329.83092077188417
295.7371540273358
301.76298872078524
250.07469145128002
253.6631463470104
270.46156186392585
291.8304536833386
302.2555305692109
307.8455690812727
289.370907810742
266.0552646992043
272.15524343936727
242.49655909590732
323.53003766035914
260.01474781414936
305.8709793660414
303.07322847367664
315.47386347009865
231.18311162299
273.3896571821704
264.2877206426049
251.29818222852646
278.375656532535
321.5884508765936
320.280123408948
296.9590822147965
287.7346618410409
275.39233894936245
308.23146990895873
276.1271234656288
298.72384103165547
259.1854593570804
315.14174691919885
314.39286221720255
283.0094707355645
319.27774953876764
232.04809036140523
275.7614384578609
317.4938317839047
317.3751583541775
258.53672382536075
247.50518496110845
300.31226172430263
286.99262192365126
262.7729018591344
330.4422469510767
304.1392418404744
274.32587963725143
282.2435573988138
289.0402917727854
298.02962826281964
301.28182649805603
246.99230647234657
273.27648968708525
268.56664931428077
269.2599795322056
257.8134447270152
272.7236230023278
238.77542001920193
324.7294089014473
295.94315101871024
319.9487479071096
238.8789119812728
262.10203693916094
265.96018751928966
262.8453800683944
283.0325978850394
301.0363906606356
270.8122035328538
262.0190594274242
282.864102354789
242.1209447549889
281.71744224917586
271.7138824018213
288.7334822250885
275.92811943270544
282.91506137345704
262.52634351378873
263.6946534124882
329.1919057620138
307.921287330585
268.2669585476093
264.9680412567925
236.09702092573903
236.465944064478
283.80619245097756
261.7022120080238
252.88688419950495
317.1569808411035
263.7236219344294
244.37055657583983
302.0048197915139
264.8780861040612
253.0455391672279
259.46599284428885
286.67905512421584
261.645941027965
270.9461101015695
270.97680697840485
326.5951387949695
323.8737470584825
293.0334641562151
246.38742759698226
250.48893258742822
292.74312577117547
236.3603131646445
237.99382143264725
250.49271648766575
310.8512799251907
321.4934376471005
324.2882138198904
255.82374497482624
294.9058754383284
253.13076304387582
253.8932323550316
286.1717250800443
253.26916724578285
316.447265773256
257.93924303576165
295.95353838818
244.50203922780062
264.23661529697387
298.72944688222344
244.9443851553173
290.6275762536716
317.2186266180798
253.12636845923691
241.19889325543525
308.7797306717976
270.9402511838147
244.45696458552658
281.71698402864104
287.5088386177181
285.39124361397705
306.1880867000266
254.34609929754598
269.4458459793567
281.6092213510669
304.204698152969
267.1582330188261
283.67965552487675
290.7196078078922
302.0429802227225
255.84591203231366
266.4557528630372
318.2444276580783
274.7737776993407
256.2398000632884
300.7699069820419
300.44081047702673
307.03098441676497
247.19849097918672
315.7409541797232
256.4724932630317
264.4416718113897
274.797420415622
251.97925387733733
299.6552363124566
286.00347206121495
278.0247465804295
323.07171694817606
305.7932828029648
273.7359812123719
286.75005501184717
238.32709727305968
303.9147994645638
244.15702485550992
246.0708934410681
250.5671736125496
261.7474173183922
261.3570842569744
318.8871624752537
293.5828110722759
323.32784787353313
294.7682798252144
294.804161466344
254.4036994162528
270.7270599923159
285.43054696472234
251.96550156185816
329.7279339411752
306.45876984818426
324.4922029696121
250.85735147136074
262.08192169212714
288.63801510824743
316.1806727721799
328.161963192744
247.1441723927847
281.6445849157601
300.3138671256166
254.346166977236
253.1427826867739
282.5966001296529
271.55867317029595
281.9449574404819
230.91787176263102
267.9535775240189
303.35741773010375
317.9984746973367
291.1220558457724
301.6981784943337
271.18827410931704
242.1778353338685
281.19973884667064
240.04616808777126
287.4394204177195
312.58746483458276
240.60635337199918
293.4179671213443
318.4305129255234
260.934939483348
262.78032564308336
328.87895980941016
282.99065759975474
252.47027582479413
300.39178400584075
316.3313827079854
309.253050581497
267.63970985379154
271.5429879838786
239.2654726503067
269.52922049247263
313.10311084182007
267.02075153318106
263.8900692604803
318.6395566179077
233.47067840442003
265.9783748749181
258.87483332335347
243.81750273451314
274.77518074735764
292.7220466158474
309.7310658506339
311.2446297890159
326.57989580168726
303.429408180415
233.94315202305987
301.6436433309503
265.39639425121527
267.22828808975714
266.19153209082276
313.8789532284734
318.45928187921993
292.2356693973903
241.47864438157026
310.82837427803247
291.2832956147712
295.8736664286963
264.3105633559844
295.35802219429206
271.7122942181584
319.0332865305796
295.4506817626161
304.6199258812351
323.96036558137627
257.0977423450939
249.53042222662046
284.22513394316434
298.38632402543
312.06276740942485
289.2403589274237
299.531695620991
270.82592668062574
283.4221556381135
274.89736933299343
316.2666891805908
232.64095233116606
233.63792657536663
274.7453675610768
325.93563794949927
239.7108295217615
254.29755072817179
268.01248049527646
255.3371548998302
248.80372353059394
271.7857522678215
240.73200924257708
313.52559506649266
236.8285807746501
294.16794200590635
244.92443703816332
285.42377686660325
253.54051828732028
304.2774416822817
304.11188977126665
255.32446224876895
278.9054384528588
324.0866799751145
234.79644897683275
309.58121724389326
319.52269874280097
307.0208050120688
306.0835411881426
287.1884502314936
252.66866341492857
267.00510475801883
273.55280302034134
276.3067917954131
259.4569850400729
291.2961970026935
291.28553375029173
306.6078276500309
246.86436419741023
269.2688046316234
252.21622305866705
261.8654460134285
314.29287291855877
269.9737224394948
277.3540109539769
278.99712133266877
237.37870665789137
242.14899264562882
269.7878138258235
242.79792660598744
293.45186938453173
234.80642888668007
297.69391869182294
259.1060562941418
287.8164531006236
275.9478983430425
294.4714122939732
308.1037692960568
250.21051981621147
328.78651831112086
270.13498004719196
290.2651319516309
278.99768267258247
264.2272152335358
250.7957846354407
248.65919129839935
286.7508029612652
321.56563748873367
245.8650412879202
302.9203094160978
243.43281386856478
231.23062578981313
286.744056548129
310.1578871250214
259.3142479551764
243.0021893821967
264.53018999969464
330.91561989153297
280.1831377952254
266.8157839144344
242.6103987898097
252.35446842947465
286.3123790874757
304.7523168783573
295.4252393089763
319.2998511512566
287.2855387034238
279.20635807615986
292.2288674535547
305.85184372070137
247.92208455448633
253.87910867882437
325.95816386822264
277.6295550855634
327.08176137019075
278.1012390694185
309.344020446182
275.73728803638915
292.708895002582
302.20327670462507
239.8226938888178
290.63681045787064
308.0049834783412
310.70388114275517
307.43189264221326
309.76886093125177
235.32952545089523
246.04442304353665
327.207309119975
320.84975818564493
246.8272035016395
325.5064838045656
249.9862933800495
261.7838310759563
303.31582363940703
287.3812366947905
284.74840203931603
310.80590470611025
275.6545527741116
282.43443815623925
318.70016273970435
263.4703846320163
242.89241226143906
263.0676902219633
320.3503224992133
277.12455564990097
241.15813293431526
272.4713104582509
320.4949573696742
302.22458662712756
316.2547515959336
279.3190140427339
312.2583528681089
295.03818439607556
311.7896309395463
247.37158365191257
258.5137152140757
320.84293725602043
297.1510227323163
257.74163410836275
263.5011925511588
270.3927273080202
305.9582322026894
307.6565369871321
293.085380743213
308.7622295195903
259.43742160723184
259.80862710770026
297.65931728971026
280.06469001400865
303.5168568289741
261.2005549335455
254.87330390527154
233.66694751710472
