25.8334171959484
28.278316054909507
26.945286716450937
30.979772295598824
25.865687258311794
24.556590928060192
25.657163695487974
26.49795303825816
28.252280395391594
25.287270674194886
30.049944438836384
29.130442502420618
27.278389267958698
29.88888567831885
26.094967630696463
24.410427573583714
26.526784883655505
30.47199446369484
29.274808747216326
28.565834261930934
28.404872963144115
29.32282785362254
30.33320445770796
30.265988963011917
28.658473038202914
25.483624138168338
25.976082312898395
24.004017335508006
30.297644929758068
27.49109217076342
28.295879479759755
29.08298625414687
27.49136798829619
24.583195484313947
26.376196785579637
30.714716515944108
27.878956152794597
26.195984438735437
26.705422893366663
27.30729791874768
27.186352375173186
26.3100583452087
28.093335223455874
26.832161524791672
30.332143446048462
26.87621576009466
26.714908793227696
26.28458606506357
27.546268824262075
28.640877848461223
30.422497920907247
28.922586003221728
27.183031711314726
28.255400758272348
26.94870040258969
27.171300581659477
26.203435413586625
27.809088570587615
24.51408926059033
24.928708741474725
30.971433808337043
27.67461652805438
34.50210204458275
31.54080443005258
36.46683306715931
39.33412936236474
35.77830210531462
37.69480548995354
38.796733398485024
33.42150039283355
33.56906429990912
36.146778018082806
35.681221043839834
36.31006560609948
35.50023771975881
34.139166437019185
31.407594709271258
36.68039386706732
31.66909534668376
35.69886748133911
32.31089576096364
34.33451244558382
34.83029413499858
36.21169518197529
39.52474905273084
35.333753370343935
35.33403758290126
38.27811905439219
38.949651342866204
31.012304222440534
36.10049837611654
36.07054321689245
31.794197046887415
36.07285432014545
39.37305819511917
37.266879069959856
32.62380689219523
35.868076742438205
39.45180173233547
31.91138106934929
34.58844852080947
39.065227587445754
34.77424112886547
38.89378238815117
38.12422749878134
34.381439851824474
32.443804046184546
38.942882924973524
33.29782030872584
31.801955365649423
31.620463995070445
34.44104989707066
32.622126980585335
39.62126004078123
32.11824220705112
40.49503889101071
34.11745919732901
40.09523530531304
32.06182361560883
38.5894136140654
35.556975289741494
34.75814106871864
40.70029651061265
33.00897088143891
45.44711908003597
45.34554543472993
42.894974225038865
51.32371998302693
45.45409107238333
50.46846198790959
47.465371518848485
44.3581828521789
51.89713560175991
43.610242664168894
47.76896784599888
48.78775860642391
49.325782920764254
49.16772979408589
45.14141674557473
41.15615978255072
46.0911060413631
48.623135680753755
43.6736594802048
48.13299307062498
44.47464418982766
47.60172671143978
46.3308069146207
46.23682124740045
44.273004754794385
44.21300945393109
51.00780250162236
51.83631162580446
41.65409037839235
51.22660262038896
44.46369559182414
50.34652592429597
46.35951171825696
46.173973316435934
47.62277110961108
48.65065049742226
50.961750889334766
47.33347998792837
45.0072640549925
46.93431868938229
43.09870983264515
42.72327585699554
43.205015239222
42.65136945216168
51.293090317034995
51.458063635325644
42.85250945805156
51.598967323792806
49.4109309200421
45.019137847772484
46.94777404671183
43.505462992509365
49.869155877445394
43.86068782259047
51.498698442144146
49.58295438563818
48.985253459939116
44.606632161892875
43.09726362885341
42.8650276127819
51.07229482697559
47.226759227079874
