6.1139536997751
10.643986387308223
7.263756826723016
10.07434213131364
9.122170287846988
7.756350656433151
5.300700909047068
2.337635449675351
9.534552194366348
8.245625117912965
10.518469906180421
11.001444368120726
5.023977821056264
0.3619333174645849
6.5920175840612965
9.592828358926521
5.76871444118063
8.67043838245812
3.2844639378154183
9.065138025786379
2.938151188631529
10.561862005816181
9.367640723696304
7.428837269120689
11.332040773842223
1.203850850314117
3.9735217434375962
4.609931964539233
2.148347754550091
10.506818013448505
3.5599072510903333
8.60340067909318
0.6035721656387736
9.52976042832631
0.4695479986957185
6.5349412146475885
0.6014777027339102
8.283267731849357
8.932508895049121
3.9685196929498403
10.823209669469353
5.852696562246348
11.48127000973322
5.217903096138816
0.9419863567237696
4.7154820279657255
20.676365213428546
21.75932993591884
24.251570895705196
23.72345533512178
21.617220285745283
28.407559580686662
24.976483108623476
19.541025676670554
20.902742133748156
13.113865805063362
24.920998221384984
12.74498621685063
22.504011167933278
25.377252653532807
19.0963241474151
12.66403308153975
21.933605665410703
15.549764910397716
20.33626225440525
15.652126198643249
16.98460259906842
13.847902809173611
28.493817910559876
36.78148861167296
35.48484719138076
46.54491985835428
42.932671926682886
48.680169064807444
35.78287533762806
41.860265225108265
39.992324900270766
43.021554934024614
41.58467589896466
48.87546311277858
38.66658443277549
38.83663636271434
42.01732686073785
45.83804543618432
46.924103886539186
41.94752629838285
48.01193055013467
32.67650568269217
40.60691550636441
35.24844079266635
49.296092603711855
50.787946730382025
