2.648969082319031
3.962481123779984
53.93079975003039
50.32237384460903
43.143215989855875
22.79666004721127
49.77204702715795
12.678882824244011
55.93664500341174
21.90697598404023
36.63256699259619
28.158165234321306
5.618811231524511
29.948758910586804
12.435808392282887
37.64462803197709
7.839136605465342
7.366773471288283
44.81296443903346
49.28195806930948
38.297434689247915
33.96740620536577
41.97239137066455
38.86422355826792
30.716453960467756
3.952093013581898
33.04189006509299
14.424569882308433
6.471357860078754
29.13043530581418
11.343878412807008
2.8395147200508575
29.3190161095981
39.73297937968641
44.930518417584295
30.158259706750798
11.97795166957571
3.7197746559301628
37.98791104208976
42.901924143135616
44.14868247087355
41.67596101403217
43.43443350591694
26.72078404896324
7.024672911957516
10.012942099764913
37.81691351957515
55.000412413390094
20.589160430786514
23.45705730490882
35.55689476274876
16.15785316669062
38.19106857776564
53.69133877200673
45.39972518322798
9.484890394354249
13.469602575436873
28.894022762409243
54.49253653747731
8.545385748100891
18.622024642694903
23.31617389929897
129.48320749609434
128.02756670416466
73.63166214187558
62.58282233563383
57.6888882763357
97.95209593591392
84.723919491523
65.96839516552193
68.4330782916679
98.59023164085171
56.877741516013494
69.37547788556765
128.7226264447608
68.15187708537285
123.62992589025247
73.08445422138158
80.9750202164378
84.57740021566794
112.15446219725324
106.29197010606455
85.2964415678291
75.13834574502829
104.05545346449674
87.70090857937826
128.13095661590208
70.77352797508111
69.6680525235108
96.07376777260623
63.108832909162565
110.4958823999402
94.02714997172562
127.73901094193883
127.13616516883899
100.82239000209688
131.03205808002153
86.96432831802507
73.6103565642236
124.5944617182346
117.86533520068116
107.44140351092398
101.96034768515167
115.69753240327309
95.90794167248535
73.31886521612788
87.06127467992688
69.6391909396927
63.926294355646704
104.17391720815347
62.52667718349196
90.90453604795974
99.67636286359819
102.84763539653376
58.49406166827174
108.79724429857482
97.89541280121085
76.91327051788187
100.36648661736463
116.45089421798191
56.58960679617741
121.64839687904374
97.0603794445028
82.12435442527206
136.18944448066517
172.3298343282425
218.7909829045051
138.09124748818675
210.26104509065692
156.51674237738214
218.11170998252462
164.3256290292258
149.88474360900906
214.9302079128387
158.1760075021349
135.4485327579101
172.99799216545685
195.36291661793345
206.55691493469348
146.5320972691108
168.002326809071
148.39284256119961
163.57206488529707
199.64456131483914
200.28503129815365
157.9961810597336
199.70719977611844
165.14349518040822
186.0433869172438
213.91310138823516
225.97200775898673
150.47657120627272
147.422217330732
141.69444511759986
148.34863789311248
133.72839899951512
154.88127071100593
159.38146230814334
224.51977290640355
160.10048887161818
227.7711767820951
219.89925300924594
192.35755469769973
230.66947174543083
186.61045757568766
220.80998099580435
197.62968943190808
190.66903297863348
214.527204818617
200.4230752612522
184.32671997842502
154.10709791391827
172.35203423466135
143.21404370210706
169.71390187970835
186.9334744066897
161.6210193625513
190.6030300960864
134.65003919483104
178.44936069138038
177.5641560183364
162.04359547146453
148.32246929521565
214.30671876753007
159.8033570941435
167.65338471178467
31.765586072234033
18.76824985263149
27.768306050891344
20.087533281968913
32.934311991252194
21.84615484051168
26.525121830034426
13.068313103659857
33.359291179037605
29.853291120075188
24.329588319519356
25.28574028670193
36.08373622101509
25.379550683209892
22.19430368067933
35.640974522564605
19.55709704933568
34.3865168331627
28.91501057189245
33.82069287815885
32.12903625415353
36.93139886847261
29.2771827636196
35.37674208100921
22.550526709028475
15.692376703116686
22.923635524513216
14.6454101582584
29.704498733730098
29.82348459511455
23.912977572640486
28.559391880678213
21.66511960768387
18.70152952660583
36.897505673286915
32.073737875193146
22.709647126405965
18.696248419204043
25.202689886350587
18.352555006088593
17.82900119289517
26.343979846855973
24.095791304548875
36.433790568817486
19.520941244841133
30.577287173030882
15.288906331138616
13.982086839816482
20.508920936188744
24.912511314396315
26.82977233415764
28.700633944303952
32.322132702411835
18.69791959198417
27.009153495789544
23.12021506295362
25.66871023348166
22.60583660615644
31.782335314682797
13.067467322249644
34.08103678944716
28.039518795710805
32.22824373818456
15.252316583677663
25.008024062738173
29.62363988956124
21.42516732850443
32.173756938430046
36.60853644413308
35.293519928173524
29.231336018942095
13.570200309522011
36.96946150942482
35.01968808813904
25.86299851490351
19.612446835662624
31.69890064041209
13.184120161072881
24.834658321468137
32.73596647881935
28.193758924380813
31.463889625365564
32.42758568895946
21.307458529307343
29.49236286699601
30.31184554887744
35.06725239730736
17.652328122178933
26.22679461102745
27.379375349678288
15.40486841884951
14.673359306362228
29.45689585415424
16.74251573387955
25.463838499774344
16.24991059445606
22.6439911576078
35.345983391336155
28.71848580758862
18.58672929098729
21.21338479914573
15.593749496780287
32.344626223408866
24.306361850278698
28.570418337789157
23.658450052296583
22.859063792712124
32.79807108455456
35.10825746365408
28.26972079716264
17.304038146204576
25.90954902476406
20.363847031855496
20.063765925593003
26.142349619231567
23.058737588252047
25.27555293614304
24.154254086559288
22.035703852060994
28.359080432077086
14.689962447238837
33.571847322123986
34.815067380956904
35.14440823413148
19.868495626963355
27.01131830536111
17.75455949758787
36.90911005383382
35.3412011587877
28.533135657749636
13.801635164223256
27.238900242681687
30.42895080157659
18.199654343007495
34.12073032878035
15.748537685818965
28.59348300568821
36.17374438831354
20.32613613445254
35.45998555847217
17.209261343842773
29.284488975111707
84.80506869783288
40.1721272460819
60.86114219239771
45.83622961359258
57.536624764720074
103.97328478378162
75.89997677256231
96.06003802483882
64.4387709883559
103.6739156870938
43.20468876975595
81.10636742924706
95.1289879998175
101.85749140381174
90.78670444047202
109.42774052653232
55.34402643217939
97.31172556362274
53.5375336796003
37.491862024636546
69.89084573925643
101.42684223885382
113.23330488927039
63.16706758852727
73.3506552332751
109.43186883369488
52.587845753949196
107.92244925227665
42.85273602157172
71.79412937111593
92.25619987129716
84.89746329830369
49.97520236123988
43.24960644235814
101.21032030257165
54.99912380289973
67.82747924141991
93.87050654986218
45.03309584120288
94.11224712910379
70.29310999369126
70.75281060866611
93.70872984628345
69.5716334683363
54.300338781643006
68.16042954244404
89.8138106551909
89.15576093091045
95.02933267538515
79.77455081533897
102.16631761388662
58.648029614030676
93.04858278584302
89.97992038631963
97.12090940172386
96.84072544827042
53.28890783700759
82.75267693165732
48.434660887692985
104.63559597050417
47.696453023915794
96.21913014048742
108.15358659646195
47.94763815835731
54.640625033220246
72.54013302529268
96.34741418955383
72.18271698025657
79.8464574101308
94.6674852766037
76.70958542718029
60.38605352526571
41.88969250985219
81.94266639236346
52.34100298310295
105.74033524427662
44.24929406482831
102.12319682893954
74.38802566964321
111.24865384742941
110.99061423430747
70.35250278359736
78.45466491426497
105.52734118887076
67.60747555577532
54.03853713858934
52.635287687516794
46.88227230243818
44.870175932735506
79.90051688383384
80.59933860507041
70.94545849965938
104.2085194899161
66.15537122876398
76.72678899416253
51.473527510245226
81.75216248246257
71.17334224730003
65.15204584061797
97.50465118644581
83.45047305931247
90.72118400261672
41.71316959888362
104.34901082602642
86.49668780201114
55.99256918005973
79.57284743768687
105.93492517182963
77.0822112896906
89.18721645434638
88.36932961265249
108.58848394115851
95.081011245235
104.1698953453186
89.42409237278653
83.71607916057374
94.3374681165366
61.84073378575016
84.7623369280379
77.77957905542904
57.69766842548235
55.86284877235799
42.39414443377963
83.56725918502403
42.306389151023815
64.74879763597869
57.447512614943705
68.14118242610279
56.73769193964957
113.55895882373667
65.92526762019553
51.5415625733599
42.54856165549469
69.57311532959605
52.973514611768685
47.24206514349613
104.0625977017248
86.15691484146551
83.66821287540577
55.783005099076306
64.19900602112207
87.78791418175466
105.03492861059601
107.38362190543276
38.1258285316631
47.65694705508745
74.46897180448185
108.36854277914368
84.69888122471441
38.355310919809504
114.75528633388052
70.33493259210833
79.1183636198356
86.23863603414192
55.060953168294716
105.7917576784723
57.83083091963762
69.9156098708147
100.04763691647008
72.53026701089159
71.57735962172022
104.91842179155388
92.70097520220217
105.10125611621672
51.394289885857205
78.96781586760363
60.88997462294098
98.36739588699069
96.6486038591354
39.52356208040608
58.49192036325136
67.84962565398374
83.24487047601419
97.17511862240923
89.03603720870598
52.782506534699635
47.769420868469794
104.65045067887442
105.39443660214546
38.4423619089291
93.05906201793302
104.06868796975624
48.91528878289019
56.60354028855406
38.8611290939424
43.58837859411736
65.37956924819157
99.35397459800686
91.6914422667458
57.330499984791444
71.07298100536148
46.011711213798236
101.16268972021115
74.7030127222701
65.36773432260335
85.50981606726597
69.43994051219055
70.12327231140371
104.08071077018452
81.1441455506651
109.67375785365329
54.41286594706812
108.18558759961914
78.77367902630377
69.11443923819448
59.512246716926924
62.856838780082995
65.32093211518384
194.5015202726678
197.32451052758367
209.87854365245698
135.19273545875419
128.75691854654906
163.61113734328336
140.02012330604515
137.85717417216816
189.89186935889074
