34.3657943249353
54.49874049558298
27.387293222504965
26.08076877452001
63.78096796093871
26.409408379449477
11.489763449644695
55.056659784159095
22.412066673247722
28.848836422732838
48.19617231556625
28.726234509719333
59.97595960167688
61.278891761284214
30.98694848965691
31.158828139762356
44.51790666183354
22.378970331784508
32.39359096197345
6.557834250288739
59.936994276924345
44.862159299028825
54.638298311950905
42.818752074337574
30.246409898446608
59.52937943208404
52.99616213930346
23.9951381504537
15.534201486309978
26.47648390155299
56.00554209602622
18.302145562392383
31.763125225689738
38.09861150132398
37.5939370497756
2.160692970875761
2.47074387558418
40.38805444760514
10.441325248605619
33.75939748344381
10.534373377487302
15.806348061816767
3.971069688748198
17.29897697591284
63.91756728231188
26.872342047256367
58.821108432540015
10.516369391761938
41.345945123182574
25.650432325399553
40.764508628086475
6.7314171772530855
51.2372513665029
64.30297575819192
46.63491695597041
53.061497416893836
44.38366060206112
45.62777255174762
53.27746705608774
37.11038117005075
20.466640180163672
5.557073461812266
59.45822814090841
32.415232139714455
33.40506641893901
3.2038057081208677
53.3603373608815
63.473405355763575
27.419527387410945
28.368355050602226
16.881773167924784
37.67603014881476
24.024887638245254
14.215415479554423
38.23175181710345
51.63487770131408
18.75541513478701
27.025784764404793
49.828711605141116
27.60619777618492
36.079448021855754
16.091346581559982
22.733503141210623
40.5117298958282
34.506188808476324
19.16935461509561
11.657984767006592
23.621009090980397
49.46978154400986
37.962810111694054
44.37601231257781
20.77066900592437
48.46655519031819
51.6594747444026
25.739570662939908
38.77147860769008
36.27129442456737
32.88829456651097
11.181536388257953
52.049817298668756
45.34515869443127
39.32778136037753
56.74472448939894
34.758925651122325
30.667802479341116
29.494889597329568
55.82592670319936
57.864184990661066
52.526722290814284
50.858718281490056
4.343489843322239
44.3279362353278
41.93541511795
8.426565162365872
30.023300548294763
15.61442882800814
20.112982757327167
28.921931382628394
28.291497353663473
46.187821482909186
3.2081999257920373
52.07827242115567
44.00222908725786
50.006828606328
45.96385958338989
44.90270491577854
29.638730835741782
22.07728544880373
56.49858245480279
31.958324546800263
7.115135862838272
37.8304002476672
44.995619045011615
38.43724581972768
43.88619580206557
44.119816741495114
21.480418805759275
3.904188443842866
30.649973910071893
65.3567473668339
21.825355231714525
11.93082534949449
42.87734330780189
3.158553048286219
40.99272021358563
51.13310213514565
19.718516865924556
58.19435146536095
43.75700555833298
28.08931812614403
16.64534387016872
12.432547590794488
16.208325265553864
64.41534844783595
17.609163195285216
26.489367020816857
24.41413133923129
55.96739414846944
11.536290332661725
21.25785455196705
23.063346341367208
40.90221811232263
12.328711355591025
8.993983832122442
35.513380135829635
28.264504298792232
61.18739276942363
5.920078399691782
35.79813355325905
37.94262950914575
32.699806473681875
21.258627540230194
48.96891424682609
46.004941038467024
5.683881025162968
33.35962643376291
29.661235302424753
39.44116248023027
61.54964102222709
25.63441465917621
14.189015309657428
59.28796635658251
61.90690465472298
65.75196028267148
23.61398859358755
53.79333884581525
22.42631863066559
44.541235242143834
5.140362730149487
12.28458499333789
28.809807559640348
45.766321391671326
7.933078780212689
140.78213187060027
78.46281030499745
115.43726202499835
126.44701144104914
130.04935305061397
132.75155231360958
79.30337617161595
128.08992236102503
124.91275429268296
136.69368175035902
157.46334333999965
94.502413033684
150.10241457144775
102.74626745239999
94.22423306819792
145.10578347428304
142.12959127045067
81.67916051105108
125.41278008615402
69.58581861294796
130.1421058193472
99.91826056923179
125.61797478760107
126.3306034900935
69.27842837033573
101.12440439266213
93.12447998903994
97.66196777325418
120.61790694198244
127.46736265081582
98.66531983789483
68.51754346625344
127.59843813826626
106.88534445910143
132.84264555848344
134.63539308941205
126.79148466355088
100.2479891508621
124.57892919093335
135.50115061107581
96.20197065609871
146.6643343313314
108.85541503116585
117.72355007670961
119.58048796490486
145.17625305524408
95.01167004476574
140.69028088959325
110.01511159438196
127.67598289874122
76.63657957919855
78.40693522936431
118.419754029552
145.89972488656718
114.90846075909351
90.08130908701551
135.79609168390593
101.65707815607071
128.69706938366113
142.80480390510894
86.45002576059977
83.93633104272662
124.74274879528926
119.41158593023445
127.58961644637932
85.6423714847039
76.31626641758731
85.37320083029819
84.60518086387714
68.5429601666154
76.88575047420414
99.64282870062203
105.50478046505609
116.2715071466828
148.68830217494812
143.42866610973456
107.41228668546835
144.53760784382925
125.24296915710606
92.37040661403913
112.3418427415097
105.56568550391977
96.89094744180277
115.42125659248772
143.91735296187747
100.79918763829461
83.90218117575235
70.13428903280479
110.09684607439509
114.41027406514907
97.572055795736
152.761048940927
153.09486665969382
77.34103399067453
138.36396369553938
70.14617448664785
66.40683401595058
129.0255515455107
94.90438024857227
134.05926105131599
87.41388535518169
120.49713091820787
124.27379235406596
140.46532307700562
144.37944352354435
77.75538046897043
148.05801725405703
99.02487315075552
70.32197966142411
139.93088537077028
106.17445052425273
139.2358279169922
116.02818264891077
154.63124194585575
128.75534709064064
154.5745343842524
114.07572845521315
97.28573880444802
124.24517830790474
120.21909115378045
106.01695891797807
131.46319814684455
102.53355980563174
86.22041371438803
120.89279517165357
131.40702660018448
144.78856875198937
85.892060230019
132.40155714523422
120.56694817623527
70.68283100725859
130.92672613754894
91.58525273518302
118.06437440622021
130.83156566618842
142.2158627233087
109.24656497192653
98.11136711969749
124.57750508217778
132.5494056803676
83.7655229972217
78.87107557695657
67.32388899201584
116.13089206426433
115.22038785894009
133.6473108269082
153.38791983534156
117.50382089432523
77.28898060824501
82.29233592036057
68.09094782150945
120.8829217905182
126.26458081494954
102.61507333334939
110.48697166308071
138.38608789411796
83.09416745486516
144.87940576469407
77.97945423514295
77.78242550863652
74.19494479936469
66.43727427855359
157.113873450926
126.48157117569619
84.08133004799245
150.14757693824134
96.16239925378287
82.69652301869083
136.42081757940758
128.57108371172433
90.58498978072446
148.14207188892016
131.9259849692648
141.13153991836057
85.01998844915077
87.41648993466208
71.34668458480866
135.2666018178383
131.7416365074317
128.2448548447792
109.19947021898379
138.16996704107106
129.9563593165112
145.05371003779376
119.28455499312797
150.71903098679928
85.82934403716934
130.72493656424365
84.38670430930455
111.68545173699526
118.36891171726104
79.0151860576084
82.56825322346393
305.44355149138534
211.0035188368378
195.76495021455736
259.08641850683074
230.78832729859178
160.76995787518382
258.42752123614275
189.55137181162274
190.34898514617396
162.0917723886659
252.75041533807567
230.43945939191264
234.6514381096463
211.24855090321105
190.17353193636177
300.1886054577976
255.4401027032506
201.03886557179368
307.0118246840272
264.86304615213857
208.21754686277396
254.11894961159976
223.70337780735483
197.0575143056127
186.7375293903556
172.06097668788902
229.94870657907728
271.09388364007395
279.2980020333988
224.9969484621566
308.5440206378645
308.95676546572656
235.59612739989075
245.05364126701988
245.4474767999722
214.2487742843714
252.8288792518001
241.63285698885713
274.59248225913774
162.52096282769998
247.76408134691027
278.9016734069135
235.09479050576365
255.73041215042744
289.85901563878974
309.4974331643318
182.29384763013852
224.48837934007696
194.9990229099118
249.56695384273365
278.03885841923017
266.9006931741722
216.40378759947544
240.04669590923353
222.6756507490961
209.42947609678612
303.9736521613228
298.1652818706223
162.54549643447353
184.4328194504978
176.15181206016288
160.49630701290297
199.88077555132813
312.724579686268
255.83768111555355
287.5090573324573
243.960464316379
302.58834985355116
274.6735946068995
178.99446187850367
249.2379423254326
265.74542323092567
278.81324188804217
211.81549758076744
165.3976814891115
236.3499805229363
258.6541209578789
250.4715330083356
160.33753680672675
253.59544116527647
287.6077552084472
277.3078628162236
213.6855879172864
190.81085846971988
208.45498888119056
224.77404103240863
248.21616224090778
208.11309808803463
267.8681033481515
227.06550673390362
206.88438922902043
306.1401932155692
171.66385038049827
270.9672652030426
279.3409892332697
260.14398447413237
256.55797455814826
179.91951575097596
241.17552139318855
209.13494787150637
217.4078664137839
243.99480162065407
193.79300289774375
195.19222617465468
309.3108189149044
244.29279286572316
228.01675673489845
306.0695428554391
184.9727629339389
204.7137885963702
285.81714275521927
303.6763993890347
221.41078274848252
268.9235358793264
223.6604088719717
207.85089806902232
276.50275779917774
296.17089211454606
239.0316795048824
304.0403941905573
249.8195379708588
281.1348111264016
261.3789126713159
207.25718128432612
313.93777002732133
161.55008143336252
312.6598242765472
266.2749230080374
273.2504420499045
308.34815855812866
233.94121078892766
259.38997102217087
186.23996993901247
290.63286276670397
255.71380990621265
211.0961432680622
240.63563705041958
179.91573569105628
209.12042002914123
165.03328524952627
189.04138738974865
239.1214454109339
301.42132009844227
306.7735439380323
162.58640541659884
201.15828313415503
242.90857462491903
255.23075444179483
178.1062839102958
288.87325215356265
232.78790072016986
282.20006569526214
281.747842870461
251.51266492606197
253.2761283648164
258.8303661548324
231.32483644993715
309.34938947469493
215.6879400518913
260.0814938262278
210.66806781400288
241.40664625573058
240.85880811760256
266.16811941632994
168.37485152337598
298.3050825482587
262.8711018227578
190.58554144668213
273.8778908627585
238.88683693342685
274.99403348935954
209.10083412438567
219.97878476876284
191.3043487736657
233.61064972126877
175.35581273052588
288.837361228413
264.46696964216727
250.41978173653493
208.3192518887766
199.17650920824707
193.92180917880455
270.29970372536513
203.98647078754476
164.03637590407936
315.82102731738325
195.1423060080467
248.21802121175077
269.20950027444087
166.38034089754166
192.17241765889835
173.81933034653454
180.614897427093
316.46721079619647
293.15469460319736
310.26201834365463
311.2029918346235
262.68457135784865
222.70410221177445
163.8212448423895
210.34585815241007
165.700365975811
265.38403143640846
263.2237443795574
202.40062379906766
189.97840686273173
276.45377884258914
228.40258806122517
301.72942322563375
292.16331641414166
278.1755304210354
239.11868586533134
167.91873566000095
244.77005866771555
232.29800299123124
203.5459928364297
314.87096251687655
232.0560899197992
290.50254552577604
275.3197094594341
300.5406476199265
213.2176197175885
271.872606171032
203.40560212881007
253.3078431174835
223.13978288525638
193.28824686599015
310.5528800090523
221.3640764275092
311.21497464471133
214.46546928424675
288.46718952370946
215.3478095844549
247.43640396259076
288.5038876056978
296.86576533049475
231.0179354878915
183.46720515516506
251.7513172671501
259.7740228009769
305.6006337546915
181.99046316409283
284.18399313299074
244.6021703448734
302.04353766076525
261.0234202204734
257.4701556883206
267.00793772991716
174.65489287149057
312.2517345892171
214.81976906767613
243.84166021286805
248.70389385010944
201.934360965185
220.76898665200545
204.9944323794066
280.8901757464427
234.10627731980992
277.072448634148
244.36004511921666
235.8061033796852
202.26724490140177
219.2239205856207
302.55853366061604
251.35752490902212
194.37550248015305
266.8476365427766
282.2396666949446
160.58209153474135
289.0437534602621
159.78627580138954
210.53793429658137
167.45806584893052
240.0688912560819
271.14347420978277
276.3868532750886
178.58120987298923
255.20729174452862
190.70900761260168
236.76254763475868
217.43951834876952
198.04129962834446
244.55307313013225
193.10521820071068
294.4639586539754
299.57850488874317
199.91418670502824
257.1645914071233
194.49787403329358
178.85196965191523
292.85909865927806
236.13561162456259
159.20669379536344
177.9606173952953
254.46585219242002
303.19995652599846
160.24327233203724
195.52356386684212
178.49159979411314
212.4282425403219
166.04248229979552
317.04067240913497
205.8512961550437
266.9128911972286
299.476050822539
239.83329771129388
286.61610713164436
264.555805146417
200.79405360639154
229.96274255767108
160.70306592284507
214.6018407190728
166.35764890216598
298.7186401509247
276.0840769730663
221.87203081301527
296.95941244095985
259.79404828951346
238.12371235802163
212.822008960251
256.9164816100905
286.5444133135259
198.56451310693646
206.54353261442046
289.98855548384745
204.5966336346405
187.2001081082442
196.815283937662
263.02013632363776
299.43665200647825
176.44522810222398
250.79990737041203
272.4189155202826
159.8472505870963
302.07457075598364
309.3829314594823
246.42552563975008
162.83989312648754
234.42902796446612
236.41137650140314
221.89726799419623
282.0805209912413
199.07214663484382
316.37432770854673
166.5344555670505
256.7649494793424
171.31519131663555
227.10943724783445
309.60667005278873
181.68386869706728
315.22867089376706
299.9430755433973
188.47144092879932
241.48944948468602
233.3609952432129
281.9177376849282
222.43369125224825
234.96318806167105
220.3216723590845
263.22888143255426
254.46844009970883
212.20277756808858
252.62586049102148
253.7202022329706
233.79389283720178
287.62818975336194
236.1097291428254
179.49787245140345
189.7472903424268
242.48428121476658
222.65082971200644
245.69507652345396
299.7681640609489
161.60218852373944
180.9320553370207
280.8164425834467
247.49445990323352
306.71093955815445
170.06443432591905
177.2764783827215
290.60426256332795
284.3943794936167
171.09232816206682
287.60070329120356
308.8585307011065
286.50772638800106
104.88146839777937
76.10219843990393
47.306948936826686
50.26541732131001
107.82296255472993
112.2719020075165
33.475919216624945
95.01318181986011
10.732773651068335
47.540105034067
63.69038786680257
53.84199280011154
75.067632159958
40.32788264593964
41.51855717546154
83.07317595576417
84.35941393649301
116.434477625482
91.08323795446447
73.4954838988329
60.448086221866575
60.08008992911794
71.6629874384167
107.70411629658842
89.12573353027793
105.1299813848594
80.42982839758216
24.179888181081267
86.98037337412939
48.09354858154996
84.24247151004487
99.81949028570854
6.064537880434038
35.60986918613908
53.708587745131084
68.86694369648814
34.931509688584114
62.185435201400395
79.88727442981612
80.72912458060276
23.367874804505078
85.56931736235198
37.5653998826013
85.56449646396
54.40256636290101
22.12910139789315
61.04658745238661
37.12681350135473
79.1756401862393
53.12046547779133
43.53051598001602
96.1848884590442
69.40979721875604
40.354346235429816
34.49007664455188
82.0831784398917
81.10113908156632
81.74996227752814
78.0025124339719
40.90294551698223
6.944168774954228
59.15910972902199
33.564049074317026
24.415672396110246
117.64945224155414
102.13497687252857
65.76315204095542
19.747082181749498
64.05356357552078
32.7678805622676
23.35702273777096
34.34760598873226
106.72013184795222
67.21068819791036
80.94939571937769
12.326413677979431
96.88027040506677
39.628564620893556
26.28042490142567
113.44665897194773
93.86470266792784
79.87447827426953
45.96849796572451
31.696028820491897
91.92489907288606
26.37224828672359
61.2047720466952
91.20710713298291
43.222403056835816
101.70600503111265
54.54856487035781
46.308535369874164
111.21637059751492
95.34082203153193
43.48931214413643
99.15526633458745
78.05627254349129
87.68957934612217
42.2928533490536
39.29369751243971
94.06063456888953
26.369275931180738
41.446090050118286
60.050319181047165
46.77738773577426
109.34059509123892
50.62829213632371
95.41403254140664
10.428744709729678
20.822970302861208
42.25369777881521
15.533462477796768
27.922618852077193
53.8796794886456
73.4803630732927
94.38154341918178
9.73073988290404
24.627967657802692
49.6964020079178
90.64416401288929
68.732217695462
116.09952811910979
71.5220505484111
99.61053191062896
116.47957400124287
72.60695246504997
19.702431468988564
6.059808360443704
49.31122502455918
25.78915291610891
11.268959106933501
40.90068735910698
60.15250871548726
51.42102235029806
75.37860483050515
118.06215224692173
45.61969446189603
41.321551173105476
87.263674724272
69.87546919558719
11.756615747919732
62.238508079663845
43.49897681937817
16.140106915072323
65.49039128866384
11.996956243824243
68.91093364067048
99.23332571381542
39.487206810917456
111.0404787096025
107.49564202494298
9.771917350037675
19.791094971418026
31.086107064031484
26.57237838239535
115.097069541786
17.307179073999606
69.38260986663222
19.84289732995888
79.33786701617868
44.20361750024377
24.268167035016845
72.25901941663744
108.3357108796429
104.61316605002217
64.67315889607335
25.062258391138116
111.73241064734319
102.36795151433972
31.437564927903157
57.705721635082675
67.74997849431
77.68281563422042
47.29128951050267
73.80931917496484
21.056898655835866
29.03493580487543
70.65402400080012
45.85802240863347
65.183416680079
55.39775935758612
70.6684874061458
64.78980001024811
108.07902013820481
84.48856236776454
66.73901648754398
14.894386969539838
48.37307812254106
39.61673517085742
32.48344484591168
107.97954316124498
80.46185218982765
91.28215452482402
101.70358524325381
21.197147520105077
11.461463393828666
82.48390837288595
28.320372591070303
57.212968891013205
106.19451156267213
63.63953399241075
61.90804603576102
10.363966441858416
103.88194144520958
49.0669307122065
78.95221849742666
113.20010431945353
75.99599085090216
48.87946789421958
23.35541324707004
96.49227992042066
43.06337764875559
110.31173318341754
116.7283675053136
81.19005371513128
118.49982657261393
12.224486497533213
4.034079935743975
44.179889231552885
63.54084423915163
74.91636818098112
56.59402265012828
102.51499094415155
49.21257947591362
111.29027588364269
88.76443132811059
54.258714508209614
41.46543086304215
84.67945640887415
31.638628612302593
110.11882374469312
18.090943788598963
40.83282379727193
40.34752225217444
24.043561096851867
114.11899657632819
112.51716324196991
102.36122278996339
48.195401225928535
62.72397100709858
44.914475141488204
67.78588154027118
19.84478110668558
43.2904216532808
80.2088428804851
86.46460193330468
51.59463966045489
102.04177178466657
100.71352733805672
70.3567573166645
70.95156266566818
83.28079217554091
71.22257961524758
33.07794327014796
91.27874962890849
10.199834235785247
31.393583275885614
40.37216035698226
21.627684087136238
79.91817008077167
109.05245434584813
102.17363376207811
47.33226167956887
17.62246582525013
87.46607124485543
38.06926551806558
82.15965687105549
58.031862678289606
67.91631699575278
65.15019583969243
86.86650958104275
95.25465798381657
69.57642121513217
92.19935044010941
12.924276253941407
78.93467487165262
9.715310934766087
48.29905778945158
94.17371785671561
4.942214168576541
115.50623421781253
16.306729275301755
79.06618419446016
55.454782294629226
73.10767204900444
72.4417206257953
3.072775608000441
46.43744450335804
96.71447195028966
92.0191715127342
3.795786885976163
55.07949327990749
80.24477145142804
94.08211859222202
101.72306784303461
36.81537089999457
47.042254978825085
79.25114850177373
90.95950077493518
14.519835919801245
4.4223657664770215
66.62104578089448
77.71994034348069
68.24137864866896
9.920724123129133
23.4721511674624
90.93713375710215
73.64765699433005
114.31019530908088
38.45546915189361
51.61693717347147
31.86706287028868
33.11736860940326
116.9358284498148
63.207292435054825
103.79120320451977
78.79578660259028
20.152597538334028
5.822931271785613
59.37051266581874
70.80523200075292
106.11131897968926
27.18267249666495
43.883119415179806
30.633341177795952
60.36809159850737
32.87087367052777
100.70328689695481
76.8762378848113
60.59053316519095
108.76919778415169
54.01342808656099
74.27701545355124
47.01885272245734
53.94661989067491
87.12148383004237
103.30467380907271
45.251256535470816
35.245057880518424
29.17323074413561
80.78669261609294
55.32263620356444
71.12467659740251
36.945109376910956
83.87154554475092
84.17786146733269
34.816996099034384
76.21898439652819
26.8988520853729
88.17370327207254
12.346880223363605
112.00816409828207
44.98827128217765
114.25169471612855
44.10900409839749
98.61229006732047
11.05393612314355
94.27067359145943
90.28722420571643
41.809297210606886
103.4733171192743
47.5993713928644
43.42212574543913
77.88809853452422
87.39656178538569
98.85131643042104
80.13042886695058
36.15587503104566
79.72840328177067
43.87095494691732
95.78607133766646
12.624128703195439
114.85785247152964
78.39059796416643
81.5357531564433
34.56993464970023
98.99690691416177
75.86202683186514
46.00714770855947
92.55452385791213
87.4467627192673
72.93327371423393
50.136570565181465
56.704772993759356
52.50892434683119
104.95751416684662
55.52034171868118
31.413920545188056
108.56581491163212
79.33927384768748
94.92152312565058
111.48610403445953
26.405992157283087
48.403266231095
13.8423289255079
48.54203763708692
55.70592395282792
88.17533586528685
61.258080740209735
18.95586308581889
37.25427685524029
79.41867508159005
109.71965618347276
67.16219476450061
34.921265996210536
11.249087787438015
49.453657539662444
36.80063309943622
44.35956138297837
68.99381136733516
12.877281274672924
48.95840352716979
90.41444102861618
120.89865925077669
81.55797624536685
104.68619946113867
22.366265586277777
48.92948204040333
84.87953993220125
33.36522383996664
83.20074119983558
21.93347299525037
65.52166937227005
55.23359555811551
30.171980932782766
51.99502055536199
109.19588865234024
24.998604517198203
39.063044405264634
105.18922240929183
90.52187262843252
92.4767348691527
113.03639045163999
15.204479471430737
103.455805491865
13.232685002401425
100.95253208112197
71.2901682430896
77.66891675917766
15.991206208320385
80.53006518755284
53.88577105121324
90.70715516137552
101.37075413709958
59.53166198624628
94.32098805787558
113.89710779958013
53.73700079217247
96.92347381502918
94.95805803697738
6.576306495043504
30.903285044740382
41.21283899127924
53.376324724035854
57.33868817998107
62.973826852428296
66.19430499587678
64.39498114895828
57.716732878827976
98.91914893987885
58.165397891545
7.246974821748886
13.461732751329173
51.99071117315503
14.99614322453592
82.79592222732225
100.13556096477039
49.42143252201325
15.26809090560132
99.10870458005715
17.0088455849596
59.380217661044654
62.24055257792701
113.51079135768617
111.7415911342479
66.0229466704685
72.16581453755367
116.607244304078
39.87553508590819
56.789808430834185
15.632931088197132
50.60552634372606
47.850623384228875
80.61644761747148
60.35748595651778
73.80313697870726
118.57134091541141
67.82978543807205
58.27198257258405
21.021033360879123
81.59088795246923
110.85519381011491
80.80209393823
72.35252364540729
45.30526142734925
38.148209876084415
22.391367926601056
95.41891013315978
83.27631860128642
58.19962125493882
32.90076950709994
36.666771013787
116.53614683630427
74.97027419855674
4.647641894905945
21.422877659516658
62.31309932945902
93.19888290980688
74.42835896403672
114.62318367619363
27.76139765110448
70.03826118548886
17.057615903460857
27.996602328993845
59.13994433517779
9.935698880490648
114.9094582961979
38.47675617337197
14.667921972429298
96.65269454440732
66.39417074212115
71.01866943719558
95.22802983154205
45.14125610763387
108.21540556442383
114.45837754508588
106.04328848746725
46.512449844344815
28.617549811881226
11.962219847850733
27.14596932871285
57.17839207977061
34.892617124071656
53.82552848370249
73.18367433952889
20.631314214752052
102.08568132424617
56.093467996415264
120.29982289478573
108.51430984455408
80.47496462581674
53.442285408418535
59.40299111245939
47.66556035701187
104.55416311912069
85.80742228642092
106.96834994249863
104.29001988570695
102.1527214882567
58.68600387525504
82.46493269786504
115.33603179572032
46.5969494082474
71.68676832194262
96.45556791045766
97.82743238121849
67.13593400566438
81.16517882433075
36.9958754082506
6.165191606142763
116.96793825093226
56.96633986028318
60.56290498894878
34.56405955442039
112.1856416590463
13.901351062485112
96.3447548000573
111.39893177772137
77.90125509370884
43.98639231606427
112.07705376573261
81.03116706418321
92.2682082760447
26.26649920552557
24.178251406535118
100.89058173609645
80.3302218896164
86.7193609079626
117.81262081537763
70.03221364214869
77.55840132639372
36.0708204314559
93.14740052882928
59.02997862696238
48.881813735285064
79.28852335715385
72.92782133773679
26.54919069653168
45.44332355411626
27.99046475955759
75.02511864941737
4.556495539888225
120.17955071067104
117.72402397002595
70.41179058731855
34.284804021706705
97.40304006887362
79.09924236319169
4.214295697631222
86.68651218661968
47.088368463809644
44.88178922853233
31.614997529982624
93.5773622716388
88.83679908476182
73.45718607141589
108.54167250543003
58.3746068885359
88.61704653385031
50.9306105731694
11.481307745332579
72.95555735644936
42.87929961317725
79.28837863570521
53.888906861443175
42.41952695380244
76.32945958530263
51.263067727310336
57.47082031839418
27.256288168742664
9.252607666519147
45.9168239358785
37.609257616363436
98.61242937809853
55.877701431043654
59.38918089152724
44.87420199679568
92.14039442409899
8.08788129252855
71.63560677203589
4.391184883885629
94.8704767572307
56.824869605614325
45.438143609821736
56.217724652451096
91.96837903784586
25.82486536854072
72.4476254349098
93.7980690636303
43.782681940100275
66.08052441472199
31.46922130657738
108.86024910934734
64.20639395628804
12.578778778710628
105.17956064662562
4.276459351793918
14.380509308092513
23.944879435349065
38.09511598490834
25.73104543536958
67.3265196986488
46.363386804277354
110.42098292289285
68.05474227555499
53.155864571984374
74.34611834309253
73.73268166197929
37.46767756460655
11.403092397339698
113.63172827720632
37.68973552003912
22.04874025297226
63.28354388375851
105.00355646903633
68.89487939956504
109.38177980489084
87.08683080499056
72.49270598729754
62.45100820502338
75.08338698105402
6.961152092962877
84.04926300849903
37.18325636412828
45.07303061967707
100.6015815557045
110.65991681176297
77.72345628409363
39.84630999313384
58.919912190601416
80.63815805284949
81.04571199551347
113.04990469401478
48.37954594388546
107.76333129138648
72.48915257278406
105.29465330130446
82.62280697947642
87.4233173247972
40.5369824007575
54.7581492513436
33.3222075856306
31.970265642017655
68.15944323094863
39.17201494661154
25.926616464896597
38.404801311725585
10.536171044604906
63.67607751535543
113.52699938367198
107.53428250139076
108.86628179829333
52.560086102302535
35.006656136090996
118.70256559265101
14.404651624875221
104.37649374551376
8.60412378203381
20.650332500309602
59.31403724824586
77.08956941563585
85.45770065206199
51.049209707378495
57.440531957134525
7.848824707332447
19.8257897339261
113.90625202250476
78.68379211656313
60.86283245770239
116.58795795556259
98.06587459461707
52.52307019974752
120.16018252495519
116.50745193112994
88.51484360775477
56.46658565760271
66.29917010605187
30.105656626221847
95.9550318595681
81.52340008347085
113.20799097247519
39.31799293925927
51.21996956637557
9.246919301063492
42.002568761792126
41.33407542983514
39.92476047744272
46.16113786563507
104.79739165937158
81.630212393383
83.11625938434172
72.15394217856658
55.72473270657919
65.35110029154947
91.82716420738258
45.32413441053227
100.66690653486714
62.13236841439578
35.51843643927917
82.32181859192376
96.67225445262508
111.6978571657759
40.89382001623257
55.31274361812749
52.56757394437136
83.76873057373834
105.05164476259554
39.08595917846101
85.96724209317183
29.51428417512801
96.020729809779
18.76493251606651
98.16429254450955
14.206504507157277
8.747831578247784
41.76531469785854
116.51454087284118
12.016850991674112
109.95842448687031
105.26463546286426
104.35476702487654
10.120635229363948
104.76776484567146
32.515290550018335
67.18890734587518
42.942916648264
56.484355534369975
65.72823898671597
76.2201626884754
23.84953837307461
78.08166833848324
76.67034401646887
17.816470246583364
18.507521134505232
34.15812165879232
116.36842527247897
10.935594296640673
9.85983169677393
77.66666820825185
54.57363060581108
101.02578328458621
93.97225160842177
41.59147213352252
115.51420262623577
31.437297348487014
28.347716693907174
93.24869689760034
68.7366322480802
106.02847589743976
45.40404102290712
109.61247521169659
75.27620135041673
81.301827836744
98.91377837658715
5.363705656086722
50.43573805735569
63.98816254872702
92.90295196301207
81.03666341403205
61.52957101821086
66.92483026037426
31.85423097355671
65.27228555744163
120.03140466985232
27.46254640382434
9.075598286981418
44.05393972972569
29.80764423562774
44.790159194333214
19.801858173653464
76.56224141873851
10.188212275654031
118.25845008365873
82.81056120309572
43.13187221743282
97.25987867957485
47.93109385019505
38.0058350113337
11.447790191811684
11.585269561988888
25.813715624892872
114.68084187939064
57.08313218196789
98.4192069518025
80.46290716045138
98.69959223564437
101.83590634230364
83.34316815775023
4.838167918972587
94.85305445100443
53.54867565459461
40.90250619587448
28.411618418635364
60.93949594004985
57.27890640217829
19.379317935668816
97.56008307952683
117.99341984773471
58.8800766502058
79.44943124776037
111.34849819178233
108.98013714207822
110.39286320644406
18.378980130578277
60.470747238275514
73.97675739899599
97.67891148357432
98.11327087040118
74.22525422997518
40.65444415619373
78.35133653153062
110.08208878555203
76.06595548058837
86.39118104228444
51.81888929938756
50.92047459172614
61.34697638707743
39.256622281842496
109.8904127545027
25.48003764253042
15.19604914264876
71.7118741217299
14.602495901279227
108.91815891270073
19.956686434262927
28.19593862036463
18.987649274437516
16.39143640198938
55.81545483712954
46.4019934714313
117.14067573399657
79.62321047631882
114.52875820652486
48.282745021600036
104.92374189529541
89.40943898244876
88.25043990775129
31.138768640335797
50.884511344348255
14.843656855997075
84.34295766199045
107.52606957746644
100.62524588955392
119.2079337118775
11.543103066689916
110.61145505579502
50.41212271779205
26.51446850218442
73.15979166198775
33.971378695394606
80.163689343411
113.23348096358914
14.196463699836627
42.84297434800741
104.04871150073106
91.01312431317992
53.15163065878309
43.82097268057154
32.3316259592801
87.99406916043458
36.87091352393507
117.84414180019157
71.67650274382054
52.65096069313154
92.13278996113267
118.43994145060118
96.23817207651524
66.1941228338786
105.1233862870192
29.889910732593577
105.37654134335135
74.53538790359914
59.9263277055955
3.4911608327561225
85.2216118942966
100.9419567947068
70.19707647797232
80.00872191608583
101.15188656154251
42.3959576805279
5.225717711909631
22.65945034337807
90.57732063500231
67.91730633004744
12.043458496858747
85.62192988017215
55.596426171739324
89.08936369950226
53.13013633931131
44.66466090197429
50.8957619536903
93.62056593236166
7.949130006556054
89.76845564539799
76.51217998907651
113.80301388142207
67.63836465405154
28.826918670566307
65.46535502521226
62.25329179421603
27.59173172649762
38.45477793069757
20.85122404954219
112.40379211781872
40.5844382829552
17.71051390402249
64.1625325742542
103.87862005020159
56.92200807216833
83.49136811027103
83.53777016261675
27.98209622581235
9.382847915055692
66.67961219868721
96.35826100914748
60.33610399129711
36.339201222730274
4.664654309268997
39.823300819381295
17.17923061515544
27.414267244664202
13.15042251374517
4.542634073218885
64.4274401921562
66.50931949439992
18.7778616967082
109.80831363324104
107.1082906714952
106.60453100525883
89.15908015581566
41.68620023351351
99.08886332724467
69.70844885822504
32.84887382779377
77.81905318561797
71.0017232960843
67.17711042888396
73.74280153013527
61.67424123886288
109.93534466974066
49.75444105445318
54.5027493373639
100.60098975506513
6.647123387889131
3.27224568778945
75.97145465437673
100.08994063536984
87.90530759271165
120.29459479849038
118.24139053293882
59.73311339223221
24.032848348002084
66.63210875597966
91.32064664970804
85.1186066180386
113.21322430191671
57.22298260031195
49.29836841239552
89.60267772787137
4.444181960399817
80.5192325501426
56.78889813010878
20.04848294181427
3.301023640239869
110.79769622953212
113.64609249597595
51.47114910665537
63.22757345850437
28.04016977493763
94.5915343412986
87.97501020737343
18.322963302902508
13.22383321747374
103.89101645402366
60.39430525654179
77.41252652616227
27.075963265975425
19.234983869985037
8.39177200564221
48.4715163800704
54.723653850912754
99.8683683820152
24.851465236879633
21.555972733796622
19.06162430039373
32.48110309473897
76.3893635718089
76.42178798338638
87.41062849330382
38.6913685017751
112.79317530002004
74.39580161415174
50.57182606015647
68.59636691391921
83.07424722530071
72.83830891903301
111.82239292129057
71.7050539122305
108.31951775819005
91.78834888692974
51.84987091899682
69.44369922368077
8.540682357572003
19.62017238383335
119.05346179147396
97.37383658983788
58.08327992076154
45.88645487032938
35.18977847964335
85.48757533209998
68.92864468968249
30.28139808424087
30.681717889885515
48.275582869343545
51.59564418232125
79.92422378903646
43.84320465476428
25.545627524235492
31.62665302996301
75.1755703480639
37.650990033884625
49.84221719760614
65.29921123496446
115.91250689012736
65.14835318061608
40.88025710626121
63.086711265630385
38.75514407677488
89.19822718422034
104.1581521464787
70.15192378099519
39.12057513123201
47.118747790269545
80.7325374404789
33.419311438690514
33.04649143690757
36.42035872799097
8.418359644968263
58.713263630886274
61.2188455940196
89.87665935292213
54.319470895989475
13.16506642180456
113.62674316442963
26.704301648877426
48.46844259386597
38.03597573140353
78.68299689497547
37.11552443704238
53.87956439793699
115.6408630495149
23.450290768870452
23.276535157984625
71.18160334142085
15.622471491268783
28.935841379323577
85.87594864651578
58.492394005457335
17.97870433708527
8.89721759376588
4.467673691741268
50.81784102398253
114.16410694089015
97.83934056365632
21.270011129386774
70.76661461866938
55.23552094968024
19.214833052293947
104.55747515474735
66.64318242133807
60.110856428196996
111.84310734099338
51.83418405737789
76.62795945701536
55.49495017319304
63.894824602926825
41.057721189594375
40.617930100688724
40.21743438510511
27.18968742354658
82.34144042104568
32.12789301309156
39.2996006553751
88.16014424378344
51.7284871187085
75.96646684607202
19.81343312885994
11.835205310669934
72.35772516196998
106.62694943962805
55.358298694498224
102.36557420537838
57.67969901309191
24.5440277945808
6.236016564729759
96.79955203699211
64.3120321312635
35.54351247657483
113.84234752257038
64.10659321443339
79.14355674839862
58.57823298079303
89.30983965598
100.92588727437328
77.9626815611413
34.52922649760224
57.80464665207572
42.71480947442427
205.69711281244315
177.19397249522763
209.76811016911796
172.24315876359657
140.60297807904837
157.41325472216573
224.25662383487543
147.46567366611106
188.4036209060629
149.80617606957915
170.58515733083925
222.97703743582176
198.22698958873488
212.65372874075655
166.32560308111792
140.90447050318195
206.24497213399573
228.75216634631732
174.84807393835953
169.83373031309878
185.3035007651037
153.84565672654014
174.98259158926396
188.3218688942681
167.98263402791764
189.55674414582066
199.39190009471255
208.08437916998565
186.04214420716272
192.95390383409094
161.33499255655062
216.39387393943568
176.50235374083195
130.92705358657247
152.74762086357026
165.52822038272217
191.80756980753458
212.5236915292297
171.19837873839785
173.83403987834484
154.5465347032572
182.0115069066705
124.27014603063759
158.1544129732552
214.18042402641137
169.7461082136624
173.0438866961539
149.47299782832113
222.86740404881945
150.88553165855632
128.4377005042444
146.26080929121483
216.84906496346676
164.61596812186966
175.88533034591393
195.3480912499031
136.35107039505672
206.63806522443576
206.66157938826836
162.1908898542785
172.53293657438422
161.79779943727215
189.25082065549944
160.41088581692824
175.75513778792234
205.72060798544067
221.23518849721768
175.6433581757958
166.15038722315325
194.7616171160836
138.02365816959392
159.5991561184387
196.017094948765
133.1387079339974
193.04040036577976
154.007950576642
223.0644977145182
142.0254554593844
185.9403977026521
135.84235715587295
155.31931599320185
209.50613948186353
169.45920069822546
145.0365750238694
209.22449233855758
146.7290612577688
170.49258437086658
143.32211950461215
205.0777383988721
221.06634272023808
121.77807218468939
226.1071372571662
145.7521717184897
222.44213695686503
181.5690693006067
124.401113929077
214.7212024027216
143.92290544839517
201.17622224159638
208.4127660783299
217.66178673098506
177.7600404741348
129.29958146115132
215.24071850308323
199.81216053791437
194.3344494869508
172.6951046730223
189.14242481637675
193.7931741666591
185.05923179722183
170.68704651619782
215.8458689718771
151.1956124382417
150.32109034433802
193.2900831635228
143.13802672781912
127.19989396189536
151.74562824398834
167.99862117404922
139.55240642449505
158.29393533727657
170.2873770909768
209.43309386794522
130.88432395439645
201.51677738342994
137.07460677866143
192.44203444145506
150.10573494211303
161.89129795025102
174.89536726877589
126.57522176969937
165.7462299604117
121.38402754211481
222.0458112576313
167.88903600456663
220.5416376072893
187.0457933656015
133.29137704767868
185.51227668346607
135.5003087415525
157.02781319133155
229.45005209703402
173.42928153311632
138.9562204605768
168.97368053608727
160.46693312630006
145.71629226519565
147.37572474640922
222.7077315142244
167.05163816085218
200.63354482811758
175.91573830175318
172.63963682715155
214.2986317821278
201.70717308010893
205.20287590754947
166.81696953737392
221.7361763049306
176.74807676199933
207.6872674899781
137.02445204693353
185.68877503627095
195.36501878377692
124.30612878377543
153.18294035789765
158.23934129748218
187.21201316575684
204.92427552500212
140.31109932593515
222.03451421545935
174.40918053989375
179.3817304108219
185.1110902062802
167.89396923955016
132.94720549699866
200.1961067688828
176.18924228453687
153.6434360268984
210.78616008252754
170.1618140863157
184.2030561120575
190.4878577549961
177.72094033006826
217.54382394636696
121.21441488752711
181.06698659391085
172.72924449480968
124.34395518347047
170.84964308851485
205.18910128684848
125.5128494971922
167.13781482686397
162.93942082881077
157.76135311629352
197.00976208542752
176.69846544759125
128.0634777586085
189.77612947203548
176.9535216327923
170.23079885372388
175.7469505688382
223.4990132069178
176.98214345526068
228.4292823964266
156.706285789075
221.4793503791301
215.70386195064967
150.41948878671582
179.69319091778226
171.30455221421823
225.83127881083834
159.1977801660398
175.21247326289534
192.04048594686387
148.9699772090144
195.50593366845965
159.2677410319853
159.45806622239525
168.0672411615548
127.53291921801842
166.40408339901597
170.77549748667744
142.23242109591666
206.29547823087597
194.7988211937664
182.3509637329844
157.8221264480509
213.29509546596938
203.24092392538458
197.87182748962942
148.2851027637875
203.26377607392538
184.91983167986575
141.02516475944307
154.85700244722057
179.8827821017435
121.03438038596641
180.00209547791547
130.46638508908774
147.00586704916074
134.13497075708938
135.27054578694367
148.2765086074294
213.39610008862297
122.34078059379178
150.75458615368575
155.39201031162466
146.73669425441088
152.0367963065693
180.69824636318683
175.04886320961103
204.80490000442006
147.9199948899295
225.8261668461137
211.81237315453228
173.96701309112166
190.00034247378846
208.74654776753346
180.37191164311275
175.51381169652709
188.9852811027916
144.9876453378501
176.8479573912752
150.74920461655742
174.11860880163968
223.49423734241986
198.00127073909204
127.06089332261793
217.36292739507257
161.0081781113205
204.4605861004599
145.42272971730173
182.28395071553632
213.3184236889459
152.48897315327972
157.91198467115046
215.70000020249768
188.45205729259163
221.0971898899986
148.58325165431066
213.05309120909857
183.8972373400229
163.10875550204238
215.8121465784477
196.5439283522115
162.68017387788666
219.3890794851096
204.1852198136776
180.89043275715383
223.98945561153516
161.48593974865446
229.4634917648588
190.17043705176377
126.68223220047196
123.69835884202448
194.03752026390745
145.728401088819
187.22101173121396
179.64372693970859
160.11066399413514
216.28001306009958
124.29228498564584
157.23875449828074
137.28131656704772
129.32657216283422
185.67653330927305
158.01238466740492
155.17757970506847
200.4895435417215
189.05586812890076
144.6576922080098
150.93318589853487
175.7562850837585
187.8771569877105
172.85025549139633
177.62975415742463
153.6037154576338
137.08273035817678
189.99174163863938
152.22329896423372
198.21949308086332
175.8304016662369
156.4022867840075
200.1248139699628
198.73452114240126
150.59954500712232
129.73314405830405
152.43865707365126
174.11150353103233
196.68618823049113
167.5514125709339
175.39706075493527
189.43171374753896
184.5850467767791
229.46458540170437
197.16560859036974
170.03686493179183
203.29571850730952
126.42230850719326
186.3919820989661
149.36237222909216
220.2116057108119
177.5782169292921
148.81116821564808
195.3207867575522
191.66504024769003
180.2286660684029
189.28595199283808
207.79840878852565
210.31687817262028
124.77587190059972
210.31681770076173
210.2980322233994
183.42304602543265
157.89567277278576
150.94684052488077
190.75125313294248
215.73608708402708
183.30022718053027
151.28073815447482
173.5022534091684
176.5526314343051
139.31544428036034
176.00532473053988
212.6130955588884
226.77124275101613
124.28801679834828
219.27589800602794
144.1711092241845
159.4541081492729
121.87579521270811
156.31461827670057
147.804902648839
128.8209392884696
171.3381143106293
172.7094632258664
181.56171559099928
220.06846175558795
203.46626913201035
225.00114742795452
192.87426772869927
163.39752328171448
156.94013016511235
134.3003216272367
218.63392134004926
173.49494594792398
159.10608316517883
190.6321711585697
184.56144669146522
196.22995880652127
219.33651297044736
186.9768516038425
164.03432964933714
161.1555552928466
155.0998079980002
175.83048500698484
213.55633244532993
164.42807758161723
161.0948595859443
204.16138774312068
128.91007440306504
160.78220019169711
195.33387215230124
188.05946090404288
144.05839659012932
173.27463986411246
196.51715296314393
189.51233995543546
125.46665094291791
152.6841600537467
189.8136970654236
124.62082917696988
210.2836598886991
208.19560158507448
207.79670581032553
174.05425885708758
137.24862142626353
208.02355582827
197.16240200853284
202.23065642509675
196.6517581701479
211.94367545889529
213.95687087464836
165.09448826694734
191.71755431669104
150.06393001829213
218.36420294053707
178.35150756538914
167.85686254082168
131.48594021048197
197.5486446603502
169.7859118156269
171.11755951721702
169.4598851963004
124.52556332262995
223.4783472043021
154.36529388164757
194.96746412571912
221.90882430751324
122.30108925001119
147.67925114977635
174.4813068437721
189.48776413231207
144.77859625557105
143.44155373295737
159.0290496330599
140.66318502172993
163.46930318842902
224.6920289102196
123.08444848170198
162.61141586527077
151.87579236806155
144.94410239211058
142.76923133432612
226.70073716820133
190.42931366816396
166.25428822579028
197.27785463575367
184.2918616530662
125.46708892408783
148.00530389598916
163.44697506569997
156.42133897850132
142.99278528594138
176.66363724594828
125.80413746141012
144.655333077444
174.20130483956717
144.36440746370272
181.24043328510956
168.30940796098838
157.2001325925434
168.03007864375888
166.82222759382876
184.80950669675676
123.60770111654944
131.19731435589924
208.09692867279026
134.14390322244765
149.5788855471503
162.68229828446485
180.34867753296547
225.0499300220656
157.95666645996485
135.75906355655317
166.14309364124767
146.05368757429608
155.30196834461913
187.98043997227884
194.50616118340156
133.04828687431495
156.69789251767324
128.10133257548358
182.4280855560801
151.1600787682408
192.48452227358493
140.589012169863
192.5704245890393
222.73762324952884
151.28556718193255
205.19259399854272
223.8969097793249
132.58448318097606
202.72582373336493
175.15735615674157
203.38668531796972
132.79663288997313
164.49940955921647
189.55852214183292
182.71934159396747
193.73811614133476
144.95597887298203
186.4621606249432
193.82222015598057
129.25421994067992
183.9578609760954
159.97733089279362
191.84532760217752
152.38546796322413
180.92572413950177
128.98773875827976
205.85291073808085
209.54386917331
229.6120218752709
180.06516451318834
178.36945652067612
137.6342859293747
191.81911335183133
156.3667488804964
190.4392363327301
205.31607559497988
191.08631951136317
139.14769175010537
188.20026962274838
176.85593670431774
131.2647269868235
135.7007471887885
187.64838841799792
133.89632824622822
177.81362949496904
167.1835762838404
172.73164627324317
178.3382880647016
217.02572892905098
159.38920463448713
213.23024265894435
175.23463665956518
217.195179103064
143.9008298157312
173.83736972895807
138.02717233857416
220.24750674684324
186.09228271510216
139.523649487626
147.14706532472994
151.45352692284507
137.4223464634305
152.8777118737791
172.87680575027866
171.15326975531428
174.65368603461394
151.60730873260684
152.1754629745037
190.82766704286328
193.2316232333414
200.45222358275223
183.15018540666392
178.62458287391726
158.27210017263215
144.94847479079368
191.99559462277102
188.74285758781036
159.9057696352716
225.4157744904986
183.15700959049832
222.05230353469668
131.60186911132934
139.73651919088886
139.38289352068176
242.60624290521852
234.41953597025588
246.82212650877239
251.13485595118414
290.90632816167107
288.54177609700525
309.93447912231665
309.5929860668237
272.20021228192064
260.3063725711967
234.0639531803412
231.53328335928748
266.45797553254874
329.7459907885428
286.34723959637665
276.80751787043005
301.9399889572755
240.8455939557267
325.1786721194702
319.9264626466216
322.84998733955877
284.78665843874944
302.7087826494574
296.9650336729426
249.2426366023706
237.24300152721412
278.7945328425408
271.20792502935456
256.9107568078958
319.84571547414185
285.7235015537507
278.29923187656
309.32969241807035
307.3753765908313
310.5011919401538
254.8766987303907
294.74352336146524
276.41670097377187
328.8767315489121
293.49288710149096
302.96378078825313
247.9193363059796
248.64292515454292
305.23095106271006
235.50464476877818
321.4377673328562
241.5167551377003
276.40398438603256
324.7691043568674
242.4853094959891
304.58793399073187
315.540476796014
307.47116649426334
315.41220252142267
254.219576075542
252.10784715274823
308.6355167786962
266.8087475293646
298.5742988465854
306.4794427198072
291.66677760517894
240.62244286967777
312.7875428902092
306.8881475789848
309.7590318220327
272.1451110388201
326.1799119316668
235.2051921688178
240.59823931301344
278.6924383721127
291.9166885984505
293.2166341540476
249.4990993657351
306.220580849389
257.55095010761494
286.23455688964384
265.4716750816458
242.22409732283674
308.18646861789136
243.66947293517256
283.4596688403522
266.8431123720837
278.08620906795977
244.3277519320875
299.4874368301685
270.38592600356986
305.0656688651195
297.9570046197029
322.22565209926677
247.32321407623266
256.4395035685287
277.20939070157726
289.3485332317933
311.52177467610204
261.8467186254508
251.86012058389156
288.99555673140173
253.0831769027127
247.67871841384735
312.89211434392894
284.5286589617344
283.8207421173677
302.91830592002526
243.2177393388686
305.53760209280864
307.61026292508564
287.5717183445255
330.8314284159284
252.47864157753966
291.76594204410713
326.1512492668741
291.0180247300398
328.5826105890814
232.30466326955667
286.9246110318012
253.48420113550034
259.6641282114907
244.96324676838688
275.72133550283564
292.2912679766695
318.6389047837701
244.23292006092873
318.7301242124242
282.36654414927864
314.38317513769596
314.69339450625483
258.9785446383807
269.74992313028775
237.28738131343758
325.66460276155317
326.09697839901634
294.1610890502213
256.0198806772282
277.241342210259
300.2703683455948
273.368318364286
315.60504913698514
285.01925300668677
292.77895975662585
330.51825699785076
263.8202493430583
313.45822289894306
292.3424402396045
269.3157583994861
312.9446262959211
319.0595045511371
325.0557523349343
264.6520220467216
250.15655972242146
300.9518300282112
231.2341404294752
306.3848587126884
285.6667822819165
256.22378661817436
307.7729152855207
305.6715319327354
231.4451509801548
272.38390101687173
291.56983804473015
283.5990596164362
303.3100548455123
323.2281486064539
249.85257340337762
308.97592118227146
272.2755956861911
246.36021327997025
232.10564819122152
256.5355823727232
265.50671689611914
325.757092240506
297.5899942842802
314.31946174020277
293.071822355853
261.1362628897645
264.7184213320223
317.5781206249881
296.75138060246195
289.84198021521985
238.41424929965527
270.6966702873074
316.33989686398377
288.2731501537065
328.7331635534811
318.0115867969283
266.25237402659815
244.84232376362326
283.8072423065748
271.5656716711226
317.3251086044902
230.71395568049863
240.41774966714857
279.68470618458565
290.03078934881216
230.1401935727933
284.44029980888496
305.56936202469115
240.2106821353525
290.16626421762066
235.75817147052004
252.17014529042487
293.511247700092
257.8009023969113
292.53490310183906
285.5622961337568
255.72102515196318
303.18082382229375
302.36836686152566
238.80681077429057
255.24443159714187
250.4985189682589
274.3221789718011
319.21429653299936
318.6346054707059
294.12750859899774
299.4247670052997
264.0803206408096
238.5302454978102
280.1824440119862
253.4156949632523
282.5108060813279
293.2736705962878
299.79691115009825
294.87760751972417
260.4455738727143
310.6578271644026
265.5889532847686
268.1571725018928
300.696871262108
265.2780973645918
287.7119147125636
282.93074453835453
277.6997242897054
243.30952301807326
313.2182629550047
327.9068029523132
320.7127250727751
231.39733627030736
242.3699733319639
290.2231014441174
268.324380760718
293.0859961909354
321.0134819475557
309.17421325037515
296.4373587861912
292.2252135383731
282.05403602536
236.58350028843648
293.66947490958495
277.50278819400575
318.7938335209655
278.17821814786384
267.6635859350674
330.22844063347605
238.3032829956436
323.39920197239576
287.36588783746987
243.3343979713456
282.5222501255242
257.56165224648134
251.88879374579255
287.92916375508014
235.2370784625645
234.8995096070934
270.0640572016848
246.9014159863839
269.68663716332867
286.1674191842482
321.18230426220094
272.7695872356934
288.7613341539854
238.57865699614413
326.79798416668797
293.32406424151856
252.8891804597582
316.7794800334387
262.7219582658832
330.7997722444125
310.8074012200866
276.93262947185883
249.59555284353206
293.9054839941939
303.50806728910123
281.69232876934825
281.8935489320457
306.47347802338555
293.9165154153972
248.66328455992917
279.08082644037034
317.3319023136636
308.29680944529986
256.95789799703317
311.7591277654377
288.39772358405133
325.2325851099521
237.7420467012755
258.6280006948329
298.77884025783743
289.6599846528024
241.67283275044002
252.9749297718684
235.58101885777947
280.30680217333503
256.83366866290686
233.1921551077857
258.97266760428454
239.5844961093997
325.1975457183396
256.55049195313416
296.0868571886455
326.45221243684614
247.27146216784723
300.44924223131505
295.39994489999884
256.30901548593954
277.91698834836825
282.2944842808901
288.83544654808526
253.2682053132701
315.45551333026
264.7815194829704
257.37667885505493
273.6599189051702
328.0931790170723
238.64807395873623
302.5817056968613
328.641700632926
293.9629721573215
325.1911578897246
288.23920581281
246.31182941842576
265.02031788976825
247.66267264689483
290.4387579199673
325.41838181287676
266.5009073336911
291.3321363847983
327.3946330211023
299.8758003595503
292.46823715849683
254.4766681276141
243.1083896285727
251.63067875740683
251.47989197322983
295.8957570062893
273.27493480450465
296.74353245894866
292.8067892659569
280.91167482041993
236.61517184175784
290.9758896706611
306.44401009578803
320.8834463393688
311.41703535987523
307.52870307086056
289.60653964993156
325.4755703532269
300.3022542084652
281.0501018660318
301.36265500178274
257.4363428762815
253.4880680366055
259.98904745396993
232.59093253667217
321.0881714532068
294.61627230341145
240.55608592069524
260.7704198113543
247.1193244660573
300.21489035062444
326.54344158986197
260.82778643043935
305.0242595852884
288.366999315791
304.43155780726494
263.6002958742279
288.52905784429953
257.0462563883179
309.9258991382778
252.12204742190855
316.54827702999467
313.9045684571994
305.9107728214585
310.7469563494414
259.7888756371229
286.24171241909465
319.2765351433715
305.0172853156283
262.43476268662425
238.3355768326434
254.2948234879939
280.62835872521174
294.02402566820535
298.33662247581816
324.7027510826531
312.43118218864845
263.6276664154965
288.09906674227506
319.3868221100908
329.4493799027134
319.4003033013796
258.5533757981384
298.99913779200176
322.51318612717824
305.0045114033353
275.51407682432364
265.13519173909816
283.6531953065692
261.55394312881674
280.63184633963857
275.3726037547753
290.65440829438296
313.2762230951835
290.9358883899935
264.74429810706016
278.1199624777491
307.0992783417922
294.5978609005415
243.74854658875773
232.95602288526874
282.04062704207195
271.70183625433856
240.7289673550284
306.24253983003166
261.18902307150483
274.2938162346269
279.8649531620211
272.9277858598919
267.6784964098392
280.5810333880116
317.1534448045817
261.0021508868341
298.009109426888
245.31423967079417
240.87032281521448
286.7998255071214
317.30953202849116
269.2651139918659
295.68792753241155
248.80802687843916
292.1575348872114
312.5731789992866
267.813656236772
258.4531730153116
269.45175364398034
310.291986234591
263.4548337859469
309.5232507845737
285.13327846027244
298.8947661231132
303.7504064419275
292.88480544667186
300.49516502512523
300.475232197848
242.03797824985875
267.4537702043274
312.252941335521
308.0198492066123
309.6133693623291
251.4656282918617
315.84983959742465
255.8219362360109
254.74057327267676
236.98658390236312
304.0562707951407
235.58748531792082
276.3004449586228
258.01234284448975
274.63245654095357
314.4925634245692
245.39976935182767
321.5972274054359
274.5921738849082
324.5416851343058
271.693771189918
325.72639321053583
301.4448918094015
311.2305438304333
324.196244209846
256.8414962546782
323.8103564997257
280.782156815661
260.20932404501013
243.95102686970972
273.39761159059066
298.24663070242343
305.2823679486944
327.8185665716023
292.75645115953654
271.51840033842234
272.729545658288
244.78971389091976
236.57354030762457
269.9365377087847
285.9034762292407
308.31685474454423
247.78965606205097
290.3464156598061
285.3287841508699
244.8045084631023
253.4432982586125
256.33759509682886
245.0971923253987
326.7742802167335
265.82988429049794
247.10415594843465
254.55838498798616
301.0811999832204
265.5744644341887
266.1252584231078
310.36713147613335
313.9768401435212
303.6187336865768
250.82059478060822
248.4987193865888
270.26102647182444
249.7669173017154
253.04149174800992
302.4816565931617
248.4344876984746
232.44402283370425
282.1417632858566
286.9432454760809
316.1790531193668
291.3473780064744
245.09128695240696
240.73096069870735
278.7056066890568
319.4901195607534
257.88412310959086
297.0755372411206
313.6814087869252
241.27374301344756
279.1880068293074
273.6782826711629
277.36863000442827
250.53549187368102
234.8061219259781
281.962877784495
312.5073746664382
298.41775604540805
283.61646129488
248.30018257131925
307.5916132993069
295.9943427688263
289.9366766989933
271.5232172732536
254.97025439857126
236.83356347510727
253.9362520413827
283.3542139849889
240.30421764282545
273.2609941664802
312.3002257734138
259.5239326337754
238.61288613704403
313.8341260008341
267.8333815937451
296.12557099201047
254.03358804675446
273.97408900363456
308.9554614047355
289.12429172415557
310.0639751970908
304.0198122041253
268.08956244201323
264.27278933554084
245.2177766422086
320.08737778163675
273.32551251120015
284.05368903884
231.27533997711674
318.2054903421365
278.8477471294829
277.43778186046467
310.70390163443676
284.08311174523556
278.3956627735965
324.78853969722866
290.9115249766939
