32.054196655949696
55.508953791477836
39.83731913433808
12.98269615535328
24.570631691578534
48.01192696242079
27.493077794328617
27.01705681433959
51.41863741975388
47.46185299116142
16.10934730017508
22.637265175478944
38.306951711274685
41.74628424781623
23.631821887388625
9.005213736535634
24.28641631574868
11.423568331698519
1.9023048636111923
14.400284528803203
10.10271166757634
23.19042402041329
47.594783851731165
48.96319195323557
33.87727480885272
51.983074367813344
54.20274334539638
3.6837003730267703
25.674450098195567
51.5275405424093
6.561406067171596
37.74764988112821
9.505208586152474
30.60091407443175
40.6736806326645
50.46360308480287
17.5230472880845
43.091977381511896
15.85387552207497
18.790983035115282
33.79550280726201
40.89114049437713
39.45326707743186
26.2526668974053
7.324273191538236
11.73096591052672
41.89408774176176
26.70542096547462
8.993183118936127
47.492545697593386
30.726861180202093
42.20519539244272
24.78539126616184
44.79396646605214
37.30495222143168
1.8706484065046034
32.10267896844378
11.478075014475912
25.425972643218067
49.70432132891486
49.59134389580384
30.07170142784082
87.34781417255972
60.70699287169477
119.21989178895325
57.31573975051544
89.11778042137904
101.49679947089625
120.9300513340519
62.48585057333592
112.65792824260569
128.8442721177334
75.3847341061153
62.654974922752494
101.92195867315154
59.21479144754623
95.78358867128968
74.18163941620604
62.875921170027226
88.0623393734269
92.05158030685385
102.18389716112631
120.83402645094412
88.230284252198
106.06610358765006
91.95000996806158
77.60132083667165
111.16602649815226
88.73626948447419
119.83649550884648
84.99529425936005
109.1075088556129
112.6516748604257
67.04595315411706
113.48181275271337
98.0405692800427
122.67443204232536
87.40041696030235
122.98685270512713
129.4448163625115
64.90390811506049
66.1666106127251
100.59310265443995
79.1221085714205
107.96632301467167
109.06188184144249
81.4065967972698
103.95871757721174
90.41796799156901
62.602100100042605
75.44872707635815
120.02984257246
127.5936877596303
91.92074780370547
81.46886596905475
111.61802774149157
94.61090343230995
104.73254090014672
79.10165083672028
67.77663299342743
112.35790219315597
108.5536878887508
114.59907042017899
122.26250028420853
170.76314970066235
171.54313933394707
216.40094082014943
181.73364818975335
161.15419216053314
172.6156309776397
231.24821183635203
169.09062715652988
183.4049821622029
169.40971829357696
150.60316516865453
175.88985990851322
164.56330624339435
140.2584848350801
151.14676368955162
173.95864851407006
155.03648301028497
179.89578792550648
170.2652061739108
187.6626486760964
173.4986302917895
206.6497312852968
152.17346324664527
195.79137488014982
141.2642323401615
171.71850887996646
223.8296215460452
182.25147409502395
147.36362476650766
155.6887275420631
203.46002969359827
227.50497834053078
215.633333042691
227.17052145330828
156.93734025913986
185.07925454712947
175.38190115495797
184.74302910733496
189.7309364795611
142.99650693633075
153.36097859655328
167.53974522556612
134.12936767244113
189.1407371615424
133.00380881629866
155.70179514723495
170.9318919714373
193.55332892178242
188.0669082499486
188.62970208663756
186.1123159628475
182.32055411398866
200.3330637077126
192.14325005551356
210.24012761049988
195.88050339305602
200.5270110451552
159.61722435975454
186.2249567329575
161.42087612758687
216.73029375633513
174.18529292253814
19.485049942797044
23.19345826280349
26.127710378001524
31.48332980688621
27.632441099397834
27.836907739752405
17.8252444723963
23.57491080773054
29.301725464207625
30.72093309450959
19.265657008191482
31.517812400034323
35.05615775641762
16.006723329718145
21.452125347688206
22.28278863088441
15.629569331297928
33.31603143670786
24.839532900978536
27.05727396200287
17.431681980724328
32.00031977429955
26.91236105452023
30.199925954804165
18.596872183587625
21.52174754373688
16.865248073996614
28.015956787504486
18.557575022256714
31.2495020441906
23.096327261854867
19.821917080330554
24.8276043799981
27.82724265883119
59.2038414407031
63.71301226613744
100.84725477575697
68.3207525579687
112.03439294682073
80.66476784641594
61.827372487620096
100.52658114711943
40.53257723248958
45.589167867571874
95.5509168577091
69.16685086173284
41.18533574523511
92.0040542074735
90.94499958362255
73.72738808293263
69.40291530872398
85.346030660315
37.16304880612962
42.79407217585383
54.74137509426675
47.06276706173263
61.034737310030835
86.5751180097863
54.808009744591445
110.91732003606694
60.793256208981056
40.29729264642721
106.9716217667237
64.55036496740856
110.0452960352091
67.80478318657468
61.05637606962351
47.030964667911334
122.78502466240425
148.53326321949277
196.96690792219374
118.48482418427528
165.35961424304875
211.2489338968859
144.96563962546793
193.1053493672627
177.91418682593311
180.26431430258262
228.18566534278622
143.02962769708034
182.44628689223373
165.13342629977305
152.13286364448174
226.08610830263976
156.52138924682163
120.48950393650625
115.64613577827697
161.43403578385377
183.38939285464312
183.4109934157063
206.43122542686987
215.75841411864394
196.54794860385277
192.40318242806947
145.14913046261813
188.5334551626349
155.9078656456946
152.27724490929103
129.8482561905865
132.97337865172548
172.00253240281342
180.20747273260992
131.44173663785585
184.2795212719116
229.23206831443662
149.9515738274864
228.67098642485564
136.27976186719712
129.51550304326884
204.37417752418614
209.3878344119195
185.69707916704002
171.2169438701822
210.73139134235714
128.98076649746497
206.44772228121272
115.39261221439699
142.0045598212161
227.3782936547558
189.18232699392286
167.1315916778959
169.89752675300457
229.23787145164877
174.17176625946334
218.8651892825901
145.1273785102802
138.1631706787804
200.12054837191204
214.16002950147345
190.50317535060748
150.57771845293138
217.0576297809153
116.38420176372676
142.71764910223789
163.31742482096783
189.30360266656558
190.62891841333857
116.16603629549354
219.42673804947069
202.87468415552354
125.75870473060814
230.47889214426502
143.3470040887618
166.01752759677564
223.6570869830296
148.3263404016895
172.80761861705204
173.38294555791887
133.64057983296422
140.02200064227665
137.7092507352121
126.53519563287801
184.99292198454305
207.98135094553902
118.51486652564921
185.37216714632603
151.92162520045238
143.399969149296
142.9087028166659
196.22177995702125
184.42402247344006
132.69789555881965
191.9928151493235
145.38469780692395
209.4216297940733
191.43921493605282
179.67587472530894
222.386894988672
133.86331417165678
218.90124760653887
174.65673616386331
158.20103319086132
165.82288718609104
219.13005167085714
211.32603506067488
215.5469035586624
228.07688415964913
185.237797593368
198.51492162527995
160.67157767621956
224.6601523568854
141.54829701863446
170.52270867120816
181.21500642645876
167.73591499446354
188.23492203762478
159.0329324308636
140.4128460465426
130.87577884681951
182.66483452947958
178.47317113136296
127.27872322039403
201.86691013351225
118.75056216197731
208.62455938775676
187.5643117585268
136.34619467834514
228.23611531628586
225.84549997928232
184.96098907640504
118.66824051927625
196.26645794746452
198.40874870421402
155.00917563521728
170.45829625022486
182.5312882440865
205.12176551154852
128.99004981597386
207.80202028646065
154.39296984496104
223.12362509296807
147.87855691745813
199.326488488767
180.8801016234616
220.45884964082907
186.8412682125845
165.7493291841952
151.38934467736797
146.80556625069136
122.30442166920191
117.35940021460964
209.06356999606567
167.9345879880711
154.18919412219628
148.64219874015046
120.76300066018189
179.93563550297665
125.36445441618444
171.59767327939693
155.5818614728536
187.16684546201205
195.38434627952307
117.5639151126683
115.16970058507152
182.1467085772517
138.52340401928004
207.76203615999128
115.28635422655772
213.46583971929402
115.2810573258213
126.36393985739258
137.5660474963942
168.95153799076266
125.80735285002372
220.5664378636643
213.75802376171538
145.73729454014546
197.9806276686607
138.37480594883934
180.8165761609749
145.60933319367376
152.3601062817456
121.39618920090385
162.9456735099779
181.12091781167814
172.04857898660524
139.06618037510145
194.36894101697303
154.65657554789357
153.29911178410754
174.11764409419766
158.4120075921739
173.37924320740257
182.9096346107736
158.76113779734126
182.9037863605881
209.91755397518895
168.42314976429714
138.3072148139424
186.18297583330065
154.30875199663512
216.457423789453
156.39247807718868
142.8062271813857
214.38077031940708
157.58725747052912
163.9850585405585
129.01676861870374
165.9182482731987
172.77264670133613
185.3902679107243
119.44333846432508
165.00770828236588
160.21704532436425
201.18138600879558
121.10716859100131
231.89913757537374
211.31611008351567
227.66984350750909
132.56114035933217
205.64830334698206
224.11870399910504
125.67917891063615
143.20212348501553
189.05121142266185
198.1979152179564
195.71413520420617
201.73261867726555
162.74490075491715
171.50808012946598
192.73433550777023
158.22652167719656
222.80563610913833
127.2285940441366
179.1943122500838
194.3411500988516
162.03726519069207
150.60817132716892
220.5618892949792
115.67781691215276
196.87659438643743
130.35817392316545
165.30909876097883
133.38018537231346
228.64473447546337
215.25335127693722
138.69313225932567
197.47533867199354
137.32994672916092
124.14569273658941
165.15626336693293
224.3354346053477
179.39382932464807
115.51007092876816
218.0692377709224
185.696347521755
208.8681259578881
213.63459234279077
157.99554464267982
200.21531953136974
163.59828047755113
120.63388021378816
199.42363993730672
220.83105677404507
137.85183389686225
181.60832107351771
170.5281489532594
197.84535502868897
115.10882555159647
230.4069387089474
169.9382887517525
177.3971011113824
183.0602667238957
121.56822599100869
189.5733772312241
185.8659321462344
197.37270659635084
136.00785152959708
171.61532801892864
139.68473152258989
159.87912324790764
159.79959864899953
208.57225786887966
174.13763852889753
171.72936944102196
189.65407742214876
199.79455788053417
165.5667126453551
188.30931349494193
128.92265986186183
161.17573166454488
186.06911365620624
186.2571861059037
219.98628901915848
178.25568011722174
167.72356481770433
139.56697297971982
168.17366953205067
211.39343442355795
160.19780872606322
128.9597981375197
136.56198349458666
167.97928321407085
219.2445416120405
156.92558052947595
185.65006843666305
179.80209364870035
212.43667260592852
211.50142559696792
139.40723206356262
206.4964389629156
205.16915565353574
156.0469095226471
136.83643477145176
125.57752580856152
214.1448187956932
195.64397010092804
221.8474818539192
211.26088711670363
204.16181474137818
119.55233993658901
142.93691957828813
201.40062969969608
205.04126441322174
151.18375882966296
213.02791329144432
190.466049433272
131.95099261851504
175.06122206267256
191.57503693668625
121.2052652087473
169.56523860811953
214.37449571056743
174.3336728816958
196.9977011218461
211.9637783579705
165.44444506148227
193.74422569607358
180.31615122350493
214.2328012838933
180.12316567067305
144.82736002510137
205.64231892746912
144.48184688928674
220.63964133114607
139.51476479846391
224.87327640914845
189.39243929987953
142.45370294550415
153.40395028835974
170.81609734811704
212.73137508973826
159.56138792143042
150.1753288180604
155.40534179374106
225.11630027405715
207.34414029728768
217.71783806296486
229.12229201691537
219.96760016891474
190.98825389619984
163.3409097685721
166.44309696322645
175.45937110436077
155.28824857428825
121.65898245033492
189.49582308898445
205.53403129914813
179.4587706956348
149.85165250543372
165.91844845799642
151.44044836369332
121.81053830694972
180.65721547012922
151.20242899720944
212.3404680061186
151.76340308973562
140.4812595199821
150.39948111127245
210.4074402677108
159.26148028967285
171.72607840492853
212.69305484621526
122.50233381969818
143.0819756315275
163.2451365758791
173.78209223865022
205.01675197285002
160.389841331593
191.53012915802472
200.21161837099393
129.0184217708211
199.18230961906124
147.3516093585185
172.3880398629247
115.8597593569854
143.18241801857758
133.98440967501904
210.40951223308565
147.53135701592086
208.6314558453968
137.59008776265517
121.95265310493932
160.76479521595817
198.6627564017556
150.3716667363059
151.89388476447235
