7.387299084245582
4.902346034141431
5.084235737948507
0.9289718191832392
9.355447358286366
5.7752739301101155
4.0602903802006844
10.214208720296417
5.499535727368187
8.055329830139078
8.681506028115429
6.2690307774870355
9.385245416629324
4.304051117172012
5.56059345293342
1.4742876624774848
10.761280280055615
7.100024508811366
6.91542443575504
5.919988599116716
6.42591757155052
1.3187527130917056
8.310318920350932
8.583477466496372
1.2087869687501973
2.767985053726478
5.869726399408971
9.601163956839514
10.44187964331244
9.035978240543205
3.7465200747881444
11.916164711932039
6.408368621940235
10.366268804231009
6.632759925618403
6.838977725907011
0.888641331080505
3.2487334549366573
8.059716453676184
26.962805725011318
12.120258703156395
14.674011003789213
26.95968735891111
15.057781327296626
15.815592376552038
13.041753986197982
22.304044383700287
25.251977041695127
12.907093541542844
14.494371018036242
25.937500500643587
19.65723018438964
16.521610513972913
19.609563479047516
20.944606950349627
19.571432820486738
21.81302002225321
14.681681768682479
14.329405885423622
25.01274332433147
14.097585935021096
24.696831517481417
13.591571177758624
28.64275843630954
20.008190243073972
18.105401597803823
24.91634856273627
24.244613966967258
29.581239912908522
17.378171940796687
23.826776874217778
23.341337239956708
19.580591269937525
20.90391819820391
19.134318742026924
12.313009889069297
24.450066096044893
24.447460303671377
23.805849212266388
18.797359936268926
46.193159594982156
48.97434073364751
44.961589258554355
44.2961382097589
40.50667816534682
35.86625464557171
31.402585842149776
44.4165260173744
32.510891342307666
36.13931766800903
37.59363994782678
41.60260584386635
49.44519515748098
39.34054096880384
37.01121574697777
35.03253877559383
43.495270459464614
42.90043958907026
38.38431734564065
