29.862551536267283
27.040951664120744
28.248856513374786
27.723481064294067
25.343544331778677
29.90138083619215
28.13120472420362
29.939918083348775
28.139959287942407
24.649159469839898
28.18166981865194
28.531310041622003
29.736113680604245
25.291626876928277
25.489190202076653
27.810648398014273
26.814512242462506
27.966173448172682
29.43080640902432
25.997845764979434
28.26535400705659
27.641396493155302
28.21601285229437
28.60778621797119
27.050455188935086
28.458177897477235
27.498942236324154
28.314808994043936
29.251587171048676
27.416812502125673
26.863122795499194
25.107439090844636
26.937047983283104
29.403524942527607
27.59146775507425
30.165705843457385
29.3279802294156
24.853126539012074
27.06891894013745
27.466661666295547
27.912101520486946
28.393973029922748
27.342387973627563
30.421663487172363
28.79497198300076
27.098179115626362
26.948185948497006
27.21798048993311
25.043855739786903
29.11149415400579
25.0149389260778
25.87860149066031
26.83895556444807
26.498826669982808
30.965847123499486
30.735047295872437
26.413793497063867
28.480330488137596
26.034482866621193
28.027268992333187
25.101621516312214
26.374396330358028
38.3868266400871
39.55635509578572
38.975490614967356
36.83285751012298
38.707980123435505
39.68251991373448
35.54144173312835
31.663327506813125
33.31128531932312
39.67879909653604
40.3648025317819
40.088973039925925
39.16598941439753
35.48688775134484
33.61031493459991
38.05975022987971
32.45095953134456
36.701867115575844
40.55035338100807
38.72279420256473
37.86947375171641
39.4550192700097
32.11351706510473
39.30010889442148
31.53447646028758
37.382173153118735
33.00547052156163
33.67671781251263
35.76113143789681
39.07747356460979
34.06905613994752
39.234571703104585
37.1870567462972
35.882422442470094
33.8225765202023
40.4212313738157
32.69033518144928
33.05393938204101
35.44372182596491
34.798221654516
36.033252149880155
37.74271386406988
37.9185950924366
35.72086076046636
32.826814152935725
36.16228204136101
40.05676371995382
31.324476905123106
40.92663817243366
38.93441415380284
38.59929566637012
39.14799140719245
31.434146670835574
35.82913868428099
38.81836102456823
38.25439302101372
40.88610848159286
39.8914818774491
40.6853428816462
33.551172282458516
36.05763939991637
35.59316176153269
48.18380035641001
42.13331741847156
51.35531084955248
50.054956623508225
44.90343128248599
50.49998393299932
49.46258539375438
50.68154260850018
46.04753797559434
46.395101765893074
41.36587872183602
46.953574213622005
42.87010634081817
42.339015549315874
45.16387843447027
46.44981001263652
49.99183600394616
47.66533898516294
50.69858031662728
51.68685886205443
48.50730765840118
48.296493552118896
44.40779169115868
45.535546749393
47.70856655175908
50.19329069518437
51.83864398413845
45.607864235607956
43.78329862125726
46.04049236000287
48.23758573465283
50.069987875947035
46.34091075824362
50.94857133696444
42.6982157100166
46.62070125456028
46.68112357634408
42.951950191771054
44.50397103064647
45.08895534380872
41.2765792603344
42.45778862986624
45.57270874889788
48.89558934110816
45.62357684832232
49.20959326577719
51.73278575549118
47.36905652499303
49.44800524464247
46.07925501071839
47.41328004939736
48.55300888301951
50.95673498370415
45.64252875378514
45.966774612758584
50.25443701295304
49.64267897732273
47.3369975877688
46.62912235824608
50.42248451410764
42.797581417704805
43.420562706795074
