23.24257088003641
45.91379490193562
51.91734054148445
14.675101586955343
3.7651125974316244
59.87818568039117
55.872204177997475
9.690063450117208
20.64892675375642
25.676559628009393
4.518536506817824
24.28707769936041
52.64297407393435
31.530884102173314
28.771420535825268
18.89369704732032
54.13809846665649
48.177261062825565
25.191899433728203
27.105033456443476
55.37039361787391
56.83736428776314
45.21775401970718
33.1468082647008
29.572994539019938
31.123248891628542
52.0790324034597
24.07495329330349
22.586182314478453
42.852764575498966
24.592198694830163
28.840934788369708
53.23089140400104
31.60728808036559
14.04112876055989
10.35807219667079
30.67335875313239
54.57446995211092
35.14443412349485
20.08249251699647
46.15584211054801
44.6810416786377
6.055033373457903
28.113416053319682
46.71491291059034
28.45239935275942
35.792177904263426
33.95483969659791
18.09827126438936
27.67593793840963
39.399299061839045
24.184732800248387
33.506601519781086
6.538539536875842
11.279818410535224
50.21802290965189
59.30873877848011
13.426295465981827
34.71971024987632
8.87483023484993
45.13709066186014
36.18862065448312
115.81910802220887
92.73710536236949
104.16824491017692
97.63338408514763
82.07956083173117
63.954154042436805
102.87164721216476
119.24893086810636
90.77376597903879
63.118177582224696
69.57838146377398
112.65693297976645
115.76606151685864
92.9179338793767
111.84067151414793
101.52954099265948
121.21679609413333
109.74092262052443
72.04556310583935
69.0001189082304
114.55702539705807
127.35444689328597
132.45828134663634
100.7364290050163
130.25202110117817
110.64643734046078
92.80357081327077
112.45181333592807
87.33777158361714
115.78286407893751
80.45834533665071
111.25858560199532
130.00796864709935
109.04438243429574
82.17822195770363
78.51124675266402
80.86414439465327
67.1718676831093
111.77631476695693
112.17466329713797
79.64087371219328
95.22205921172102
100.00068224102225
71.8154838779063
101.03561766733674
94.35212828962369
120.52102451868029
79.57146853645344
119.08332163484961
130.0530501754245
87.73539692547631
120.83463055957316
72.90016017271013
67.0420405339622
67.36165723149008
124.07677239175572
99.31668470109624
81.00342638495728
88.58038609906552
122.70582701476592
98.6908914416186
111.07553016776741
150.68388755620842
184.25226521694242
181.9536717685801
211.49276527577646
198.7668215327878
214.07250573653738
140.72049588917034
203.3279112946985
176.58649311269272
160.27034506241966
204.54634382208582
195.70565958581008
189.84138195235903
217.860276426044
201.41391136119074
189.8559723990036
190.27031802556795
171.4248477072941
233.01223564233618
212.8928512854795
151.15624544678263
148.35107891467436
206.45874832250794
236.9912575289891
232.7222759312088
158.9844203530932
242.48749475605962
217.23859080303257
144.92632694822484
190.70733993879753
166.14135284789992
234.4238865724142
230.08574548929715
192.75423335621556
135.263806042942
157.43734197667263
185.61167886429394
210.45233604212123
236.2050213839127
173.59636715612785
163.55857441244385
161.0263964860216
194.06478822593704
202.1623163654887
208.02344238401184
199.36768331416857
147.05402221718677
152.3887824796341
147.529761424115
147.60035153001962
192.7726847760361
197.57767556212454
197.6007270178995
232.393347034621
237.8073872237878
166.29041361418618
204.41574775531663
219.73476631841936
204.1840141236106
229.43233256911776
139.16792417392827
233.91941339796634
93.11348052179773
66.22562239063073
61.08950407786225
65.8167996495372
102.89138030668848
59.75234159345795
48.243796973438975
37.71558453135792
17.855439668045165
64.57036119726793
67.36501912989556
67.80329431517032
98.93994430045812
26.989769344507483
6.134347176994936
27.46298272060602
36.68066082829314
54.11568707355676
77.7532971206111
87.99523794667456
43.11735403764184
64.91993044133291
50.105320847120296
83.48308620361686
96.42819240067647
72.14701988801492
19.614911837705492
67.13858200824585
40.74081248992967
64.43117371453864
27.9776253962232
77.93674672170198
21.310183704201293
61.15859208234303
77.04878303876781
14.26232425287646
69.5987793041864
59.3703731490154
103.02847498956184
101.48791340718262
42.659068925738666
44.28292697531824
69.98341911819327
41.04832236533139
56.78760222529226
78.9240452285951
27.109032199520083
74.01897939350249
17.18328223795693
40.25124187400773
4.2066254378122565
54.047421430634714
73.32596397739582
53.825877290727696
96.9750952402614
22.319626459144416
54.005577291310686
33.621713550191615
86.32327183860272
77.63897678840368
85.95675191950798
88.5263716928721
4.851480936083696
25.664490268157934
33.392297990096374
96.63912848245224
45.98538130849433
44.86396325239316
44.46887061744544
11.354948276115408
49.414537293870104
98.90212327651554
89.86245696237827
83.16443066120081
60.52623710048238
56.98373353922239
17.58545421207632
78.90047711919233
25.381564855734048
15.13183262250022
4.534317293607565
106.98219547219495
35.430692885831704
62.80162532344872
81.7678033645467
38.441885921840125
84.1944057544579
52.348453479159936
74.84189047865526
70.30667377766267
63.27188334227157
71.14295792496696
87.50023012853228
36.84414762154481
22.017917668484948
45.70032602065304
4.242844014374427
52.14730479453471
26.812874792155753
101.58841214264157
69.52562592788186
15.355035872270292
9.023733160871608
46.077004767259915
71.69740175447285
8.366392403606419
72.48512426540798
96.86373145188824
85.39225464013741
11.113091010042005
51.24116836348497
105.93964158313722
2.0478959959626053
76.62711802645126
46.554590206552625
22.821787836450444
29.837524610935738
13.084429372659699
55.764475059584605
82.7998333748225
43.7623243023595
49.45167314918734
68.11365796689006
63.18667670670432
26.515980428144893
8.842820917262053
84.3366170890673
59.02494227464189
94.69089810743144
64.30288071188187
51.33107650572944
75.72399910523178
84.95907384367413
37.34650932941652
60.10946627300835
82.28102359139422
58.90256578117314
80.86095882571193
26.3839621069028
77.8282459517257
101.65064508373719
32.53527685305417
26.253216661048377
2.842013977603031
44.528976558875634
20.86794540247275
40.97096905881651
82.42690715245934
71.68552567672141
13.68673574023559
15.57394711584324
21.56642377454233
49.15494740940072
106.6608489588564
32.189577911743
64.27188863802925
54.21079720969176
61.85718616368353
12.852424980838983
31.767922690922415
57.07249716006786
37.5263891420461
13.727303189625587
47.53948652320113
63.86931702270946
81.72791648654633
68.54661841939827
91.59699595573692
25.53203106818666
44.49142231242718
76.62727902523932
92.60981120925031
23.39809884230834
49.85397151764924
54.965654818909734
49.46336027162336
18.07570630826936
100.07036965103332
3.557586486279277
19.002837707345
41.10527132393572
94.9237269156477
20.576205076660564
50.0672507542764
21.334569563025077
79.20033654868242
46.33115959550928
104.00097941362722
67.76990303446294
37.400130158894186
32.40341325483714
19.128934063952585
13.60758901356131
58.38549186103813
65.14842559880084
16.464065955665866
90.39683361388651
100.24166290958547
24.85067294580163
8.60573489711718
35.31869516949389
32.271741440040536
27.225423695970907
48.96801934758963
61.565700616295175
94.11252246714832
86.91173295182149
95.69454577027642
41.95675621730382
29.118921811422823
30.19733149519463
13.737038403309775
85.2239202006772
57.24927585782232
53.69544901870846
29.819759715735373
21.593119084904963
25.844866214686476
41.36201843743347
70.58962744166729
19.190522859957746
106.56983097886845
38.32072324908965
90.50380780173465
36.60747871557943
24.618524775632217
81.91667991044059
11.493430614692208
11.97168922475447
65.9380178617687
9.93638723862641
21.746744612358924
67.4273354949374
71.12605741614786
42.838917665890776
89.75249892788199
50.00692068037115
5.899188009765609
99.18696180266036
44.93546764873241
12.49854854463068
33.42742774550062
42.70910627753563
153.15399135657628
200.39423071670814
201.08308003080103
125.89165401016378
144.07754801965535
119.7604492792857
190.4650031709404
130.32697013556356
135.04786502231414
127.6200288328437
171.81056144628081
144.6896325972331
122.35313044041862
144.87884016202045
119.9078443735337
201.45430330001636
180.77648015231637
203.66116237732248
174.82569892933054
138.69615304740208
165.24007068989096
164.79490276127683
201.69101135668205
173.55868305287711
118.14494703639892
174.06002951710985
149.17085100668643
115.28758613874223
148.48600399746744
130.9441168201769
148.1991996835412
183.26261339516182
148.08459103181306
142.52865410152637
131.2026602790604
169.17347642281183
126.62634150709766
161.32217550652317
193.7197464553059
127.17311139961785
157.2232653126243
159.17067490189638
227.13477705129193
205.44839266986594
235.07184364093374
220.56802262318374
223.8354128291482
242.53768306216435
