2.786818642150794
7.30259912582189
8.637781368164369
3.1553769450010973
5.809123529518826
11.568358397429705
9.56251830703182
8.723898297288386
4.935947982647489
6.001318079188062
2.7732097661987343
5.884420916657179
7.09417611806571
3.600822498804089
9.452559078439505
10.020772732539431
8.191206554767174
10.2552355016145
6.472173480670483
10.53011890315283
6.47815983054641
1.551968016280755
8.808570160950538
6.579511570135924
1.7223755443358693
8.934874797422296
0.8059860184939449
11.770270356482209
3.221992818687011
3.494994710109643
6.821843860498568
8.581032313343666
6.883697254314644
1.8773729859786794
3.964988128837598
2.59477755841043
9.658029021046884
4.5681564547002385
8.222781134739554
3.598236454344429
9.352523864189058
11.728002975132323
0.13869363576648563
8.62752115210813
7.195444974508462
8.921115178045262
4.755277131712884
3.5173782838492023
4.79663772973073
10.773412436152627
2.9973357560051985
10.697953841114202
6.693743807522397
7.076744765979641
7.394197497344011
8.940049434707626
6.369519588473085
7.415563362618314
6.319716325214932
26.647114504471375
19.02278777775335
23.437228512225886
16.32050300618834
13.26196094032096
24.456345200180706
12.900659571872497
12.955460663866587
18.69156695368653
13.734887150082077
15.686692884331029
27.792236972153514
24.1793506295015
24.43920988193899
12.730612540882003
12.514875738363397
23.94757807153704
19.819463386628183
13.48341952531679
19.532332494857904
28.058716946733533
22.774306538383296
20.25024001503162
19.48364589831958
25.43148830219011
21.493833255323832
23.509173832053186
24.54923758432902
24.976184907469932
25.414949846828996
28.69017033734498
25.86451413438767
16.13188533316814
24.308934745440165
16.16129159665052
25.288502596096812
26.0421482874537
25.19919429898062
21.00363756573879
15.213864882257148
13.262752215871005
20.657485518093843
20.51044530566678
12.706684073762757
17.982902276641205
16.916580188029087
42.95549070955213
50.619633772860354
35.5990993531731
38.53608029661096
49.70453542476822
38.59629979075831
38.001530443504045
50.408057115835206
37.64140614729375
34.91730961747089
49.23471672697114
44.37180235695149
40.68384455069605
38.51930955497259
49.951732671353454
5.576182087546383
2.770659064844348
4.112643631991119
9.521861087207283
8.145250369386341
4.317584132032644
10.229986527603439
0.5954826355479508
0.8003884967032651
5.5347785286961795
10.109594607298224
0.92336720343644
4.7978810349834164
5.355379964239811
0.29602219321812484
6.533204831134729
6.714114933639656
10.464884164908849
0.3684177273328153
7.901580113812309
9.024900398121305
1.2971081062644512
9.316153783186369
6.927004425535203
0.9280952354467598
1.2233205406755134
2.9116406257977427
6.504089808832839
7.532228826048918
7.7745603575639475
9.576728558763405
10.311034895132362
8.496167490075962
6.21999809402168
5.615192177639304
9.864516569311562
1.5604234779872055
3.285407327101234
17.850316390987015
17.72934807374667
13.705469650995074
18.603534455069322
18.366629409280577
18.437972841659935
19.08260936059883
13.251922216975718
18.742083271267138
15.345035598962342
14.940380775529283
18.622045366959092
15.11733108202037
15.729882771644112
13.281857725743135
13.499672199044593
16.196978904140064
11.639859180931843
14.967052535438226
12.593136722398448
16.42004977195528
18.93502303378366
14.29508960005278
19.251057638111682
18.317448677234587
16.366149358858387
19.897200349904846
13.509969461010261
24.160595404111806
25.801462216297853
27.93393302858669
28.798965951425014
25.9436878340671
28.697231839004168
23.246614136905386
25.747423587335412
22.347659775378226
30.963557774930045
24.62145616495642
30.272119891010476
27.386471334266126
21.36606585765048
27.945967346396962
26.24465773667411
25.742443677031435
30.112483192368494
24.735446956675332
28.66159688333311
26.820655292035912
29.81003495499498
29.88459534536015
23.30837027761489
28.068926094028676
39.33052020792627
37.86578040157537
41.872846700055476
41.39622978719701
34.73828606870879
37.79102866048228
37.55956112738677
31.32457757153578
32.91014540733016
32.36714041376118
34.55636358372777
41.120762533691476
33.74645773200606
39.340067828229486
41.371316527919554
41.234521279685474
31.75293710294184
34.70737749213557
37.586815265766255
31.422367799318234
33.10143172081663
38.881338618294706
38.20420655369648
32.727337083596055
36.80942909033362
50.94698684034296
50.33808437745967
47.61914125856452
50.85433281316844
49.85293539343946
51.42651188648505
48.183494231226504
47.217289553253316
46.218267764319585
51.822325493155574
43.2348265413445
47.904640138673656
44.77083500500547
47.86110161621582
45.72227181234573
52.400727905751495
48.07244619588654
48.761625609407794
49.52411488637603
47.14478771248409
45.77994702969264
49.39872785176558
44.5205900818593
47.03408681170657
44.21734351147514
47.67130223408203
42.36047537071723
52.76490136308537
2.7765567222307626
5.824100034350035
6.840539395128898
6.4310207253872695
7.699125272930637
9.066236148987677
10.98479997279704
6.409725451456805
4.004645881872822
9.309709749089832
10.073547666129398
6.4287246667516325
9.449145312100562
5.210036280844781
7.335348792326833
0.3612961129667802
6.942492482282646
1.5909493368669971
5.98301972123058
5.254842716027038
5.370581618104091
2.467526762675125
2.749582539592347
0.45377230995335793
7.953869290435961
2.8975296616078916
3.9304798811373147
5.497452717916337
10.217521706843883
10.739008242825669
8.257660344508448
4.276900570398985
7.051286613659616
2.433586489253016
4.533933374523932
0.5687499034264363
6.860484766922832
4.672814792262039
4.48477420342385
9.748018940297452
5.668055490262475
7.400858848231206
5.9734800220755515
4.284419362340036
3.5941123793156704
2.3347938780311317
5.422159413085549
8.46348477260847
6.116778265745979
4.6111738651298335
2.1145916726461746
10.947890898622761
9.222199797177785
1.277716284594085
2.166879094217175
3.243381012840524
1.5749414557240473
1.024314777740238
0.4772334887986762
4.199074902013097
7.529386716544441
0.42147849055801423
5.866348728879721
9.827462038462375
1.7126284027810996
8.410074113156423
21.14154023204485
22.922534277471073
16.35119770228965
21.79109132402163
13.742592134520196
15.012397910528396
13.914396500765793
14.290147070096964
22.525038386673298
19.319974763615868
12.869993369462309
20.135154537163668
11.823561566841388
18.189434099031317
13.834806096911471
11.847835796361363
12.924203121615776
19.10470471271202
19.367043970637194
20.57530493416065
12.383581196869947
16.80563875566645
16.896013164160806
22.166293396278704
14.406118640752666
16.071660906180455
20.00422077759036
12.608943166217095
14.698046027113808
17.119256102953333
13.95932285006741
12.693066065204539
15.782685088222971
12.676870443313224
16.701692003040346
12.433348266749334
18.39918554431688
12.609279354200948
15.21377599444994
22.984396566296752
19.061797240106177
13.942786421892091
12.827760914024559
21.083275095361067
12.689220598477537
19.224864693986806
17.359032300792524
22.35098016328643
18.254196785701737
13.810865769957285
11.363368636415332
17.439494279743474
17.15975952560618
18.97990914687112
13.505218703605602
20.837879697010553
12.572636752073794
14.979579748342818
15.50796190110217
18.879886998419067
5.126580430122672
0.6350916761470877
2.059892220253217
1.6155118798627859
5.33595942353569
5.103379034560961
13.795526732513476
1.5708565285623202
9.34559269388213
4.032460418187345
11.06413938975653
10.435645357133328
10.714757435184024
8.443296505507536
8.196347862214873
4.561750751905233
7.316337315992441
6.339546214493507
10.6097064416056
6.645311467881462
0.49114754977351804
3.820408530402925
10.068511339766967
9.58344897568458
7.052405929190769
12.529459853596125
7.472987850249849
5.089245556485698
1.6558056018538165
6.299630619593298
10.180447005876054
1.0820100032135676
4.156135379612953
7.241687893143433
9.291944076582949
9.090234530528388
5.949111048983917
13.13264884902624
3.4377200696249024
2.7620245804837555
3.1029705803142127
9.323377776684234
18.4170027960112
24.2578202887366
23.794696813259115
15.31888318740517
26.425615039215664
21.31315233484047
14.170966877574775
17.0814791324517
22.61603495134368
14.049381601253925
18.108103781449042
21.943118326732723
24.989395193341398
16.14791272842974
21.22593427873809
18.708603304657533
27.300120505320304
20.173604019032954
25.032497035635377
24.216214028995886
21.777150133382555
14.726433044830632
18.18716177085031
14.24103888855755
19.39721610380811
20.8760543152495
27.23164858032647
20.413827270583425
18.59393365066131
18.547458406348298
21.697459863823426
26.645751773870202
14.717058131005068
14.65594892116436
25.088021419386255
17.10643462868372
24.243995133592705
20.57238132558459
23.358704943142925
21.191339253002482
25.935173165338004
19.528332411270526
14.54890297502635
20.837443095788796
23.786836166640516
25.696079121840718
18.190905638558213
25.4028091594275
16.62591347656665
22.590585933115296
25.93455417194135
21.434984924626004
24.630316374252658
16.605482525606384
22.76092089158481
