9.886406523330274
10.6334453830155
18.187254895314126
7.600679216328018
21.35770827173793
14.065024000933493
16.0641794764281
16.81374148378229
4.250548891130067
10.842214696956379
7.623032892294335
9.218475489385497
16.119019067300314
9.430516227124214
45.92417551381176
38.96415922884363
37.23934370483376
29.129072612461727
25.24977997285215
23.794792395443423
31.91121841643192
24.030955738544534
30.648152785372318
47.22654411344331
35.818823481530494
28.4024650087449
51.8091873914943
62.12185280286252
63.37471122026316
58.33234347972984
50.30506862226044
50.894833289221964
52.432255634259704
55.640549607847184
49.3214463927526
30.970671313945168
20.586544170654108
4.826825078679914
7.935092384901337
32.69076263889269
29.586997527585375
24.486665172563626
23.70094618099138
21.670570275566437
7.983777891811826
33.13800854550048
15.044453324588376
8.154363817852218
31.45883940657184
8.896915504875738
8.179217350451305
29.597406226235897
14.030717389783907
14.322111646138879
3.1712572399986705
33.88351144531577
48.36239695072994
49.28235582129699
72.09782905789903
67.77408187492507
52.889133334120615
56.03609561575702
46.11000649956078
51.10840339503591
37.0780787526396
40.185742542173564
54.84449798870641
67.92321054408323
54.07629608296205
62.29683632413073
49.10399246899721
62.71440001947697
70.85507467082655
65.68694083899656
62.72125964204503
63.87512536191707
49.023167518762904
53.5525815887766
63.22914699322823
48.75429214855331
67.5479243590932
49.78653482781581
9.76502800554452
12.206072634937591
0.8446522537445684
17.636881396144013
14.063803020214944
8.259466312295633
5.648448475023139
15.153443658453918
16.313433091309385
15.8028346202189
17.634091905582718
8.896837782106815
2.9352477405437973
13.237412454887359
22.9859925319587
2.5562771513535516
13.580234740428974
7.898707348253707
13.09650445704079
21.847965283246438
19.241082375457463
10.006113180900964
3.8418496232714014
14.412009624951736
3.3872080151752098
21.676358066740903
44.47478438312731
43.085340824850014
43.42464953877284
28.78991798806661
37.576050928341935
28.20476593939413
40.46725803100939
28.433146924918148
40.26699803518031
35.92127649367742
34.91773417397233
25.248842448168773
36.00848882521204
41.98989405841155
26.930836508932906
33.39829598535429
41.553422278549476
41.29859625930502
45.406895788704546
32.3993595868496
29.224241813082628
32.64566814195297
39.3048276913137
39.73213853552793
44.57633568788919
32.332934159282736
66.10849403886508
57.68965703624908
66.93133104588519
56.628971368743
54.836539807964336
59.35582571585142
53.849973370673226
54.7050097961957
58.4775591544104
61.11197419369428
50.416750536656494
62.66008618721292
58.26581247015398
58.43534106681123
55.7123224213091
48.22362726223167
51.550810511636186
52.464467455899786
51.11966678933856
50.41092591175045
51.963007552155325
67.67751481436876
47.881213564574445
59.76576174871239
61.22769811732208
3.7135274678873795
21.01650779246526
18.127982943948442
11.248465569739023
36.56007826764259
37.18170602091981
37.67050724276088
38.21555084701354
34.10961216211619
30.837341823813787
41.92375837749988
