25.917345787956933
27.540997149816647
24.213244098301004
30.750216119960854
29.91685850466677
28.945832619236185
24.95705403794576
27.500280860242885
30.872234752773558
25.471109738694025
24.00046188331752
30.268282809925942
24.099666391248956
28.362467882613224
26.97316832017881
26.237479610255853
26.569629605550777
29.929065521650664
26.706782102839004
24.914865029558037
25.33927502282684
28.675784661967132
25.78915656672609
27.246049966522637
27.52729083068414
28.820687752825116
27.84699163600674
28.39011757727813
27.590639804511472
24.85207863842334
30.137612394743257
28.779030099561037
27.575489030356906
26.47403741809143
30.32561361846576
26.030969380975176
30.44721528417515
24.163938207006673
24.252920929788583
29.27551908951383
26.922334179129205
30.496700064105838
26.09795623079286
29.827030637428585
25.744184083459746
30.96369333387506
30.138896063429804
28.286747136972984
24.31556008704004
27.76515814231912
33.481220752374526
35.430156747808375
35.73399229970142
39.0940527556256
33.12294352163236
37.005242350130715
36.4345672460381
33.23828495460587
31.00707160692249
39.75280268962087
35.897682122560944
36.187264113514836
36.41758195098607
38.731905232776356
37.3325209270745
35.29566546431869
36.74634252450962
38.442447134194936
37.889016987674864
38.89679521447796
32.562737004732476
32.10474125252587
38.80471995652076
38.20104400702449
37.29585079392629
38.76156715040509
32.87821678254816
37.74033756391924
36.13116615602398
39.82651143772338
37.73382782360929
37.25385915678413
36.162701765719866
39.082255422340374
36.51699314220707
40.61794835980844
40.69431539592466
40.93512640337284
39.275069414482665
34.40923128705492
38.64925001105151
36.22806349536956
32.811587899006675
40.066828812841145
31.681345835010255
36.64600027737691
38.868792312017405
34.99080963419589
37.91948342965464
32.35818059313465
50.491534240841155
48.88301628213313
45.38923924319716
50.342054422410925
50.0749367423002
44.31278081277742
43.79538724460377
47.01736575854837
44.06330284535919
46.10986431462734
44.59998549720814
46.53542156880061
44.830569923070094
47.57731710602695
47.94026135625312
51.68269542645399
48.787100842969835
44.394820899111984
46.861487268700685
48.0042345820761
51.23238541939861
41.74535414864777
41.70336077396266
42.41989653185399
46.411926467140276
46.89955019361394
46.66990115959513
45.989856257865966
47.66853441682571
41.05652304305433
51.90190503316005
46.35348024579541
45.68802894845205
41.614561953211954
41.13877402986813
49.11248904839204
49.72370294269438
44.172170495208796
43.10481327062498
46.99498996960976
41.9823529472864
49.604234475535165
42.94216123964119
43.495226569577326
45.17496623845267
44.47850249940461
45.190165114720905
47.840446252431
48.03575502802896
46.544585573265465
