11.771036590517113
37.2730805219416
16.301360991186918
41.43939027110591
40.712202860664576
58.6414937749179
66.07021709304578
42.280296276326716
26.82290079312536
39.81615311454771
36.997775349110654
76.23224271391825
17.794764501900662
42.75193286846883
63.26339586172913
76.78892523670616
56.54917042479323
59.489514429993875
62.382140920433
42.054962675004276
10.904684406091512
19.46514195969033
71.99144411066192
40.46518836559899
48.62632532788798
23.524483227027655
13.15698109358311
45.36753312112074
31.02147389343619
10.84459142240064
55.67784015548966
71.3654741182387
34.390485382014596
13.523775909828203
76.21681313862894
39.916000065408284
64.54472041582804
48.997951573386075
26.599579448476977
18.55001551248047
67.55046715453852
25.258427796814754
37.28511087770292
45.848429292444706
26.20487648098678
41.561548180249396
52.79555617334692
23.135847488517392
24.77993510402063
61.35082931640134
10.246586128056613
62.19239199056162
28.346056362774473
66.9824560020466
26.182971924659174
57.34549429720512
18.16477250176873
57.652798724044956
62.355065424262065
62.206210547813626
52.772114012255955
40.24990690504371
110.39790271771464
157.5884781132629
91.26520412007036
83.39060674057623
154.16538197887738
139.8008148279894
144.7329983112916
82.56314354523816
92.48350131736275
87.03395244189376
106.31426397543433
99.87792787464844
112.22219584937416
120.1629156913789
104.98012938382897
119.42833425531558
142.19601249127768
101.79454424022745
138.65682979846036
132.42803508452212
160.48113636212045
129.23635546488637
112.78376543598529
151.67615647897827
120.61552198711239
115.3050643148367
125.99660043819941
161.0861003681604
134.51693558912856
103.57939371350757
85.05256212179373
141.622732648403
90.91745720379629
108.26277000050932
145.96936029000727
103.11866532527205
112.17386316796055
119.28348706182936
148.97429028078582
93.35937426108703
156.76411678001912
135.91998937799835
98.97170594646784
97.59625164709806
114.46057510185062
124.07828795664665
145.35824010211948
124.41137568128157
125.58004707730582
114.97538517653419
98.83747472080988
111.66265752549323
140.4170188680402
110.76791139018027
141.40413420308334
161.74927435600338
137.53378180693088
105.17617457161695
127.92258179552026
140.46863847600798
150.2179536481436
131.8783246081974
254.37712412258156
289.1745091675405
329.67141250180845
208.51447448239588
367.31963204722285
359.600434961714
225.36687435311376
203.04724904498988
324.9736592270631
271.42029770371585
165.5189905714962
214.5270759991692
168.80586666558776
268.98966640610297
197.60318257887292
276.5554956533369
219.3690151257804
342.93578288228997
340.057709016461
366.4324818673255
257.9684066463743
326.97386145219525
220.3411213011495
326.3316734601525
279.8882777784573
270.93208564117504
203.07751874540332
212.878350421776
241.27461861031367
277.5852764481031
210.42768617512522
274.5057330046279
274.9320331343464
196.28630855523522
206.47975964301492
293.8989009560637
219.4873302685478
370.62547757243294
346.1527510806414
206.84224055356276
242.09684308310602
337.21241443285993
352.4693953414786
240.80398432995355
171.3998399182685
300.7453041154553
326.98973105114794
209.09064017909006
312.7240415594439
279.95163911481694
362.5621402747229
275.7436682584474
271.17923307362554
208.18837471713863
325.02014720708246
246.4509005823705
182.6320896299548
306.10434187181716
238.36448148950035
210.01811136650818
204.93816999827934
295.8714962960587
98.70615753398683
132.63018564003096
55.2179348091493
87.6240650777554
174.5097099609028
121.00874876257375
94.20519510573519
167.8701406374746
125.67397887207412
64.11858992334258
24.28486708991595
84.76236462959085
60.11542140214285
20.437560147263284
100.81742166869603
125.10888424560696
107.41105747903438
38.410677327375744
110.03296328025442
139.62232018742384
68.31644890689817
33.56925113299257
91.9788484087729
126.93973100575066
122.06838448835487
124.59518631739988
162.51258268799427
75.92087725901786
21.504509334077568
28.091394938773703
88.97405081116011
143.63293501685274
19.824086364351515
70.02669547720522
130.41496524698772
175.26345506580975
142.26348020882313
110.39545269032946
97.2706666505362
82.54602996076903
106.02245209706291
162.20571568404046
54.48175555702838
60.75582317678078
90.83492640853959
50.93683243092762
51.663562079304604
47.06884846350074
36.70111685971667
15.770344129153955
20.798852101555084
126.37028566820378
120.26878917534621
63.12556759385282
113.85660847360198
66.07502041706985
68.00371787081798
44.55422258765674
109.82603885539092
64.50735962861779
148.419251452651
13.456169405244367
76.648731247261
171.4768136924857
119.19407334709663
102.42173411422424
47.31793254964672
19.688157981713317
53.55245561445098
124.1807111538038
86.67564441868433
113.4059628345554
77.05765444235539
96.99234011961758
136.5117834251437
55.666670099581125
48.43832167376762
112.35041903233993
91.24628029993582
139.14912333824793
105.39764066167122
24.13607539964204
22.77148775231025
109.31457005358631
98.35837946743173
37.66410322018531
95.19942920153628
61.02715286852595
139.73286871182137
34.72295196100704
103.62475781246842
133.462825383754
132.07096877381372
141.76825129674165
88.49278868173704
41.19871600087814
88.2662535207143
50.27448349744136
112.54426229175934
152.88086492081916
140.28842633983396
146.12438459349187
42.58835666658962
47.065054735247
115.90060460290391
125.82089194458578
53.361407394712785
17.76054566111739
29.924220328944898
125.37575072117767
26.247401980177585
139.89737129420433
101.69652195357358
165.7961566294757
174.75406226027948
100.1834825116816
122.2774911794309
18.305476711721894
111.8183697941696
76.53900931705681
106.05919799043367
67.83207510381176
74.47206225194886
85.1426325534731
77.56755303522321
63.49304496942997
135.91423427783346
42.28302811832471
23.066952883286916
74.9190105534949
112.34405780990615
137.97700335831541
125.02881881286804
44.72138997633928
136.48367079433825
19.56004691123968
57.72041069473283
132.70509814456034
85.01715294360892
163.92544976292004
77.80260278908604
142.49510134613735
160.83632053455548
129.7672672140266
137.9926446839049
100.31061135154377
82.83958079751042
43.89788872024449
122.25241466715327
12.629304248652176
99.4609596392115
94.94560945678978
174.34729114296428
86.9489918606856
84.94464344269275
174.9200203681579
129.90227720831743
50.35938513345912
72.11619543569279
23.14630767085515
162.3279442696571
96.45759568564732
135.49278437430982
165.78211968842754
108.49876094929161
145.36590671216354
113.99668166805469
71.91193137961812
115.6809926850864
41.985891353279776
129.380354021918
139.56514431060918
125.33817902670347
24.422907968208094
32.1067041838037
35.08008313308045
89.19094789027268
108.06659118970879
47.99331841286372
107.0336885574677
35.1334199858584
27.841199750335562
55.41830758930821
9.931972110246605
27.656882750479966
107.10327578516417
116.07684911819834
83.70610177752883
48.5753367121074
120.26997647823019
18.01782850263038
13.405640801941232
80.23096072330105
12.48666737997118
157.6029436410714
63.39705246476296
23.40458845832977
54.369115058079835
175.46577744245485
161.99268870129254
90.39114854090434
118.89225754446613
44.89368175745397
74.11276834770928
166.89291994047483
128.66248146871462
130.2371552512237
40.66324443709051
66.95346835299897
130.03870509226107
15.035602945070153
161.4123924301295
146.9076897262849
96.9097138912329
115.07267424420935
133.9643486760456
83.66734669997693
166.23712578356128
62.28140016799293
16.724494685907587
38.61628571873336
147.56702084996454
24.21259960332658
105.11737708114353
155.96649885145317
101.797592328016
130.51617989396044
41.265746336750944
9.202685307851397
79.75333455607058
146.6825918588646
58.05453947236008
100.21608210012924
69.68269208246424
28.13305581297554
87.15943779465447
132.1467051350494
106.36137024195081
46.18252930137844
172.98434496462792
58.58857933944337
126.4416755700141
135.81291710941872
91.03247791422295
134.18353638192448
46.76732750090224
131.41413838961842
155.04032596990186
36.78229396927285
138.60785105316094
330.5779373745043
293.27785478031035
371.3488134052533
251.29530513622277
211.71246517761085
282.3803953135597
272.9382431111757
220.5113353807013
302.65303655151934
242.22026610621873
290.89067831642024
319.8557262402884
357.6954619606056
311.3864217534364
229.30827380387683
341.44129500532483
196.44955966374866
232.96724562417538
191.41944077771552
319.9721577364652
257.8483220844189
305.69533994278527
200.0855755714926
332.3596664779375
312.59285064310234
312.6785828389194
280.8696790907237
357.5267120529621
192.78473056460643
316.2489331638234
213.79438282921794
257.4827526488963
343.49655705644767
367.8128423083666
238.9566492594182
183.70410354119772
326.999783344955
189.8307705491186
247.33807371792582
333.47168056472134
335.55317283123
274.30505339797236
207.17310848718853
254.95015755071944
286.55062935808496
216.14854389513889
277.457923421379
243.83244263341783
316.2811433819429
263.89192344843195
268.3793156426798
268.3786290804856
312.0663813758693
243.71491898253888
256.71361475813137
356.93666122857627
208.99593684736698
265.1778671706927
353.4250337473129
343.6872976424304
274.1620705585144
243.77522323973412
328.1041792147957
283.79529455579814
284.30264389478657
182.12177132465183
344.63360522376973
281.19836620055725
294.41701716198565
243.40006316324707
310.2679689346049
211.96440356121929
193.0226107555173
293.95277233924696
288.43220103905475
267.8193085512333
354.9196424003625
354.2929447781048
195.23379044476974
354.52165698032917
357.7513281642917
306.80307534485195
214.30779261579116
209.0784110871361
313.9716432427106
226.62905898274823
337.6346762894252
296.46044582227194
223.76050722191476
311.77468514989863
245.44266851378785
325.74801644336327
349.97986036321356
270.3945375227592
222.69532383308183
262.9988979393209
298.4740920990727
307.6081794451021
367.8477626850109
314.3017129796252
326.9239858329424
248.59155448857436
246.19435886557557
313.97333067054325
268.5014284526366
332.3977254863743
212.8807061167024
310.0591343416127
196.21174734754948
264.7947343621522
236.07701455531833
341.5423951834159
222.1583773697376
217.98733385532663
321.81167837399516
284.50128862037104
209.2226839473638
372.19121632414544
200.45957451015659
239.6771706000461
290.10406258782814
220.22668843334054
282.87627327340755
205.9557177851743
285.1936595191111
230.019640522839
188.1539919061587
191.92863115889884
324.7084177413082
328.0658068586767
338.8445731775898
287.22924891570915
349.04329131849596
196.41735944994068
181.1920608467816
254.2223022194251
261.6586896562312
279.2217663323119
353.2330878726128
362.41085403081286
272.33653926205284
253.83649140653867
372.5376814096513
301.0716070413847
292.2897709518371
278.0362479492733
312.1674658340658
246.27962877068256
318.9730349542441
233.98587686313738
205.93137324422653
366.56390232129127
267.8820378860079
363.6212561522669
284.5201597655698
342.0387302082629
344.62330345209057
369.32591766629565
238.76900267553708
292.8599225203733
199.03785947371273
252.74112287635833
210.06299968378977
284.00416609340505
187.80964159900725
187.23799915780617
186.14396404047267
206.27020563308744
347.2929393504428
258.7654638012747
343.28625715782107
299.8398277171429
343.39462373255185
200.83394560740263
276.57939150700645
224.78888910471517
356.0542936447869
217.38279005592938
255.48359837182346
229.81735240330053
282.11098836334304
314.90601343912516
286.91386214695063
346.0338965083222
349.51881741245097
299.32749694056224
303.8823937738317
223.91451618733453
367.66416324260297
304.5993272525097
352.1620268575185
303.3442190125324
311.0731811128669
238.6580145506304
339.57522822727725
284.7024826772842
301.73816253566673
349.49653785679385
287.6416795005832
232.99661350002978
239.78603738459776
307.11033866805525
338.2609074827118
235.79843332621434
274.2631591338049
317.62074806142834
284.5373417010146
343.2551246011323
331.4453466176723
274.2370607560345
251.13493954629445
190.60392443570916
331.5590661171504
287.3202311270786
216.32575561073332
320.6481924237724
216.37275105211003
328.8015518414955
234.0445382004644
193.43773153819313
347.29237754655924
362.9527767988138
310.68526036833566
303.8629420777471
369.9275153417925
269.3566598155798
310.3278788247669
255.42614035669993
246.70266659923624
278.6478268763179
179.78207563316536
237.36521538808668
280.58532944282587
296.4750033018193
245.00267842230818
350.37424595129346
244.41906531517398
313.4263113957294
295.25739576713215
194.21628530884985
201.81203277448637
334.29974497477826
227.2920032567602
220.00294648780954
337.21194814507817
221.52502055579725
187.03470886079919
292.69401306561565
346.0017972248759
336.5119991409078
