13.321608850047987
1.0887299612762646
30.883323882571
35.5531952526089
59.542604771159034
55.34013400975814
45.61767164083764
47.6467593423625
63.48703258658928
17.731674094124816
11.680732261218473
22.214717467221845
15.096809683368754
70.93800947777082
16.501252963805626
32.0516654018393
37.35207072807484
46.20529054687107
51.91656730356906
9.419253250653743
69.71476967804796
31.85219492451442
24.026213332502596
51.35928109439098
42.054174427115
49.57940818169608
38.6849887578822
69.97397685569513
27.237051530516702
45.93942540148488
3.684696331001561
36.77758566802923
32.31949380331982
42.13847650761939
57.79712315554236
41.14806773811025
27.905088089607517
6.011597444396582
4.01982688677019
23.747301558870262
35.37455029481245
27.32648238020701
67.06772507707902
62.29650592992489
27.077866640270166
22.87265275808771
34.25695739762223
56.098687651464104
30.977216154931416
41.458617857024954
51.254107600693125
53.33776913448956
5.130122391088257
15.362473040784195
68.80323700886038
46.893361304895585
69.88954860276155
61.10545852474277
41.51284195468275
54.022795643235746
15.222822362696746
42.07899524763972
34.177853515515025
12.104825764566023
7.587135296710148
56.44391812502013
29.84649413813431
42.689877357376034
50.61930327573708
29.671651878919022
10.434092242516599
53.892885043539636
30.781293211942216
1.1158779079639984
18.182678929068537
43.298666062519615
67.91756835279557
11.137704548635362
30.99614527448838
60.538538316587776
66.94661581179953
60.50561172877813
53.88570839817646
48.6895878368522
17.057853601865897
30.610735318666947
45.71118436860988
49.88053090931055
7.7921590872785345
33.99269675821224
64.79784034382804
40.76463611377653
48.18964358878727
52.70837835961531
45.42201566395193
62.17534901194422
64.59977405618316
4.6655821475986095
48.13922271147251
1.3270921396133346
31.067951862416848
66.92255526456799
45.080433989554095
69.29649718318858
54.481800794877884
17.900943058691407
35.84091837636247
59.64308225072734
48.66109105560571
58.08038644267724
14.872768246829235
39.40916591167487
43.06254800836171
11.489582477356414
19.608047877797674
37.167088644786006
31.785162055996313
4.527965463400015
14.866218480224639
55.71144131065477
54.048460848835674
2.7351687631796864
13.043064712031487
17.018353487347824
37.77368946958782
27.51035501677492
15.092055592614514
62.13947647186109
52.780511830739584
2.385968283172218
19.88209901644131
22.204584000900198
13.161057171718394
23.77958079516963
26.30891573450632
67.81917029257546
11.940553277584883
57.518907180555274
8.012359251612104
8.786547356871907
19.042838914669378
13.533783796181094
55.13048643351527
13.722922291457586
34.19581348487966
51.95520076077376
44.264043249869395
35.82935777047722
66.65105664468169
66.30707792622684
36.87270919453427
10.583647854016316
30.339377086799402
44.62318221972471
36.95053909461843
16.02201648013754
51.6743423122319
7.599446876473973
50.13510908665532
28.764697575355246
53.132472924551806
54.316976021024935
65.73233748483267
28.331882481923433
1.1379345481892713
29.33875884800898
14.008842440721981
37.08006876152408
22.77497622750394
40.42762566881176
13.942801218313544
46.060580134938675
35.085657989960005
50.597509378831
49.6003255492742
20.154637409573226
15.174536851175343
63.317543911915934
59.06090250668933
17.049473419253044
53.718183081165996
4.431627503958882
13.934291897821744
69.71972257703086
70.30424227612102
54.15445798078193
21.7984410129042
69.29874069309108
61.981152139221166
41.518532226819424
1.7532215852971547
57.367187188886405
13.040574765837839
65.95857689452183
50.76556470143784
60.16880853525874
66.49120104495702
14.286180424028014
26.62570737421337
19.187093201871328
41.48644206549417
30.271903400199914
36.076005830788176
37.35488530462151
50.21976000481821
62.654787274118334
47.60180813167504
12.286705621367677
8.297297364462775
16.18685234369365
24.53823219732288
22.413241697947882
35.73806765845226
15.732803131867428
49.32311376635085
63.05000661064963
41.17275745335846
31.152785909510783
3.847154124170551
50.30118239056737
47.57363314682556
35.51113973627706
26.074674276551164
47.18633530417264
11.425043092172825
45.755485704447196
68.79659978200252
62.04776851611861
58.325266377635245
41.350373415891276
12.197617025290228
41.47294523779976
40.95193609619803
50.11531819185956
63.260323693139284
29.436520239296723
39.14788931942652
36.6369556367104
39.2746725478752
22.862033518865594
48.50957622573159
56.0344273543314
52.0023171385547
53.32554688019796
3.651831741565289
13.501141451684578
65.65768158161221
43.40302249351239
29.33959974583784
31.146665025074036
17.94643566925134
32.827356618350066
32.543537616820345
36.55253143832894
62.76977211169513
3.727932990582225
38.01260283598608
69.05688717958887
28.20771399872399
18.812908557575387
67.23691280475379
55.80744557455991
59.72957709996825
26.191259880647138
22.09735299114523
15.866399662920848
65.66590004167374
22.612164681427256
50.83741889833471
4.152396854923584
69.47436213690696
51.64544531903741
51.12735997648079
39.92090096583408
12.407487717018704
55.30659784404757
54.10637244051252
50.48133017145877
52.86316112499837
8.343180525378578
17.326045801197758
30.215920952166098
38.5360731752311
50.25188486222024
45.63016217778266
55.66679491084615
50.73789365231914
7.487333951964267
32.538803020220946
12.542858057519222
22.60750106008367
35.32855005485757
25.814980325038164
9.345081415590837
27.446370367878398
64.07370046270908
9.19225691445029
0.9692862745313917
35.319952953603405
28.669897093433153
57.9008609125835
25.390488629758252
56.473335218230005
54.92622357026538
57.80772297197602
35.46727133367641
43.53218457397417
49.7232127034666
54.72481766486879
10.417113313089935
49.97052033439852
15.589180281022383
37.721423267168554
34.30988734620068
59.075188001344785
45.98115378519931
48.16495400528019
2.424777030925071
22.081062474346343
67.8270280446861
13.24780638238095
57.54727578029093
4.634485479724283
59.335559688802604
69.75181696669233
36.571025718888166
57.590967711851135
22.9344128870394
23.68248062470623
13.662842404888199
30.835734356467082
67.66487304762285
2.87439536292667
44.157984360516295
60.90189208990538
40.44371970676694
31.287220704938434
30.347012631628928
58.67569778839595
64.56011263416165
50.10979293376895
37.80863886178202
5.335487796745156
53.643886997479726
46.093319894526005
25.21578569492638
10.43610715452651
53.87935644383593
51.53180079220668
68.61801309928973
22.61547958031835
8.935993830130354
35.95337166773044
50.65478912614981
65.5620234946668
63.059593893409684
49.20129362500988
35.588297637211184
65.79919149224119
37.88240820205227
20.94011602128543
45.79809955434261
6.2158343051561324
48.17865467185604
21.058181699148797
38.11605628544144
21.069154618444088
4.3076954548247315
5.784676837069956
62.09564667999777
18.225764111406626
24.917741184111698
38.86005147566319
61.0824563153095
56.80415808675526
32.2748023970938
46.04238351606375
19.69405009403164
19.400865896396216
51.55549863740259
52.0464095450095
35.311335150633084
53.383415926029876
30.643908107751912
58.841318316756315
20.14589552273616
21.951803813440726
58.45189906966766
53.00324373349572
56.108598611617765
15.363723269653086
32.97674970453702
30.902847607295538
46.08771161960518
19.758134911241164
27.57631916019556
39.87582091145299
16.128368952798112
33.88452221657815
11.965279646847854
65.53101123678854
43.531894484714
54.44700893456805
66.62138137681379
58.697439473281676
18.03896203020818
16.50978305510005
48.9623916981848
52.06484916872064
30.71000724199645
44.72017149594091
54.695056268099464
36.325431492102865
56.09992497739163
22.986716706776754
4.052788053726001
67.81331532806152
51.85674454703137
27.94406183954716
44.968624456732584
30.67309575939073
27.090969647286794
16.307584384066047
55.95546910344679
58.77734838208289
2.8729103386568227
48.21677000014132
38.74591818895397
16.24359039506043
0.9162752871145727
22.90144823395969
2.908581134108104
47.161224438194964
37.80507153040954
70.48003129226782
23.095510786996876
44.307380025323646
50.97566690758113
67.91160087204709
62.05142153659327
36.428631438286324
25.182809603275288
15.839913950170402
48.159228681900565
29.028548849251692
34.07586757419949
36.99005471415565
28.51765758501687
32.88534490575908
34.902193574174554
28.851432657581647
64.88408445720904
1.382260806762929
49.548427967969175
57.34089796528737
18.007913810926343
14.949209379844685
43.04047491897885
18.898750029265837
4.438211746580681
32.131652924939964
57.729259010686505
67.085132155445
10.84904944354495
20.49830696739853
18.526039098569164
35.46679572607157
64.6356165852157
17.72005567430495
20.6125509732277
48.725366285766725
65.83367741999228
28.613686811951098
53.70143179339125
51.048022330232676
24.310401885362076
21.200489903558598
33.38973295727148
65.59424419282503
52.97973157120085
51.218516806317396
60.579234579297086
44.3575945597425
21.50698740692326
4.362885675723746
46.50403052526962
69.51597593871051
34.49668626951118
57.07198297197845
35.82555190650942
56.09400756371298
28.27894155795215
9.703979956968425
38.2335184392577
69.30005231292002
57.526123930512455
59.219296951867264
39.92687436689529
42.662028858095056
52.9841723007809
20.605484137389254
17.411545588368536
45.10630336835882
40.24294905255006
53.91700720593725
43.25146235677413
8.532821686908164
24.785334711723394
32.39815624676916
29.294227115189035
37.99087610875592
53.317571683639045
52.38890127248774
14.599524674831759
11.851517902690865
44.71184885681912
34.08757557067958
22.275646826929112
54.13193089251888
67.24689910650048
60.62114442247999
65.1415563271474
56.932058838961765
54.12677292871638
2.105556031633654
38.08612276202546
23.23285337894098
34.2003402253737
12.648789750692107
5.671161609745575
60.97242968778241
70.78940533608215
24.032281930265434
9.340596250799965
42.56875012436939
49.88225678063978
28.57825906406993
59.21105156421824
65.11530425515122
24.141262297653146
22.285315077667775
22.773370587534117
50.35488061055232
37.80474716353219
59.70927083509533
60.91435623840579
4.059401941780017
61.91168279950497
49.12103222080157
54.30316718906431
67.61706942728527
29.559770338861558
5.827207492892562
10.402643810601287
35.62949328064778
6.518176674571436
12.264084668569566
28.13086220971588
33.73798434719184
38.452829203257316
20.789495073535527
28.382290567897456
36.07494373013406
65.08798022258979
14.55599645215591
38.26136432700224
35.75620395434508
41.07672251511016
40.67438846036733
17.45265984548088
64.2859907460878
4.227937119000757
49.825434390088006
2.562562078882884
43.46893204622823
64.19247570084025
9.89276305637772
28.092388122668236
62.354985240062575
64.21350493243534
8.695117981810725
42.547281326565304
43.03301280096322
45.96399398009801
22.94181563624612
45.523531455345065
63.38154736840424
52.217082946238605
56.216008385928255
70.65123956296426
63.578859551835635
29.401232655631542
50.268695495441065
62.100205687908456
8.352851665293873
50.40745006797052
62.542970716555914
61.979512838898344
35.33073140491318
5.41478894243167
10.514665548070543
67.18822896587908
45.93848828513002
16.01354344175569
17.48485874680163
12.239394685747616
55.70540777704267
30.62965363696672
52.734030472051344
53.9831772977973
66.87336836330401
19.90765963186654
60.82616841040614
48.94110434501529
44.26899513117277
39.77548020419426
11.303210936098925
18.470435778100487
51.75262943228538
70.74662820216983
21.912002750763143
50.46682102833324
0.6773303073822561
31.50742072397354
29.806640354069557
33.33274492735219
39.756175766125125
7.343087597908326
26.669723774040506
45.11989207951234
19.496986387049745
2.988838827685626
60.636424456860674
27.380017790177952
59.79049953037395
31.60887294849142
43.094952523593754
32.93789041526191
57.15044568388005
16.14250316696803
40.35444628324572
37.57299215760624
21.999689929192883
21.797939967185805
49.35815800831851
50.43431017866565
55.63939373859036
23.49663055228509
24.56978894753601
31.988227608885367
16.965816481454826
11.468703597829993
30.345746875398202
27.80082507457751
53.03493664869836
67.68724455525017
29.17765038596402
37.38340300323976
23.61462406295686
19.719186764789203
42.598059975474115
41.52098381435208
28.21036618154517
19.74122992434632
51.10875887917013
16.894018099490964
32.66166902259492
44.943636343855516
12.140907673609686
17.873490137478118
16.20878753701729
22.65047531077176
49.44145423237672
47.750503532232884
36.19607691707056
31.962264739601004
20.968444798768907
8.760137203237509
4.813513761502527
69.62930506852317
52.2667717188898
34.99404229845677
63.577498598130234
51.39593657316972
19.802598909780908
22.50777134899353
19.738504495333494
48.37709314738477
55.633932498817465
3.825913263502084
1.5936756470031526
21.01264878082045
43.161403557583185
4.699718437947325
3.8273996527669887
29.35734534191866
7.036017522963174
7.704744045558648
43.85859569371354
40.97622362611994
34.51760608767613
53.37002572586705
58.329640983536876
17.518116103706046
41.440317084236916
62.344657447518074
17.12655051596943
22.62431248268217
49.616351899249004
23.998645292179546
29.772129248254732
15.728311488935685
52.941898002652835
47.912335867586364
9.812791332019117
53.241783643775946
12.050706792706695
36.332474130888045
18.801827723801313
55.502066383653734
0.040027678715823356
4.872682184722226
38.3881798189082
65.88765614402733
42.830208558108936
5.12044657807305
44.02804624088658
36.30141054233816
25.293068261962926
21.47054752483003
51.65377854796854
44.81101406772213
21.12258544863218
35.068098584517635
26.127284530084914
21.159758128405706
22.469610656769788
21.005164653546935
34.84314336180292
48.17000870835351
48.068355142475035
2.1135479826836274
65.46029173188761
66.59726881961332
0.22961552732531487
25.485834612943776
13.494283918557304
60.79997091178403
46.08897037509812
14.686272993249691
10.82153871383106
46.230969059886476
38.471789558304124
10.275187800327576
27.137321142482495
8.085966671946032
59.15886418083858
29.743679357447327
23.607327425549826
22.021171156289775
35.3002838955042
30.59119962569948
33.05770815325818
53.7198286632792
9.05750193258093
13.725390819813704
24.255858468332292
62.53299971514187
31.316481784256744
17.97913592952774
45.86377994730455
56.62573902740481
47.75741388365294
45.46705439915007
59.12068271050992
32.925721611841276
63.41719932223732
36.6001774175571
157.16093510387742
170.0372058579131
156.72417896255692
116.08791399288368
102.54606042206393
111.77984157756774
89.90713722829366
165.0606994431817
94.94588179485089
82.03868693368615
124.44922602614197
158.71220016258687
158.2170062045151
159.36712826896164
119.78482805666734
88.26092786405033
170.6743645210026
83.36654958505139
127.09311483151828
132.11131559205768
168.58089207093192
123.18497352783093
104.14142011602581
162.86040595629729
168.4213695042767
99.22162614319262
74.52178028861607
117.22623909702226
157.18972156664222
136.88376723599995
153.99807236655738
149.3878768944329
102.3726509761733
108.88794360825396
83.57977086747415
113.27472726570572
132.86233107998004
120.53549668385344
89.1353609482193
143.71989234469117
91.23270596564053
76.35359211416926
107.70893986423972
303.6625096125688
254.99782958750743
275.46636816442975
252.92069168254838
313.17532209324276
289.1640436631872
278.01013899950135
322.26769709894535
190.65793385053874
327.5043977940312
20.17269792566163
138.09693394387878
39.8014807831797
151.2726663806174
25.96917072202143
14.593356489518463
124.71298078056938
91.47843371888018
72.78356522183722
74.03835339631745
37.14788662390271
29.49356940096891
76.45629349592798
90.11611038207847
100.63718989494771
80.33259366503368
113.56069796487787
18.105335177762846
14.662680844081748
66.60578993342587
50.46363606815014
34.71691194366818
129.35451871643403
132.20639657326439
53.3953262347388
65.34742995120477
112.89138291369053
20.06120165340257
112.27919687226962
84.50567366890549
130.14840753132336
135.3245901462468
9.987796590380043
39.60104837703859
112.01743866753571
49.45103065244858
131.68261784840328
89.51011467112868
65.64289286973487
124.52961358566549
145.73389284566167
143.38497499594712
79.04405432601096
60.39700944182454
20.02878010627235
50.40934201103033
128.345129376636
126.08132996068163
124.80029616257119
23.96570510537574
149.2555042475489
134.2341989361351
53.33913847689108
123.86723119022699
121.66175753322193
80.33466482108679
85.99824930521467
66.54941455490089
113.72778756919817
29.24875982911591
44.883937004431374
55.81931614288332
134.89572227154179
106.3050538708438
73.5848627068235
135.8960543871964
25.359885268762092
149.3128701510964
18.457437409284346
74.62337611314082
100.02254569768886
25.27295897822399
59.50170210395644
6.445154643123303
33.87277042772584
59.47376193879456
135.68707800120347
71.10902125803227
84.19609469037694
94.43520748223425
113.68996287443599
139.16515950806092
87.06197306456099
120.15769680921191
60.57131986312611
62.407899042447866
106.59008948088771
28.352951363918528
81.14980700465289
112.35018492870832
104.78156806712154
86.14255412549652
111.78035690602871
19.08805263180669
50.32687038776461
63.42597206807507
67.5696627545446
77.68583023947424
33.59216297783685
41.90792216116047
15.794629296403542
66.36138192616623
133.41055525080145
154.96416177098192
29.76842455785357
26.970206496015457
59.961968645478045
62.26418103903243
13.103077442017096
32.354613024942466
48.383497350756784
51.46634416001396
78.3112335172866
120.60193534203405
62.17461323380061
153.97927814831684
114.49697049940505
67.33101331116839
39.306743944119795
138.3009518461139
41.740816596902306
66.67667637586874
81.46194833000524
29.49232772037385
91.37295770767307
31.80973660781357
126.95462080976453
35.28833006332475
77.0158515812241
120.38793132384288
4.585860380853347
56.69892279547754
41.41742537130451
100.12576713791032
119.51379920368886
43.909255125843345
84.29643228946216
142.7428967658575
148.021087120802
121.7264998864508
115.17867432403455
40.93815965662967
20.95533191285937
0.18075406621139223
73.95828096864531
65.67400227102279
47.33232805251431
135.98018158062786
153.5669266067357
86.80495580774351
111.61205267717955
75.3182090931639
150.7350032106503
94.23664691665842
111.30832368308765
140.44780470476448
89.1798035697804
23.712587295164212
31.708164390441986
57.341202100905164
53.047026969100784
63.49785002992989
83.17774577124938
11.18385347568767
127.11613238427465
86.51795761148769
123.58857873344604
102.57616837732675
58.879676865216176
154.5248932521135
41.04267518708136
131.4763649169303
11.07140069515512
37.10681019312343
47.63651110502424
132.34958583070238
81.59252440695671
82.93244601537393
114.72256699093722
49.85956360118489
121.30735277655984
85.7148783606911
35.90576718424141
58.5313534834128
126.80876578682879
14.720603901314014
133.71278219175338
86.59030066922759
105.45370133613702
29.36227397283163
88.77827077905691
1.3124098665948196
53.089748714909234
82.31460067307864
9.876306336274723
10.348950607349678
72.47392255492633
68.0559168266057
94.37721540344678
2.0759893790732065
125.06953483318267
93.17268711112862
27.71041783118637
83.85779937069682
55.202896688746435
57.559282655276654
29.58754139820916
64.25743222502189
108.74836969765683
30.537424038218205
96.34031779449062
103.71031477092565
72.92873776897005
1.895954337393519
64.3071587934723
84.0062134050875
131.41688540857234
74.57588524677115
130.57302590832137
56.65980945804436
81.02706055050943
140.54091044290706
20.94806252120376
132.96380286352164
28.51385171832944
26.602632284754876
67.51453362299021
80.06019528758384
30.459268495958348
60.154034922632206
30.28602759030263
50.2019871295782
131.67920362532243
39.08832273105084
73.78611747244906
65.24597954061855
105.51614504710906
111.42233243222078
136.57397291858433
92.63326005994315
12.845083974762346
9.330737499719632
56.459745093852035
42.1232071610889
92.67686750479982
115.84006088306822
145.69382472205518
57.241602471935195
141.53875723475772
104.01525214198205
50.59287553470832
47.01449787376678
60.952012443794345
99.02671707491284
103.52444511518819
107.41823984767161
42.16506903696967
147.6034353650819
87.96230553789096
156.33415620803987
75.65320161832892
58.97730801222525
142.04649284461885
107.19684310449196
65.2980346295503
134.44980254131204
106.5094817910903
42.92832033103559
128.4136692990301
5.8481074245901965
43.32827284419922
33.39312979171686
89.87632275527369
17.839223903005667
71.24831755754215
138.99281704443626
18.944833134324547
88.37470239548674
20.034127859567228
117.0224473914154
129.87359370345482
39.869702806809194
100.72901353976033
137.4964950384919
115.84521268293905
87.79277088823852
149.38735211622202
2.7484888567005044
13.430825795310497
45.715904209747265
117.8084781948513
57.34945821290861
72.87057222702708
71.3213189551013
52.28934806165776
103.62198927107085
15.095641493394638
11.485750351421117
150.52975623270078
46.99211439419474
35.07617237412166
9.954952288600182
27.188649376020763
65.65915953246981
5.461867808417068
73.72440581509846
102.05648363172295
108.55214848997733
142.4244339806419
80.21722784549219
102.06281325696277
137.73833795847912
110.31905621564562
70.0833099671674
101.46305357592783
106.27063625455474
131.49189524299183
77.2859283428948
59.83959399602143
155.29276630592818
90.62424561706507
115.99198857103406
71.07731606697206
36.216796059081034
77.74986876342625
3.4915201491111247
148.43288284505556
63.74005145566652
40.36585194298277
119.42040643407613
46.74527684263996
144.4582386715192
25.219723003892604
130.03255224957115
83.39056759792744
97.40376413752003
30.923246800866607
86.34917473425148
96.05472754475022
45.21583422171134
13.115531817229012
75.33327636976264
67.7724468395308
79.79129071872575
113.98586832583322
72.30994787641939
81.0791163009819
17.978397680899512
42.530140422303745
20.023541749004295
125.73549421010885
119.56367319567649
132.43722816561197
73.15093165777924
105.27099598544942
117.85562724235805
141.4086903267597
99.57554347823788
135.44485321727166
135.36692352482532
20.996171987798803
18.83970582085891
55.60953763335307
28.54217342009894
46.22725029942539
153.9109834979409
32.89513399812509
132.2311853746481
91.45895180384544
63.74590441248512
89.65400321726408
115.4710247814597
151.89853799544295
38.91668486756749
154.62345626689756
126.80422549173159
76.60183356968317
91.42673884889824
133.3430078106865
90.32242144810448
111.66374050397553
97.6665490053411
108.36920368955279
82.2309449712154
66.43879029051642
146.27134847188825
55.690178049193804
76.8775577238969
114.27700984857209
48.370070759967376
76.45855808765319
154.70902451682764
77.67752132048825
32.785331168876574
101.38354237690183
67.72856420241277
126.76017853537272
147.9294533567449
49.6025566651121
63.14535602465418
140.77841396441787
97.35991715129865
102.56554053342973
112.19250507115274
88.90421497165076
133.35740601340711
120.21780532834293
148.76965444174806
5.068456706915896
19.316945486595237
120.02037728044384
130.4645161020732
122.63640631503372
138.37785068745634
24.994034989357246
128.9330568623482
80.38394717676866
13.238556520256182
14.152430184736772
71.18275630446591
99.88730603733863
127.82238086069223
84.76458811393807
22.328983253226944
59.47068282850757
110.83302617349132
52.86074384085397
51.968481182601764
40.35182397996512
95.55549350676748
154.2447535171546
52.23487370589885
31.238169773385437
13.9088220280628
62.24920718512482
54.56824841590972
144.32504613282137
38.30274038986974
61.68256328669694
59.062594022122475
85.64030802343505
97.0824203863892
95.22464413305467
29.97269873118269
57.98261780499402
68.92647403163053
6.436651201380627
88.58749724459284
72.39110895704337
120.63408872818965
139.68008232625866
66.16779175026674
28.420373183029746
46.66765751428682
47.53450058172927
142.9727672512052
50.90429112557171
103.26941103694463
89.69997870240529
51.43900522770706
56.24691905627751
101.87273274149764
127.8824357581793
38.92731047579471
122.55545948158675
43.63597466967837
126.87126281873333
74.69579316132297
40.08173686489281
134.74758609073905
98.59542228026429
10.56887054883336
14.87177665461774
99.44885831782072
102.95438573755864
39.639496370131376
91.21197830068341
108.19664869516028
56.79634288321719
135.28801538832056
123.88416745262259
76.89263510724835
25.451610454983438
87.81744858078369
136.38393787960942
51.30181175861068
129.84255442544725
118.75245563719155
66.2999444200761
39.08133675890895
80.5111234081413
138.55192213806228
88.65442321127966
59.71477964228045
9.779634546546077
45.84534590331972
51.893793225535894
12.712578625795388
126.91755896911641
104.50949515891706
112.68117682420919
154.1378386607338
69.23964562073488
73.4217980874302
147.4410973383043
139.21240783682993
89.76440713530585
32.74757382983849
87.40258913754155
69.7826879996216
62.81252189369884
153.53058427777893
11.08841063268197
106.49963021009744
50.750624708441435
134.55503380653258
122.20620464565437
42.89913754568293
68.88843093960455
4.818198946707952
49.26747535336751
53.282557528004034
114.07079148769597
35.85855319738486
37.53930867749673
62.120877781906046
121.28720709350208
123.37242213007384
2.2641983581647196
55.978073579763006
135.44278733064834
111.10927797245971
9.557002357885253
102.10422789177112
74.09325026237009
93.6428991038201
35.25296468198515
66.62563931240172
8.837791122007289
57.261337458905075
145.8362109852465
89.98383186174962
16.082421210247816
117.5789585371358
123.82241614608522
131.17945286578203
47.70668349786108
59.7232047543564
126.04805660475598
138.67010639131394
91.108695413905
68.97849662672664
139.34036918749885
45.42779732908919
45.462512242320216
76.8486046627637
127.02390035153431
46.92215390077928
136.57839652120637
51.373717025518275
151.46415124938795
108.56692973797985
124.89010232189896
149.61617725570068
142.66103700814926
116.77865519692799
83.61837010894997
135.9108766233224
70.63757826169916
131.19775901149345
77.43749757220672
15.929572730012978
156.15832769620667
102.04189434657908
72.68998545877352
86.2052410531783
86.72605275289784
120.66978948847054
72.7165852729731
80.8346854232441
59.05757337294435
40.911542395994616
73.07096767121624
66.31552600134812
10.187190603197536
63.2376868376737
7.450401728337127
73.03166772784232
128.57020454569852
6.494496015954326
136.9940233385762
77.39984929395139
93.01616476940055
46.681842060400854
25.554259850608716
9.783462636823955
39.24172775932442
84.76636367987803
78.18129134219738
73.7780890821491
5.265547227179326
89.33600786983274
57.67696927359081
148.9589905005351
83.12362774145154
146.41833838972434
121.01796084646962
26.237425598625215
132.41441744431398
78.08946966272582
36.434761094400194
108.21020057672752
76.78890178908819
50.557589328733
19.306955300130802
54.52427832902232
25.16334982920784
118.90380097968031
129.51935265076762
142.03589627473497
132.2457065276628
107.44355335596994
53.20591388581765
81.21915233398266
28.769295184756963
92.47516547168763
131.90451902594603
105.53191042219777
120.24132928642814
95.57664705700624
72.2657812058
114.94684803274336
30.013985611300733
107.33320337718607
49.70629928046616
84.7501746649362
136.72955157706423
226.6969193541611
244.7089114839876
227.1071263471971
195.32160352415735
190.85608394333465
238.5364408131856
174.16210407800327
254.83727315056865
211.8901347264697
195.19699182089687
210.04588181629748
175.92646226380126
223.04358329119896
190.99783685811155
214.4897302471171
274.18673430233736
272.53833710323806
