49.97741065606924
27.909235812337766
40.98867118861379
31.505126924405324
18.298604502602288
18.465569709384134
15.012708699238154
43.66404990833988
12.645087130870465
38.55801315040061
19.474987328180887
19.377009432910633
29.80435063698374
35.34586128844558
51.477131939567855
24.761679380631584
27.975502275364832
10.158253751022755
17.55050569007725
48.22811164189774
50.31601780738047
39.59435358615794
9.23672889222328
54.74008138720346
27.74726892080295
52.304343661753094
46.473073481092385
53.75305084482733
52.31437973650624
13.112368268580017
3.869926839955742
5.701851778904537
24.9536638020817
14.226968885555504
32.20959885936125
8.619950499660192
55.564152948870046
7.291209781406327
49.534020480721566
33.86136929618212
18.193959505677327
35.35980726360369
17.21907241823511
41.69498313764122
9.195936158918983
30.361368194010822
25.14466967385898
52.22825196692138
10.693239360684423
10.294126429307596
28.71543240996916
37.346896274781784
21.50207122176593
53.01966174185992
52.40149551252121
11.389447178150153
47.147925843085254
15.534391560007219
51.96113471798344
1.3579080413200373
15.167814755127555
6.103447429278855
99.4216247537751
99.30923215274488
89.4489334717655
93.91570859654941
115.87528071534595
67.47941244650546
94.20016304516402
67.18223282911032
68.51286409716825
111.2256508179041
77.81500033944218
75.17628163473542
124.17235360192909
91.20748829236116
75.23514156475424
114.79571777264611
96.02042306413584
116.11270924407658
87.09841827325101
94.86065288434085
96.47346888528894
77.13723120523835
79.59665869595527
103.5872555811366
86.23688960384709
114.4622214555956
84.57935584812006
93.74942939813204
128.7669124349403
79.35351276075173
116.80513361044848
130.94414460142949
120.95974617929062
75.58917438969571
110.70795418014629
87.99883094610338
70.00916959070085
125.44054756045585
101.40520237018502
65.05348622277216
82.01586797473311
70.80873663167954
89.39945829457866
82.97134806312046
79.85802123733662
72.09706186393143
126.23130735391136
90.206247668993
109.36746725024125
127.11767775505763
109.54374677374048
77.04901151289957
62.88100578246862
96.68407001464999
74.92594467208501
88.58521661885192
101.95219720491541
127.17690630471569
126.00641866190114
85.42706343777363
72.75808294532933
100.45987254434861
170.63005326553886
220.88085507574252
215.75978262477517
216.4465810976514
196.29043082631594
188.4830800758353
145.4721142895735
175.22032758576884
226.50414632172053
181.7879526706352
158.4017191099992
151.51455263481012
151.5056266972455
222.6794417958302
204.94515247632071
149.63379678792444
167.90786458495808
200.78113506113587
217.73124540946125
160.8451600535755
208.959316823556
229.3756881477571
230.20899903424228
222.21861360479113
185.8463621162195
207.2193274908367
156.99618507899416
226.42894634497173
192.49690557262153
205.11591905534578
174.9785733689524
189.37026530618866
198.8453439833298
216.25080945084858
186.84333626251578
196.3063860775015
198.40364709650754
181.5536951984547
203.2540882019862
185.36461395564
218.84657888815434
226.65993653483054
159.95555909322465
193.42809581999194
229.4000740224167
166.68790289452923
175.1455423683876
195.1306914781295
187.20888539683264
152.5412605047589
186.00934785325612
185.60340325090897
222.90754803414356
168.73220194734023
202.1686876354281
178.89692126018153
200.9706373209208
211.62099083635457
188.40748041286105
166.64384581894322
135.98175757629758
167.52376377187002
34.94914053793613
19.76947342840024
19.709828145764902
16.57222761597169
29.87353170837382
27.707126707185765
28.786022868602142
24.405557493974563
32.029543718628545
27.153933635919515
17.903684159079265
18.664489784226138
22.59919597082174
29.628385743915803
21.85168218496907
23.242626073131966
36.32277268009781
22.76411575949503
36.91233533528845
16.203521080295268
14.775000020207676
33.66969371279826
21.702002680769
22.54483159242068
27.314399096892252
77.19709778158513
88.56701402934208
106.58302725312427
38.33058722648474
63.86656255140133
37.388645335902844
46.20663687100645
89.1540800761049
109.62488655850686
85.81105787892125
42.16818552606243
72.38999020808662
63.16680886263159
54.989841827515036
84.33307912611289
60.570335432696396
55.75758105257911
79.63917316001108
75.56151918361485
90.51821556208283
45.70456483652358
50.864806860566155
69.80522149917722
68.82539579349039
79.34603787709749
78.97586454106857
93.17896322749168
114.76726767346359
102.28247423141575
60.083428187196965
52.93107653705173
43.90824143972836
97.53392096769687
93.83195908505714
81.18670586550287
47.48340100155151
62.07110337969343
61.455504458601894
49.79358650139877
50.18363256045761
76.8943034117053
49.410584887501045
89.85202105258372
104.03271461400246
56.2804719736565
40.86031514669205
79.14067890053191
77.92480619427648
77.27000116855437
80.81329873280356
67.80495104681602
47.44528433140941
50.46181295490659
105.92775034788653
82.21762927648057
98.74744262256104
71.16088230473491
62.58885509693536
89.2096632758042
114.67065695069621
112.44804696152238
87.30831178174269
44.424079920312295
92.28337608461128
110.67523971638387
97.98789417530217
72.40910896469848
66.00285505904203
82.34821250411927
105.20932547205476
74.58469263182805
95.09237026375975
78.23586073817734
113.61276486964503
73.45787479647473
95.54220194586009
85.74395446435075
114.64298418700784
63.4924293015214
86.10969833456917
80.2084882359599
104.54168535558539
68.02352575161882
107.92369815252424
61.41743639233096
89.98151927942288
75.2096330518485
87.46109414903941
71.82644223376859
61.07934406374936
105.29924088691577
68.53742274654049
92.68337761764718
69.34863642288437
61.347632218282534
89.20528440371353
105.66982985640361
77.97838324538353
112.24808280827963
69.05955239804445
50.898941390490236
110.80632508507732
59.61203343406232
85.30489224070479
70.38265308837686
69.38297846187233
37.853210628933525
82.23900397914026
81.67204049018805
111.7298200231319
63.322272708989104
100.43065962533787
40.17760457610166
54.06665237297896
74.74144981196993
108.74880832488113
88.38104419520235
44.424597308682706
66.83521863637507
37.1149283212507
102.00835187606388
78.92352365297779
67.62973606531192
108.71585952564874
65.51942146231812
102.9417328521634
75.1824814473796
106.89982482800059
38.20368411399439
95.00416413670014
79.05901825559086
80.90669778451718
98.5466913895145
68.8330740369388
69.13837635730253
52.46298588151654
70.49995794291357
60.4329173259738
44.91148050488816
101.6968194401865
46.08541047624619
73.60566516552933
62.29070961344267
64.106729315919
61.0497941714421
57.389031974985244
77.08598159486071
38.45039524795799
88.23907297850046
51.81245889213599
93.38880563505502
99.26416646251262
46.33164567764287
44.17998973190358
42.34448096753708
59.00928971138558
104.45272396647555
80.49939113379799
56.69322290294916
77.68077602615148
51.62045284375493
106.78129977092368
54.71064039972026
52.254929930151135
47.93486541993256
45.14777817171042
109.28921985163748
65.9652607143964
101.44992752677278
103.65409609818904
91.38103878241289
98.38357633121323
50.135771190859444
61.430491543554595
110.31938815457315
201.62553357323932
158.63065028894124
193.3890267501249
136.58163904935589
209.2363205564493
211.10120177141394
213.68207714757392
154.30843520559057
202.11819778779724
182.2379257649509
165.49152209314474
160.80161581149025
210.44438229974494
218.06691854474934
124.2552290239488
137.14730743889845
201.45136749944325
218.19019654014474
198.08105183610135
165.15107769573456
167.50682262609712
125.23290417203714
144.38580379880065
226.9525011611618
120.59935505683012
204.98527232973612
156.8941998405648
165.1864883458581
177.8039677003333
166.5874695162278
139.18827571567542
185.26743896331357
149.6640655639236
170.19448939803965
210.4108468591308
220.09503856370233
158.57681813253743
215.89487380267613
192.9265986545625
199.25519339477376
197.60948263372416
185.8828944108039
120.73454509268977
155.16016618681
229.41044983006367
148.1587365977541
183.70023371568243
139.84620868962148
222.67512589971773
156.98999169323534
127.54187224471303
125.44515305095128
118.94756665696757
212.19133021272108
208.9219158493591
180.02376195412958
190.59898592152456
194.8904717631408
221.01086561912967
211.05135995354232
165.22299702184637
177.95041663675448
225.32975038031987
172.28650666656074
149.69924364818522
148.1378176802604
224.0923602112255
219.4518130744952
186.5030900424796
139.72967188376623
229.5197841187005
121.27882455704435
175.9071259953482
178.98101536941735
160.75534069519213
133.69428974488258
214.89309843775925
155.45352559324377
199.05668456544134
197.79944427390774
185.34367897365507
126.38672756937225
212.611063950446
141.40435233436602
140.39853114979007
155.71327928409866
116.87421750630733
161.55404786988254
181.95442210515682
160.14414458731974
136.32220262790818
155.14152049887554
129.11333700807256
131.81264250299697
132.1402918098392
221.57565894034676
140.40782926172403
126.87882839387457
187.41953842955274
175.72188397053768
191.78308033103315
195.81623330844366
192.7992315689624
230.11138511335116
190.72395600593293
176.99087418862038
194.8874087810281
205.92508451215525
122.79091309924041
193.69743345442592
162.62310988252563
155.32020597940217
181.41356082322042
123.10140226671012
176.02569921650255
129.47130347228733
199.07392906088816
206.6013623949173
202.61344498123177
133.97801408399272
184.08594353590655
187.23439299042025
149.62989097594036
132.6755482758863
121.26475829614427
187.759919832693
230.3653978372266
137.4426144999302
122.20331746147673
126.30642114330244
206.71710412822424
148.30314132773395
145.63667514729764
217.52901299388793
166.58848029128202
153.3544738908002
214.51582717516533
132.1040053673593
145.58490915110173
163.2086300553681
203.45256865190396
224.05492076230473
186.1038629986529
129.29380805038835
189.5621512072755
120.88352029676446
215.79867983992966
154.5102969487912
203.18252467175313
143.2992289234181
131.1388570603703
188.1223505776784
176.1501026824784
219.03422507781175
210.18851805124487
207.81237535235226
182.5945287442353
178.5666170494468
130.42421401110272
194.21558950544585
177.3217085669553
209.82461287389185
169.6719568500789
220.62254911645303
165.81282894347373
224.14262402467205
129.4014232304506
158.2815288316766
152.57644323793554
192.51318375032852
229.43165729841635
164.123663494644
171.11760349472658
133.91118737861376
225.24620492070997
132.21223862702334
172.3751656309751
150.12391974771276
136.3494785353844
214.4435900747808
189.05181532058168
222.19188920579614
120.54757541157545
141.54600942215868
190.1172686325025
174.86304690087766
167.69659822196414
187.13810233460072
152.9627054171153
117.90086325206914
181.8284433376794
170.35331092459245
228.8993534234205
150.53188443876647
231.5671885060973
223.5699770297032
119.41750780902004
120.5836504437736
186.82425928539783
133.4196670618448
146.93417234173668
132.23870153907737
124.96179117673421
126.621646555716
191.68189534531666
161.18122661485816
166.4329796603211
158.35147462275282
125.69574776316918
142.02079422796487
178.15600869507827
217.35150698371888
204.85639886099986
181.65300925440062
179.2215920644684
222.81846826631642
156.77769965431781
157.53892669951517
179.68185757741526
143.75246343405692
154.25627953819867
173.11288870864792
145.90657762249703
176.98738026811392
121.40575508261529
224.38680934269846
123.32883977470456
139.48982397021896
216.12602709248188
189.2848208589934
163.19392199258266
173.60646309972321
183.5335815417066
184.45635358172188
148.23305904493606
190.6633006892955
179.53828601805532
159.11713464029705
231.2721168146927
161.88937194257232
160.75333573253062
217.28298666176306
206.5078228144231
152.50484974697522
122.93561427213574
222.4817520820004
164.48834296725963
175.91767431791
167.1164171530381
175.88251351246038
209.6996081636068
208.0229494917154
180.41450731498006
171.1209912897695
156.53235115332586
189.75830714669644
213.39204488765247
125.87241842999418
174.1643956757438
167.21830711400182
121.32917191177143
145.7581599940263
164.8753433733872
139.060491808518
153.37293547871434
218.50629385461053
186.50670273220422
167.6727446855854
219.96961498289102
147.8013649683851
145.59483805871884
228.78529938247857
121.4249596475786
207.40560257284653
154.2502393537347
167.7358439013888
118.78232585222712
120.64769558693023
205.11274740278162
161.9545265004705
164.28608839712183
196.4137981152793
213.96311648555564
126.62819700636024
117.16306705520202
168.11972349660087
126.99823535290287
142.66058468293772
122.86921657025292
162.67267695071246
151.42415288162675
132.3134233719127
124.06651109445278
205.6985672884233
158.9459440195639
136.58978310226072
170.03055153059807
155.45402433017765
199.34723290990237
171.4986489648398
