4.557114437945165
4.799836814952897
7.111347270664468
3.1061258907276716
9.557032657743536
4.284751074002877
6.35763561936241
1.2950415333073142
3.682472931083649
0.9618625613022118
7.781885587959474
1.1141309049258865
2.529551889458788
1.56565191556958
8.975336998979492
1.8953274935377884
11.966227430416007
5.341266020423747
3.8777745441352347
6.750068105150952
9.442110634607166
10.536587100244208
7.348910977844818
9.547500768976219
8.685976751784576
6.464784678405938
9.338883642436542
3.990454327962152
4.960336810711912
9.150027090242517
7.330605064790063
4.560128315690403
0.9405875257089154
3.7607921593482927
3.1044870083375544
6.350983932602527
2.4845884890320837
3.477289012191612
9.27314459499063
9.920543741992434
8.662943518362617
3.50435389927772
5.374735177956988
7.255449886292919
2.470417731989839
7.040491248042033
11.588899738092328
1.6844647226467568
10.731184793413778
2.015146695694372
1.858172063091125
11.660774270344731
1.300085551780592
19.23455727618593
24.727660394921784
25.630609045773333
22.452231190111185
20.07526405055496
18.908007488111217
16.716903483064264
19.29451707247863
26.591434621485767
25.054725131580398
22.410968186442375
14.628461469057822
18.28630165993242
20.887972006929363
18.92233712027061
20.28345673550306
22.410797933679326
19.473512138297377
19.292469118438465
17.295284361840075
21.783622041501143
23.154361425166528
13.637621214106382
27.70519274092465
18.820922750392604
17.83188399384019
27.50706411889289
21.82344600216557
12.313280240775027
18.42288119926486
23.723488670624807
20.70430225719593
26.083984015108793
25.01353006252488
21.04409619004753
18.06379388925979
25.218408499647513
28.466200559679184
21.387725477272248
26.61189675637318
22.525278634284795
13.197284830081289
22.180428094742737
15.02054105863883
14.939383514467371
13.857107634134625
18.209210100014
21.91682003105243
22.72271591072927
23.473080192157422
14.620856570903449
25.299574727741856
13.572108919926654
23.954251599857752
20.050405263382274
12.071644223007475
18.579896551363163
16.269751831900628
48.1256965498534
32.226247602747186
50.615694116517815
42.8267247416456
40.337247679164115
39.16660402718228
34.875337775563985
38.43369234474288
41.117510264050104
39.81293516006325
41.40405605908249
51.297488533174025
45.030468304588105
50.40856790347058
37.97812837125109
35.69377871325256
43.73226413692497
2.9578716048305442
3.5690001122442916
9.960767671844854
5.848116874938314
1.4556245601903646
5.370185825193185
9.718603954190744
2.713687670399575
1.443672717295522
6.6576395698796205
4.21109849775093
7.311859998741522
3.9995110893914694
9.880115557832843
8.709441308944282
12.17890728775901
12.482390414744117
16.02610301811957
11.333366004268049
14.658727700479394
20.51950938888504
12.99457272739093
14.974111059756442
18.748840219340472
17.145563805178828
13.715927768193296
14.778553770862757
16.697170702310917
13.88442223020895
17.670691940165916
20.678485679505695
16.868518323645514
11.118747624609535
15.105968946967023
19.07676588973599
17.90737273565137
11.610806324252184
16.874232692610143
19.38371766571272
16.855058199703194
11.35550041817826
11.705789874139379
16.524787366160574
18.099799190891712
17.615717604722725
16.277150256637523
16.332892470555553
11.848762538228243
14.340765353936273
17.04075149888826
15.20992819606385
13.899667011894234
22.794235516594792
25.078680594126215
25.870941104835744
23.599067188503003
22.842156211438983
25.350138289455746
25.96287099179342
24.80034355507717
23.15358024431015
29.825453559080312
29.208596173102062
26.39099160414354
22.187765555198887
26.792098194468114
27.20632520511445
26.074291628372766
23.940028289701456
28.363148116428153
26.489686026524296
22.71036241360634
22.07341393754278
27.564701317782557
30.92377758634477
27.442276168525055
27.460612908134873
27.939814700937593
30.066624532814235
28.31860256119402
24.303064769105262
21.38381137188929
40.42008443440884
38.985965331740246
39.53710811859316
36.382402520709704
41.86481752077989
41.58039057572147
34.81426530459784
34.957565500800875
32.9736862755188
39.245650020459934
37.648481719403506
44.66696856153547
51.82716128538996
49.80318611826123
48.55581036569152
52.867520387104925
48.239723881201314
43.849339544186996
46.8814076733675
49.62153309947412
51.05111890278856
42.085990569471214
44.299169852567
43.94766247158344
52.16027235748442
50.271730111628074
50.93614886818204
46.65693597899531
52.800382589185446
50.223730258224485
45.61651642562778
45.97281300432813
44.87729388560206
45.65008217192945
47.18114911963315
45.275628591490204
51.088653770679215
6.119899227506966
3.3867086489635234
2.8515375113697385
6.946955051761367
1.5815191147682621
4.437653107636204
3.025473927386506
5.078930160080569
10.058159088799458
10.539073475875249
6.205791584939254
6.305466076032561
7.664518979558682
10.308212361798738
9.931351797023463
7.057260842657785
1.3120305147481854
9.034656080809427
2.242210500163485
0.1571383602448977
2.140491881417779
1.0298469426768744
8.641623677052161
8.247086545588253
9.001594244259522
7.708952552273768
8.15840134733548
9.83791953672791
8.672993405970434
9.264644576750273
9.66567597008235
1.9975861150000034
2.634054246715353
0.7866754647702852
3.4792220722081546
8.670295699029205
0.6218900762130399
5.974735241583819
9.664796265893441
10.675759272037766
8.367820918680662
7.134272672989458
6.905460417168443
0.6531150703667112
4.438682059684286
8.37217052647367
2.4710395159519174
0.6978166301696804
0.5107812963821612
4.708861926469821
6.052658840732706
1.253840684749317
9.893305227218539
6.951963882658222
3.969079297995778
1.5401201936986149
2.238349149657284
6.968117788721153
6.431921423413403
7.081411039926641
0.0076580535986057185
10.79221119299534
4.9345882473278495
1.7943882489369671
1.2618872675524457
8.147749743816732
2.389960479740197
9.451199123525289
3.8399319675279253
4.013623326922266
8.757750525092817
7.228561969119843
16.276813462460257
18.26645964614668
17.8859215201375
20.947953513906384
20.442815942533198
14.083377488680718
15.721082141812944
22.132606265036898
22.289061133818898
16.170302511773258
14.656851498229866
11.457125649495964
13.17976422062226
19.854732083371086
11.947510062234851
13.823989359480388
15.278535411171557
22.75933922724899
19.78467799825938
17.50970146041535
18.2928841967975
22.138763626195793
12.87105120971582
13.988564383859572
16.665504064007408
15.249026229876907
12.065698843583963
21.49494676669954
19.109041335224205
21.416093961020543
22.72972905115011
21.767224040357696
18.258730405778703
19.102958966180843
21.533222533207912
18.775201658329856
15.275057765498106
16.88621030175064
13.659118465466863
19.201219662575895
20.641135404570008
19.448289574372296
18.016480678307197
13.462385406405193
18.44161014598665
19.294834087605892
22.691207849307975
22.044824962016676
20.352756004282508
15.95475405762096
18.564807134560148
14.40478844680285
12.833707116928867
14.489225345938276
16.655495474925058
15.573029940489876
22.781977063444657
13.963847369998243
18.317389424060796
16.527207863928815
15.099943062720707
12.390766871370328
21.858782353737976
12.474611583374992
22.244595362299364
8.662187978209067
9.261926155180038
2.185096605824076
3.551656819480959
4.282023189972866
0.5664281625062131
13.85587503897295
13.7123566809713
9.31729904997995
4.968358989449536
7.006374278611677
9.190747669464614
6.203765786920486
11.244767831355356
12.533715306218177
13.718546318180783
2.7718456563390346
0.9526897832479371
0.3489086183393546
6.732982333703385
3.303124125357151
5.367544360032688
10.642156792766027
2.4162069496274974
4.47033627169489
8.331102018926806
8.038560999587054
6.279373307696247
10.252553571175081
1.8359784721648031
12.497409096751046
12.367481420968684
7.725515111907752
6.454838524225835
4.814897462164954
2.104163491854864
1.0138667191753177
5.340713430664771
12.661082915693422
13.557243143606094
7.337965755149973
3.2613050597057
11.936721595432832
2.4206553239338806
2.4392896718424524
12.170573913971445
10.129700087615294
9.242249749798503
7.075450703182538
4.1193701724988205
1.43974377392757
7.075838655754067
4.862743534423563
7.282589250462746
6.508461131895511
12.883255723341193
5.851165510149077
3.7763813068636947
9.806843168185702
12.616049347418116
6.89337655945325
9.310360295267671
4.591493465213216
8.900970911631275
11.253058503440787
11.488574671750197
9.685278245283174
0.819315039271661
4.706585368580237
3.1281802282669298
4.050528109219259
8.087322385821022
11.673031753300705
17.25969239941928
19.85336531354498
17.182688508392683
22.174161157821583
14.24975259351347
21.894798325959332
23.848734470068543
26.559967552812747
21.535460950638843
21.290075031462088
15.023775339987242
16.57369938280096
24.03034000069936
17.87667007883435
27.953353969557167
25.6938338710752
17.458641271042772
14.484571163244933
27.785175466093968
22.538709736655804
19.26332194534843
17.432759623357185
26.128914470201853
27.816256872257753
18.0555807330219
26.49616084616651
16.80354152790766
16.429607770941953
15.47093886190385
14.995197886212672
22.56047999904283
23.460486694032017
25.035176960535953
27.460442290110535
16.90612211946438
15.2243669744616
19.31236932652042
27.42734712587054
14.231046943294125
19.47316004891893
14.200610308993085
20.379786599314535
23.75264648989051
17.058303033136102
23.39294127342257
23.73675981580647
21.341354624510316
16.93726836048721
25.898085375447323
23.381335145419214
25.120629143741578
23.883915666217725
22.328755695113067
15.47270411392758
24.790208287207466
14.812529103713082
23.781850777525626
