14.231534053131602
9.554057464229963
29.26883676741702
26.733692493679833
28.61301522347008
4.074357141212115
2.4688132962717866
8.025259945878553
32.994741441342384
36.187183645378425
22.017106853070462
9.651698272264703
48.36207389550282
37.00666086111112
25.892713834731477
28.070272528266877
16.391125071113667
37.47418880518694
5.092362666689635
38.53809745532368
35.67436621617862
30.845431242996163
16.68649990457576
1.5786117137708757
23.908507282129673
17.75363327044832
3.435131872210409
16.626076388934713
38.64410777321646
16.862120600939
54.64313730336643
31.95536899548404
30.637213222989892
18.450394750047714
45.34658952755504
32.929639665763176
10.526610404245318
51.73912180711785
20.719493102887984
43.90435255832017
15.064603896883138
10.003786159133888
26.26897325061268
26.567974158167758
4.3862476165214765
12.726005195808789
16.140801277650247
41.229760826523425
3.0669471369248917
53.473956098111046
34.30920386249577
46.09320934802925
46.74607643382734
25.998232013022324
33.04988730698893
33.81504158125495
35.2388322156249
37.65609716842461
42.041201514648925
28.930765383899235
22.75435034394946
33.028938520919404
97.02932975446224
67.16063448180559
62.69290250845497
122.40767300892844
61.283712135149614
88.44724470821413
106.1816732443784
75.46639494229778
82.0749906475499
82.43104705449129
77.08795556848307
120.24522378038387
121.6845368784339
61.45657943992073
94.57071273436041
87.80662277928316
85.55810950773592
91.89786988565079
98.50194369382663
78.48352900687895
99.46440260677569
110.15396726130511
67.6225134856899
99.36320865091017
101.41168336883261
115.49851320063979
71.07418368995266
74.52229762810131
108.05017948643518
112.34358353193036
88.33446584238513
75.1429990957947
109.97817157929796
113.08056062641167
99.52035962655061
98.89654002130953
114.7459029258475
114.09779384291934
71.69770321990006
108.1662856266209
81.16842884934263
119.29586681785867
100.26642595774128
67.81464975023445
75.80911767265046
105.57056769802982
74.13820381083804
58.02440365414288
98.25603694389945
75.53068896544397
77.6572376875945
126.89415268010349
129.53591138388148
116.06481629356625
83.10497680896981
95.27934787900661
83.50705905094595
75.8429377050296
70.60827158572593
60.26398297327664
114.69981097855585
122.00210620657231
220.2317118392158
146.33955823632127
213.67075008577376
139.08372530349382
151.39622944923607
205.6935269695427
207.16777558443604
204.1153676040023
211.62802463006545
211.13152789132405
192.35415466593915
172.64653453778055
182.1643790919496
140.67214459446325
191.71896319699763
147.10864549347087
159.03687276470652
219.415594981702
184.58142300564336
178.59434690655826
200.45939981606082
217.698518674741
205.64802708022194
201.48297610387897
178.05141504891242
141.38968299321064
204.13911911376545
146.36726601789127
183.40885516136575
132.12597920674585
214.9350884123623
160.92626704908741
158.56813026672637
161.65313778460398
205.01515958208577
148.63873478726086
169.6447209097261
221.49829006412594
147.88271284048017
156.38718860830716
218.8308013325655
213.46374004177653
227.84604204057143
163.31261159044746
188.0087902941138
213.92339288831906
230.68673435216755
229.38108116245093
192.05465558895486
167.9625290278106
149.74058811051037
162.19608008791892
190.07305235549393
192.87207433870284
177.6595176095168
155.83528160302828
187.96733398626407
150.99922394793407
215.3806860926594
168.33897215696524
152.34560429006376
211.18606658899424
33.01422937181594
18.058528987365623
23.697765550890434
26.992848129461585
21.433917064866517
34.38479077601643
23.348800574966496
21.585171936146573
30.211112157937286
25.25661716172604
31.188679495264303
29.008611063343466
20.698089748885593
23.750825632885668
19.59919145409116
35.63718754019254
15.721561272654998
36.00343518168463
35.057017592966716
35.05231228724602
26.643529845291923
31.041136503136304
26.294297708848866
23.541681310773292
30.88807025586374
21.664885176163644
17.72460239154657
23.204428216353836
24.922449594518415
20.013183723559106
34.32558659082715
90.65343577959815
106.76456596947048
104.68319807696005
89.20913652787004
86.65555826277948
81.78052900430552
69.63227013447765
47.97948099478912
103.646193831321
86.63190349644002
96.27374145221415
88.35064577190559
89.61779353841237
46.647733838511485
94.7440228368756
65.70649855532454
106.96448074570365
74.86960450190338
104.06595037513044
84.5152219097136
105.63103199709062
52.54660130240709
68.00726079269288
67.03665494148858
54.19332267117538
104.44871073328335
90.78156215954151
87.35402873190108
44.854918214395866
45.372144157643376
76.18433408384408
128.01729359329002
164.62670505360225
141.29091542515556
116.53235624574393
189.35270297067655
186.74214622606195
231.4002283076108
177.1922251221511
186.34475746552263
151.45290657504313
221.78782436554027
180.14629368896476
145.94612378501355
143.17708538104307
226.12681679487486
177.17799111728485
227.6261703915281
173.9899265763794
218.71871127502303
131.11782226540882
227.54838414540856
128.37706612398486
129.99474002867044
156.31044504811757
180.1188156601053
121.2235644023643
177.96911110489822
209.2584784449951
179.58331270850516
151.89149070482617
188.93663810435277
198.86646897568562
151.10931225962574
231.5088479479754
199.388671935566
173.62333753839442
169.10669561177488
175.37481197474906
192.5138446360276
186.28842183236148
115.29480582302217
201.43056317568144
157.46107340660282
221.85567288747689
185.6436104852734
208.90405263042095
153.61024272246055
159.80200066188203
129.30842746102766
143.47910481674577
159.73734947740144
169.2809332419512
162.5514008933768
200.4666696638103
185.3760280427893
210.50333630236253
137.3347348111452
223.67550933988989
169.89374138971934
163.8649073912936
222.83149097158434
123.38202931138468
151.3925479559109
190.53792517928545
197.08083158441153
131.1237120749764
145.78855602504888
183.71350735129266
172.12021077342985
157.82538378661084
204.9840372900145
120.9047023864124
134.49980515698456
149.75574936959336
173.5783326691903
226.57488546762016
222.3286016998456
214.0627746169529
193.29579031676892
227.53664995855058
221.59746763773427
180.1176668876298
140.7446795379464
169.53690471216945
231.2396007851223
160.80454092010226
133.3919599671127
192.08380254226924
212.0700837715045
174.7706150387983
217.77206380411658
137.27605909272492
209.16703629780284
189.79419559411718
137.00618209953777
180.82372850313803
121.39971949973048
146.2072062649543
188.5872451173573
203.33843283552946
189.42346964285673
130.340704771768
139.9387998973285
122.63754179837606
118.33560814609729
175.33857252762954
157.08803411201683
156.2529655872531
228.96031138081662
193.25373356445436
215.19916696073858
191.1629034706546
156.28457689706693
195.0488360582463
193.8508302873016
134.60671364754256
122.22116587899681
180.9992814112441
211.37962839023228
225.707341813742
216.72417566996413
157.4314818537708
178.867064534094
201.26407942726615
192.7826367571291
169.20820864885172
149.46196082041303
164.30727714956714
142.57663638571069
115.31614456831721
177.36204982150954
178.0156703091352
120.72528455181204
126.33154656762267
156.82665833606876
179.9449193772544
174.25740216553314
206.55306092781183
183.88857070623732
131.35005898659838
181.2479149491922
125.04291462196196
138.03732926844276
142.39156952427146
127.33643247841164
155.63057365900863
168.2639498202913
177.40631205063656
163.03695179827045
225.8737506070265
170.97402899854634
148.27325806166994
159.0844285529488
159.81796724022308
142.78634087473603
191.93313468389698
163.13897910721636
159.09681669947724
126.55659700753627
213.8025842021877
131.65443427039162
163.24610805091982
203.93044480344383
154.44545006010006
188.59039984282214
158.58997487663984
181.48262715421328
209.61868421457928
162.18530516978134
134.37412089991852
157.27383156189484
217.84966157071182
173.6566051841776
204.08191240889073
192.74801910141161
221.77166733212937
129.38852491874215
175.02403603890647
229.5474997381224
152.41717033637542
150.25902736067087
144.01341216974657
157.16385181571368
201.17494747446375
213.6463478937585
185.09232005018006
146.83364123871672
183.4769328200306
143.2776429916928
203.40276445164466
203.24641913605578
187.83363165525125
159.97312123413306
159.73074502523093
221.37355745902792
127.60551033442883
152.87761367555416
164.26704002024363
139.41584081787366
191.40137153491239
213.29453201891081
177.62252828672433
163.79133071829352
197.7999113893647
222.40022145727434
137.51382420799115
134.8997462868876
162.83145710674506
169.30734478616787
133.37876334906687
145.91012963083395
172.25686137579908
192.26725829083418
173.40953022770688
180.12976428627928
189.3084066345265
174.49589045702584
150.09828195044594
201.14624051229143
184.95774892294236
194.1940166106213
200.38562424949654
118.90608612990523
170.36706251770215
156.76696540531952
175.73549603893395
126.22879780422315
180.06251703750303
195.2011601939099
130.85000846520313
159.534292732223
186.36796910670185
213.65341318681598
188.44634413231176
226.43375610154263
153.3487149426314
147.79111386242397
214.64292822347292
118.7453928812616
218.82069070293596
169.3364179174208
157.13178833325523
181.55695586725085
186.14944712782807
191.98629148175175
203.86394646460104
175.07940650953338
176.6495135918107
141.72855000086145
158.53129790427286
137.55013337024593
230.98548594336447
186.23269567952806
124.00051750979688
215.56473516850136
228.47475220882788
225.79185294041213
180.4390254489993
193.76574542963144
157.63441946948197
133.55058881342933
215.95541644373787
167.4909683641011
209.09161178910034
199.62037375110603
123.3600346900775
134.48111845597958
193.53699848009734
145.54209706211753
208.42730564087404
203.70704030154675
204.7868874528222
188.9609901344842
152.04545649281746
192.2785696205536
171.82571545425003
172.11395256919846
170.44822550250998
147.58849731903769
146.43094559440522
217.66681765799956
213.9803725109363
201.24105700990742
183.6057445836699
158.070035209042
190.44355913122598
137.65710167327353
217.1688211283015
123.06411614285778
227.4862055241742
125.64278325511223
131.6038590179789
151.09521766168493
155.6311693724779
199.32196335034754
215.8034635979614
192.05440325999794
206.47546134816554
144.08473411583654
195.9477353525192
184.1968148046809
136.73127214336992
162.14247126107256
128.4980462808214
125.20708020943405
221.18766879872123
212.4309894410979
127.8433215346418
153.15388855196275
146.41859174048517
164.72040979286152
185.88687127792605
