54.153679242686444
50.803030413355586
49.08108618030322
45.740871254791145
9.550930673200877
25.731238491881147
5.310117170982302
23.797453230413588
26.90142091187543
38.703717808720135
39.89408844214277
42.65620778862269
29.473867695882817
28.777491251345495
13.716990389012793
20.00357901307155
51.571407478877944
46.19559104618753
24.996689025895275
8.23933694862913
28.791688535519448
40.640063887308074
2.7569288980302638
44.541488613868836
52.48482350955459
11.461814569641277
45.6794753706739
12.718688421314427
32.39427317143023
8.736824897100362
26.932027949272424
23.725387584447567
17.40200734146783
35.53330790287666
51.03510921066664
23.21070974659151
13.928931894804514
23.28960299844847
35.45710837402314
23.105904223375596
40.930022007190075
38.394447642290146
45.380834215580926
43.059786690600646
51.69745657816581
29.42285505048545
16.032496398420143
22.249568426562824
54.91659191725002
33.311520974849934
10.011959390004606
20.823867198476602
13.607357982236346
14.899693914361661
29.014248197496496
53.72996848569953
30.88347875882022
53.13131790488562
52.75376515219507
14.596406087710685
31.78039146099624
39.657468380819786
87.48798850576836
127.67432457318216
56.21347526673087
79.37473161018224
71.81702904373672
65.07662799681255
72.62982707993916
93.735537943312
82.86885318020208
87.33297975094044
95.3539731965507
90.07663981596315
102.48924823277754
78.61070957772769
131.5743939551303
80.18281732723797
79.20122317292837
60.95270401378252
89.64503166610335
90.2340946456415
119.48603095553828
61.27980666647437
92.27920929911869
71.83243292387203
117.27899620963208
111.42321193314405
74.69938147997648
76.873979437526
101.03078986893188
82.8979387229831
112.76614216803435
94.68626858603083
82.11369703438214
73.55454444041223
68.76417331206392
77.47780815026297
85.56929038547982
85.43585460968868
86.41102009446313
101.67619503295282
121.01069124961161
74.66205616862604
66.34476021660475
110.41752436784088
125.93284759007527
69.29197052127715
71.50687393389698
96.6959977901903
69.68681874753177
107.4880804186848
128.8644548130926
109.78536920169168
94.02208627640067
68.48302659956418
98.62683691889079
120.05063187733612
106.83397590849899
66.85616718019433
98.56884531619511
92.70579909142242
64.02851023080466
72.29275147993621
153.26168050987914
162.60976083611928
202.29295309187532
172.21888925739896
193.1656022551196
136.4153740058492
148.76374504305522
190.34432586558833
163.7041411918417
204.8025498815641
159.7247987507092
145.28665232988206
147.49052332095422
198.53580139561598
150.9299096879135
138.50074915797893
145.9672136695809
162.55467199547718
155.01347196896853
206.04322035109595
153.84699043044202
135.53067439251893
206.68184849064653
150.41448911254062
229.7676702580732
191.68408367841838
167.58832898175163
216.2548643205835
176.11886715252822
185.579594177614
158.16594607515347
191.06604937677707
136.83554146098177
204.21283659482387
144.77865167173314
141.65739849808773
183.53118626635967
179.69554724790544
206.0125262578515
167.86461577192878
135.07731348989793
147.96583586702062
199.09827817298978
216.74731757466378
184.24824512791994
151.72294673858315
197.53057829740612
211.4738444417008
185.99383376072882
176.384094359111
221.27953029143282
158.87639422609473
187.3917630679034
181.2311100113115
200.6498151776933
205.87462933754222
139.73835712812127
221.93383587630342
138.6082974689225
202.61322715805355
163.32679065748044
143.75251182279146
19.884169324106693
24.446958719493324
16.86643120499342
29.90586123916891
27.239834724947283
27.655618335997325
16.45922092417038
34.79341713065574
34.17304204560206
31.271260252742522
13.270380906465101
20.05340335398032
16.67766340605711
18.084804685833074
27.335435902645496
23.87403816994489
26.94460786779015
16.833891667038934
13.131314128063664
26.911329118121515
19.87325072499558
24.074927917434803
36.2215150754184
21.794197275927395
28.91674199226285
22.333264689090008
24.78739447654045
16.831977870305742
21.22255907083591
24.30901902535612
23.112921127623423
32.81462394578836
20.63728192460872
17.951755793739732
22.382427209178545
15.896789178960878
36.02134330145252
25.581560560880057
28.95153906236333
24.338133343638383
21.300362711971424
28.477530948567733
23.33440495668304
33.889621124685746
33.39633510094657
30.09847623149667
13.0548569891795
24.528022534861897
35.87417344098983
22.17892653057406
18.270163475569298
34.13438414414098
36.6923242876277
30.745219587353866
36.793290359137266
20.77630582401242
27.62096251348432
36.760687248872344
24.654570251807215
29.98462280248824
17.21148132878024
22.596059118959367
27.565145024391622
13.53347854792574
34.06444262568481
33.77499638853392
13.844724813488256
23.206515469215898
26.94409650268342
28.736616941719504
13.663462305215894
27.017940792631357
27.947122668433103
24.056914588893026
32.31457493538268
36.437437204579645
30.62128061034721
17.505969149202308
34.47896325391599
23.79329715127487
27.16414508765383
20.972294807195674
18.691565739418742
20.159753294406215
24.469921013256062
33.60835963478931
20.148184062489488
34.87568039211085
24.876481357763904
18.94196216913162
35.084906206659404
17.15899588076074
22.723532020194398
24.266189428230927
32.8850390263811
24.545157959454855
14.323574585767311
21.454715930189103
22.655858871338243
26.18111866496491
30.406417603506068
27.81218581406209
35.13623886031925
29.236881050433684
17.39150757549815
24.084752242119055
21.526733373390105
58.59199501811558
37.6529826253452
98.51570893671781
87.98872240721529
68.70388373054791
111.18076468227508
84.84611796143383
71.71349986975176
62.230190176263164
78.18725151536704
91.28069504709443
47.97073562797537
59.6362477076619
46.30335530297587
86.05058204170842
94.07029510460497
62.82183878868002
87.1279878414495
82.8730204856911
62.844143654400675
74.23380501745305
46.745065545337795
50.82047934991763
50.83705667664798
63.75665363139216
86.37477161483602
106.02584217636118
39.884265957145864
59.64160863306296
52.72987547856832
80.4843682826871
63.154493331050276
110.73447180549061
66.33189036566932
57.50705843038523
107.55824518567039
59.44474595992892
100.0317306067416
63.40230409074251
46.942052648329394
105.57182256563142
62.95334575994396
95.15287830867959
78.42337309500147
86.29550934973429
84.1702896608881
45.272669878887385
64.74228898400307
101.41651246973706
62.93924995332924
57.237813680497126
43.7872128401365
67.85360818294122
80.27774975202398
94.70921094831647
106.24700764061471
56.771902997227
71.98846448204827
101.99039474492145
97.54441719270856
95.6973236815331
97.10518338478701
47.5406672920936
67.41574942750154
87.292401175433
73.88155252238921
101.88417454776697
59.02411482875773
40.98000157782811
49.38743037933031
51.637253807554096
67.42676718624854
101.35134738354247
47.14109748510568
89.43558634223497
68.01818091284565
87.21158259436214
101.66610038526065
86.22054438139357
63.7354478468677
90.02620004262369
61.30822789419329
42.84452605146127
107.43090303597874
52.927550273167355
108.73147141868148
114.6393648021469
81.6836933123129
100.06507373546992
72.38735454030763
67.92094766606917
56.10111600286291
93.2039230613938
70.46252830395167
83.10579310631904
42.48023221211662
68.82056449684495
108.66130678273898
98.0246399781351
95.26051264953209
47.22650672828105
85.5249391175825
42.595536894346274
93.48493442960427
54.84965864055242
78.66070558029016
80.15317664393754
83.61709541794096
68.70036122721213
64.3154217343142
97.17760488484662
94.4893151675393
98.72118732408549
98.9637916976076
85.13376047829448
43.889671035760244
83.28821929625819
38.569075502779405
101.77926742564168
105.11738483694008
42.08883338233774
112.66369457282364
97.84586960258888
61.140734614713125
66.2408774628968
81.93787458290316
98.07257100878486
69.7530618417144
81.25375087301286
69.79257501546884
80.56152876533599
114.13130925810798
91.52652612197139
98.59465911563852
104.20406020194487
94.34787664151493
81.7676976984782
113.8500513345313
99.75148311908879
99.44348601229916
87.55051468458674
66.71754672744686
99.60766206555863
110.44702972500937
55.17556461114336
98.00157550658874
73.19012951503737
61.1276331793927
38.5872403656768
82.96936379073006
81.66586034999817
86.11557576350607
92.84901548388822
77.45436808949343
41.54219826965852
55.04553920390203
42.2069030894674
76.29435601580029
68.55784460200759
45.44611575411784
95.07739557835977
39.04783093271812
68.54218228066496
81.51382214710132
51.16633038666264
111.96947752187941
68.77374036055355
82.37147995330797
110.77926158130055
68.0267308203664
86.6274198354176
87.01602736601671
57.12381050596629
94.22388989069502
83.62180652755004
38.09790257785853
57.298510833641295
96.21005775879749
44.38435550823564
57.58184752914832
104.23991144628178
61.695616204805845
41.954145647667346
98.85494705277469
63.78765711609124
40.56418063916823
80.23838898365582
83.61090223813416
89.32769004183065
79.93177010375513
58.93563668085062
51.06282251263704
86.8162220618893
84.07626848191367
67.43756858997826
94.29701596317506
83.50121509960738
59.63508456030107
37.43354230451552
95.64902960448082
81.17884946440604
70.3920338773357
104.83561480863665
87.36195998962276
47.611460610872996
70.63976734957343
58.2544193768698
45.40610521846504
51.03773722527037
58.906652295165756
39.96690612951015
39.27965591595772
103.25904835614443
68.24919828460295
127.16906813160074
116.73800051233874
209.86805810225945
174.21850788940418
117.26803643119476
147.3391525863553
183.99890973187473
164.48716680540522
173.02296379312605
224.86233662980464
155.14535274677812
145.12899923072746
133.69740466230832
120.20356779430875
138.63634271803036
157.7134745289809
161.16069196265775
178.98515375388638
162.50824687849143
139.84658895648067
133.2675276623197
180.1706141265312
211.86127578183255
140.27503426526158
187.4148658503549
163.98870764460884
230.6393525747527
217.85217477533257
143.9803751964535
126.77204372415737
196.732083122326
177.2605469173652
132.33663536515715
143.18723010252057
137.66765147582268
173.8234235506505
191.06934157614754
200.86601364462314
167.909022869617
215.2140222141403
123.59062975972383
191.87419732455342
210.42657229704633
171.24927264181076
173.12104214389547
181.1410703780774
169.40197216008687
190.64530025198013
211.0444206948026
162.02661776290367
200.1037844200154
164.0554905392122
136.0118650432563
203.69420724136867
139.70518468275844
147.49543223306793
226.8087757962842
143.5389719800226
191.07097075033838
173.0590773128356
203.36916886547374
211.39471347559848
161.02031789254815
144.1268537228943
188.13805716312933
210.10441312712254
212.2694816788552
197.63635376817362
153.05484729686555
223.94852587212068
224.43796328192008
122.4160760684617
175.77181542519963
160.61950452574538
167.62905878757996
177.45073974818214
159.58553087000254
136.1226981457404
226.9860298950586
142.26178471369417
199.66081690762076
155.85575348031125
231.33976021396535
180.5689705049058
132.07859870541398
121.18668221866082
180.4647377288496
199.7880618782694
224.22849318055472
154.29461483369397
212.99589712911867
123.00089401927613
129.19436426748572
152.4589678151125
199.52296977430112
220.06534026945036
149.47855958485877
209.25866548086026
180.34615317348096
200.81805362692756
123.60830699673157
184.67061390961751
146.53818393844875
166.95152768963644
206.80764989231767
170.18783457131167
210.76173189016578
