17.56463130052295
54.44287681582839
5.898774982272112
45.895104998864596
54.312470181758925
16.276577656445816
33.755610686618695
11.243890379165954
6.0351499080537145
34.179723921607916
16.481699153473315
2.483165658651572
41.61448410139924
16.295369770005987
39.69186448265728
45.0711794713988
46.85177193675308
59.05421492284204
43.77928474213297
50.5820510442029
11.183819049599975
33.52799688451709
18.555796011675366
19.188486608151493
50.12524847434831
35.473066108326606
45.33653104021539
37.94701383050062
24.38055199747976
8.433084350739623
43.76073127608909
57.88998713718119
11.859516113176152
24.60549014087652
50.257905757329155
37.7197971076687
3.626405620068045
60.76048441959159
53.8430964702124
47.91534550882828
35.90488177802936
17.257683567932744
59.45078060283761
38.74565543341138
46.10000735507018
36.92233468943013
34.71275575248548
5.420175735441251
15.983122311318462
20.618909849337424
44.37097544710908
24.197198236338092
3.3523104868911524
40.12791115936401
2.9537189833988364
53.599930832909195
23.323016013227814
26.73381564089985
43.85654764818639
13.37033177585677
20.042588750172442
39.2681145700536
51.73039070714301
75.06378566940391
71.70452550236412
82.52993384840616
119.07664395837102
116.426877379239
115.74748837805542
100.63727805090096
68.84103645425284
131.92855087449013
99.02267481946289
143.8216829159204
110.34102338138311
130.2596486296814
112.78167782323075
93.24463633910555
143.88786723896675
141.7544048591537
102.38068067915357
85.78871513465266
136.890801564892
117.64831486668187
81.49561798785618
112.36322591105045
102.71780789712574
129.1001881861769
94.61748507285853
126.54757151196905
78.61095872973397
93.45035405195576
94.90647998357865
68.97043494516313
96.93063502880136
104.52605523772475
137.3342240742016
136.44730068901012
87.02135482236423
123.74980018981906
87.28269431318319
126.54029784734524
112.10516490540715
101.1182270644297
131.7063460271812
137.2645747787685
121.63566984749995
105.07165672526816
106.57607692346403
143.8937971307912
63.502249605015066
139.4766245641055
108.05770873618197
94.5112228356964
115.43458587895957
105.53779081536946
122.76446866824256
111.5985447996887
97.494965991152
98.35573816650873
80.11169011922505
140.49004354947954
127.98553896160249
143.32639495130223
64.07577503995859
66.76381126974005
71.65542105626054
267.93622820675034
215.30882136478277
351.5496842687948
344.63193138296424
224.96508952250448
185.42204148860384
343.9762869502795
247.73996913389675
270.6242957696151
182.99061254315325
222.1308746919553
253.27823908933493
232.45089046670336
338.46196251986396
285.4669019314935
162.8300028359365
110.22048362065519
5.780753330064812
85.6174324126508
18.76934322386071
12.957231269826728
44.175906447816274
78.67995317664607
59.444027873392834
67.84985180814284
72.11255969220974
37.90137003550696
24.021258391488367
94.5934880690682
117.20256520395208
55.035708750215164
10.944236795403981
59.24232082952291
42.11383541988849
28.76058793368786
118.52797428901602
76.49009833426204
46.54175639350111
80.48917222144615
83.19763524242595
99.73534825373235
82.17784087461256
66.08124699021899
50.711783322879086
72.72480688723628
123.32653309010092
65.74145215426404
119.11583985149817
95.21636911674827
99.54895551274882
37.07803551851844
105.92016127016534
77.9473201074822
82.3963957384633
39.24305955851909
14.758497591415292
86.8973451833227
88.60588635103406
76.42823314992778
75.19947672000467
6.793652627051372
81.22747309149011
76.62814431397668
17.11800229173096
79.50724444590884
5.598575884339013
67.97264813834916
93.40282618348945
109.7875678243936
107.70901066304202
109.30284872153749
36.370388313578914
94.91440448182168
62.263656384513304
113.36558067216278
44.401977838062614
113.60598422330926
78.6894767449064
91.96709186567652
90.7359351029522
123.57058952302904
18.870340826844306
102.37466764170833
54.33193570036192
73.15445060946249
76.99075218203426
42.7289996279824
105.71010758901257
20.2485603153154
70.36048075110268
87.12964234081313
64.61292108196906
91.26239751715647
82.33234206816084
117.61944591208078
66.30398213073173
61.51783899410654
52.16797592769972
44.460808902231705
31.06482392526459
15.428959574271225
18.48525887160733
71.68299138927435
81.03143803691034
52.26904089825368
18.502933228445826
36.4950449040353
28.55424290520395
11.247792115681193
110.28298059605746
10.955018022249043
12.481192273183659
93.36596726174514
58.736353769323394
97.57120029500193
66.18457622924566
96.21351365335904
65.8945399257606
63.163928726059574
67.33999538511054
119.17700855687035
86.22044038237533
112.59763023326194
79.501349711595
107.38696456336737
65.57047463983699
59.270448884963606
35.42378143764141
95.56851981549083
22.139544681401233
54.140804844095044
36.80531208967073
48.48917443280375
73.18292368904085
46.23840269747049
100.59450274029653
118.31970847481475
92.51508229867548
79.09064561414725
95.41534165937296
75.60283666305163
114.84245649052622
104.44864723353652
90.4897891882672
115.44472944443052
60.92170820194011
78.77977525173044
35.37546995352501
61.18581443383654
8.685790693396918
78.71519766257848
5.267568714635246
36.05735440075807
60.82690450042227
98.78997212778171
56.765294549458375
52.26258183859303
11.661881298869801
114.12760775517967
75.39611149470642
66.74000778162412
49.8486939554854
27.000527163575597
28.686114668595977
63.616752851845206
15.14637783092681
44.162479297938575
26.78474795251607
73.83251985205763
28.896691210260606
79.74596816511159
102.4958492683757
17.545948965675066
51.80212476898979
57.45991542778896
55.30497362427724
53.644384190421704
18.932012247356738
6.192226373707939
92.70209711178987
44.61099412362452
63.660144798628004
44.596824845542066
55.99436665633266
117.4361312533606
62.78820755761734
78.09189805518325
60.56083934779886
89.14871954611607
62.59631850818338
66.24639129450996
67.52816271375663
117.10026899241153
56.81043870002456
100.49483971859723
65.77830913351434
98.94246339243398
53.01793376519346
73.37603341365167
39.854539655380435
84.7126300411657
33.444122638486434
102.0874453631612
85.42071022309335
39.049528705166324
74.4273519218857
82.68326607373353
26.976715531183032
31.56043088575401
104.95050537316061
100.13733412252888
55.98188250607075
106.2648777440358
98.128977692322
49.46147638583014
99.3708602972076
119.33102879563097
80.69811455155784
25.216763908131327
69.19251903018623
66.52769574798235
50.83387999740598
48.18179641097508
62.689860902289865
30.876237105548213
25.638818585114066
80.20478539905929
87.68278203880999
32.52295395601125
73.77142245945393
57.42081392680764
7.495318791364781
98.1997732530318
8.898317524168164
59.95936366590691
55.78616917900904
20.51289090221877
38.38150983205317
30.25709198183675
35.63641100978113
95.80081562929703
64.34124097884997
88.8017959901071
81.04226396967447
87.19756998637416
116.25941419210125
17.428121603593453
31.192374674451884
27.7396693001182
11.803375066128396
121.65134705629168
111.73502185965873
55.017693310558045
53.724714281578954
10.67964320579543
36.225021863009644
96.89204102925831
73.60313361581687
90.51646041297981
18.182966232140416
52.52146454623372
54.64808101195867
88.54625025042093
66.97053423290403
39.42243649585214
43.89307415129633
46.17857213947043
31.126505477404635
59.68202371315472
6.302351182957516
92.85005240157543
58.514724298840534
105.5686349987303
44.5090956331119
27.12005655583748
24.66468339257421
68.69374942927627
81.4287283968919
61.94903686227326
57.79998902672697
99.24725604302358
118.1591084477841
120.18591647420831
101.11105644189412
45.687893263498545
85.51459519294986
8.629742140618106
55.90783942166369
27.21474986122025
103.97273084000736
78.13291360402766
43.603881846392284
89.87101677929876
73.28765525702077
19.765895973160433
40.09153931929821
124.8095061777151
70.2351447533391
28.49984945665581
66.81794745931325
59.004318594921784
46.97289779522987
84.69192152540612
106.13003771764136
20.935538405352226
44.756112553819165
80.01337972084507
86.01734401524058
110.5956808976112
85.36632142151362
116.81401339298465
24.205163793333135
98.87485525524926
76.3689957190877
56.21298653539901
54.652960372662726
96.45454627339774
65.05779240394322
76.7728783312042
46.960314088922544
67.72661480824135
100.34023577724591
43.822791596360034
87.38206556876935
76.15688415627713
101.37285270364093
69.52747797705864
62.728946509582755
109.25603496077849
122.57375426687122
78.11711332715932
107.70668961489244
71.41503980368148
48.328702310919525
64.21911937911932
111.485835417591
63.62512283572183
20.902130133300872
35.152362852752304
60.86782889109378
116.89849621523703
11.905323038660327
18.135119816603634
47.89902547925141
15.133893247014228
35.740916754333924
101.00318949730072
61.0938971317424
25.189466071143663
88.42677300992302
53.63848659893207
120.45208540461715
84.43694364306674
37.4818577027181
12.187781488457304
21.762356888197473
98.87054471618023
52.77036287489528
74.14665851630798
95.52663466955264
77.15261028565259
11.412667145053895
41.782923235962556
29.393727314351004
51.233187995269745
85.9338029642041
47.99746826093687
28.401711282311368
89.19687349327612
65.53928868908187
39.024757941247344
88.89084814175311
21.82501782096977
97.34697495587892
10.632783157205147
39.73749240269482
49.53573742187547
133.17769495490515
161.93683779478485
195.76382308161703
158.2770892652066
176.2507452002203
199.69470376424465
135.67411397851566
170.24978984759898
176.04617845024134
194.4126797078556
138.68476425923524
182.6818642506432
176.79452452878402
193.74703821591464
163.70671262954497
207.76826625247523
150.43361013051654
176.3237378895782
219.74513990389457
130.90370533941177
199.30971345188243
214.8258500574791
175.72642583370865
183.12647207146912
196.57549142707978
206.41165748965273
174.55854590426924
214.43450478515456
199.85967312906854
184.50128692254677
196.606003553898
186.22976056797833
196.83894559190531
126.59862074876675
216.48184478625242
181.16155998703147
198.60183942919576
198.5915134434308
188.35482162695138
162.63266963638486
149.48656560128103
202.51553056641336
198.82003799320697
185.18718741404032
147.00922508249474
159.88470938251885
186.5799031151099
168.49252948077353
196.4959462740515
202.12128527834037
172.90587036743818
166.9315736455812
175.04182935850744
247.792347882207
260.99187332925226
245.57098958659788
250.16735472613988
231.9595420722674
268.3492442018716
238.71370671120712
233.35972573273625
231.37556889686172
259.3384326115882
302.76966110648084
225.52260860198797
260.599076603429
