23.404613417405635
44.09119587742666
12.981517208859458
10.443086333793502
41.97206289502027
41.70717761060724
34.089541570084684
6.051340262436582
72.81603991713735
57.389627783385805
37.23902589438962
45.414280336587105
32.13033770206403
67.89170181825473
35.352028978155346
43.79151552983496
18.413896490032208
55.069914416123034
70.52718822268325
60.704906892207234
54.80175905010169
14.339275645531949
67.09390139346982
64.1902358967555
50.1645823202311
28.22779292514356
31.475824047421252
41.004272498790456
47.24224789921903
57.126061654540734
15.84758933680148
74.66076649379116
27.800043328241962
22.929806775997186
76.00884778946102
72.9458389010027
59.88696166324841
14.89146210537794
22.714774708308347
45.97824145268527
59.93680380539864
57.5055614667413
1.385350887639845
16.264340341206903
63.15308859891585
73.9591118242048
7.95965658979739
37.2890413507042
12.2101020891092
12.221674351116544
73.98701373507589
9.856775713805384
15.750812185839006
60.703077249189505
37.99265670967121
41.66347487377542
4.530699854304331
36.6450795669595
60.66298694571535
1.0359886281547261
72.69527476672721
69.70212273021134
161.44493863213233
110.49212146938811
168.0717065185671
128.34593071318227
151.8581331322615
127.90404491086204
106.50065957136633
170.22986975136206
162.21581671562063
124.01413568719596
114.75849175908186
167.09274965541053
157.88600525337188
174.03108163867432
170.24859796829335
184.82894733478943
173.2837892996057
135.55371838976862
191.44560208181684
138.8224270968522
123.25031393329574
163.67143038553007
101.16429400385594
133.9304365501654
120.29727618157041
136.44576048672073
146.3225613632409
84.43792394670461
116.31201115822876
104.85294779311421
161.78055051181192
184.83068851453044
101.28060385667797
127.62205163518237
154.33323717525238
184.8482413041263
138.67095595942675
134.68841879834628
94.40092071300944
102.66439034589833
180.8917823533471
95.49510557979428
105.80482156590764
137.8359655731742
170.88207838659983
86.94011333532823
192.02167919848335
93.15023314198501
209.93315827151258
180.99902516966895
208.74273762878414
162.25579183770432
121.14905984315216
105.44528246951099
99.4502010655805
185.84686293867182
140.99446237399988
188.69546383746675
133.91842998395748
193.95615428375416
175.302362177777
91.88314674893934
230.2543670868064
357.144194180337
293.49383940358763
322.0937481056325
356.66837850265443
274.7953394136059
233.56625237583597
274.062264548486
329.5807454081833
361.72035260707787
364.72512174896315
222.42740692334672
309.8486817634373
296.6020587292623
230.36749109430212
300.2765040905142
220.60730066519804
324.25681898795375
355.8771890319932
317.4358231632946
227.2107882809844
230.1726253531083
304.4859730472609
215.13406038354896
254.80059155841167
314.3463829062171
253.82043885939277
350.19643819715486
307.2856979363541
242.13204030360416
287.80364178812624
240.87888129425983
309.20620471058953
275.93517942326463
294.7225977563157
282.15466132096316
301.0365269943535
300.55361088463553
232.86218387806372
259.1427739239445
279.38507475946227
271.4145017104085
330.7899520071192
274.5049929969386
304.31697017285893
251.29007554795936
271.602207171362
306.24577032064775
248.80284684182988
241.85857970930135
361.92942050492985
285.95571653611887
319.4424093390175
241.4636594328275
243.75732362560427
347.7049014955547
218.45473269995986
319.3614464096056
336.50042426973914
283.08044465790925
346.80683530792584
249.33728212572308
79.10440600473859
105.32072521326023
76.9011248788184
90.22618127448375
176.23314372152876
115.29996181186483
12.624406370025753
70.55917987934039
117.80625187616666
151.8024664852956
48.38975354159252
62.86577649311106
75.40950639873711
137.2153302339725
72.23034117752047
72.38813999671589
88.00474049141995
10.215211347963887
71.91033447205058
37.96893273000274
149.37706630948298
134.93096291494277
104.85993685840094
109.93236419062725
64.81795970810418
78.01484497965575
172.71624336916145
104.83334637003303
55.66062644611955
176.24942329954789
174.7568325588486
139.87318801756044
65.66189400823211
79.33061327122765
149.34457556502085
146.63347371897177
51.15406646158601
150.4580741403482
42.12825690054758
91.10853070723152
31.488900406396475
130.89222250429447
176.91758192415068
163.93868516345918
31.158237869666394
31.809938865202632
168.01116233003737
50.8880591627698
166.6851160933095
18.21649219518963
91.84490317341725
73.58153378304486
31.238361221693133
110.72762909713113
78.44248820430177
116.71596651531809
127.89424100432879
87.75629397337661
47.63553802098983
87.47340469581816
123.19919925567035
22.811077461173213
32.1315791833979
19.27327978271859
35.74873309496837
113.18772559132506
175.27517397988228
99.08923416237661
13.650170366878086
138.3782049163225
25.028427489286145
93.5359009388195
153.362937027285
19.434523003531226
57.12296331327389
75.84566923154962
118.30625955160306
42.0953884991474
108.53196050040496
83.19038369436416
62.17401625695684
43.066814560515546
16.18612022352356
168.65862996423095
170.3449804055221
141.30762094771262
133.41617150650856
131.31088979238962
20.070828494656197
165.3054728292468
50.6157952542423
146.08408590217147
97.18929418359772
81.68508424994853
155.26707895055833
108.50439932099285
154.37929165472931
150.3449576672357
108.25560149169215
90.14385556192377
25.275430359183005
105.87175209639652
164.30433739787523
168.8418473758962
86.04942671564538
118.12059276671151
78.55056583585035
57.76901050384037
133.51892992830193
112.19681546272834
48.78119524774287
135.4802414883157
128.6860908012275
123.47448414092534
93.81320861133861
75.05407744023395
107.42128214446069
15.230873156600936
149.60317928755177
46.106069510424845
13.46758384053328
49.879132085831756
88.13010899499943
100.49629985521337
91.45384133162636
166.164277800948
68.0861628562447
51.34431634818954
37.65878591120577
85.50260399712275
107.91223516857463
81.43828086714115
28.086379175909187
92.07497028701938
137.19875061412657
128.98356369570965
137.14123754681833
42.48112281703003
37.898455237988706
160.61425747684706
143.6729938649077
121.06385687951709
77.49373858976257
140.07431169128924
88.45843611685171
81.07343235795067
79.40453477596444
42.54301824445354
119.2862533827994
99.94797644178774
154.82117803335916
121.5225190083029
95.89525989163174
73.01315654446077
59.59718960204618
81.00403462080631
120.34227094173765
87.98844696946456
160.6991631463469
122.41199888720391
21.58055496901291
142.49039128600475
150.91862096876437
89.67302026767973
96.53585758465839
27.764790049569726
122.92677967728719
74.08050155622078
115.21693499030715
74.5989961682793
38.81219161453115
126.05001975573373
113.58278097382743
49.75080316516509
50.50468868199855
149.82506630422387
42.30255363584308
47.08681184364162
61.09428793778294
47.043095869503674
128.7893825431718
73.79760925491496
82.95243280088113
76.30349412514525
96.97496503490133
154.30330452846107
175.33663000013593
74.1243492217398
140.19130655696537
102.37473212748624
161.4533982580109
175.2048156102366
37.1430863230088
142.2362750666082
101.33729654435547
30.319233072592716
35.117610067112345
141.9428763454374
112.77970320813345
81.81688093519266
70.2614317527433
44.93521721453044
122.85458335709822
73.12123982286735
100.92419312435666
141.55625302498598
133.9744236863696
42.35995355163561
62.84649702335362
70.0548720794796
91.15778551529641
55.92284868132547
158.34562229594343
166.2274927562442
145.07682726174312
55.372644437684144
135.441387086055
150.97875695029757
149.04535241409215
75.93794533246907
82.45547078025587
139.13528337708902
119.3702622451332
159.54904753813491
122.67801285136758
143.2430842347616
131.04704564478448
104.25243826136341
139.4140310440179
108.59731488632156
46.60787852980315
55.23743812144974
100.56874010091641
23.614869670538738
35.72057902090994
93.75308443879773
105.59495762351825
136.6718331064988
113.17827999612445
41.26891601590998
172.334629155816
67.9475896495228
66.52271020201573
61.0554525451579
165.41860683408134
114.39560261845051
101.36664265544415
173.523874831701
48.3151528519381
50.38393307596855
110.84401420797869
28.936650356852596
121.8415730935699
17.33106783551588
52.692335222964445
131.05191644290008
72.16714584301111
45.99265935219097
106.61606109463396
94.02898684736371
117.86385208425337
79.63527408380169
146.473513360232
84.18940787387199
123.33252615610752
70.45838919002622
120.25604740191025
125.54051890763748
13.16008512422954
85.83371854787528
155.03594701811292
155.42014718838638
87.7263570885127
80.79798865447759
133.9990182987847
88.33288788038408
66.61183725859601
115.83941150914409
66.22693226921551
158.71572427526078
110.3773801167104
115.87436644067057
70.24505010353954
81.5668083312974
117.28066505303309
24.416985214367145
102.61369197908923
155.0257818004623
147.64234516044573
109.43581188098719
146.62061367190222
28.13770518513458
102.19897972747663
80.56277829664012
40.57077492722643
125.71322021776791
111.5255186175783
155.69157906806151
145.41821283788659
62.258817850795594
122.82679197354317
49.87289334434237
128.2635663018061
107.61380028397365
84.23895114456491
51.99435330071928
127.55857148856839
167.3863473149574
17.901619686556273
119.21309529273526
86.7129464129588
150.51558980202975
142.57219861159678
31.496904707897812
174.92183907023102
82.88839568357398
87.60400599395548
93.50851869765407
124.96942999310888
62.95451590637657
122.54806032335469
64.25253974797533
80.50381844812223
71.12887510273538
64.8645958488525
70.04952807699686
69.00617704174036
105.1281173497381
84.04991723882686
146.0688433067665
176.77621915055778
20.00601420481921
112.13698781600678
76.19867267908745
19.486716441169563
92.2710570167454
92.7393402843427
86.8983542342756
114.02061328501273
94.19832775515903
138.4246862606062
111.82442955737989
120.20319459996763
75.96351352969248
24.605060453119293
148.05832120320906
45.872479779371204
11.005470992282469
129.68137855911675
12.71173734094586
147.08992373509233
146.93547421582443
122.8656314841304
22.936427565224733
119.62713846197504
88.44266925268929
51.78003750464045
159.92261947180677
35.745291509072594
149.60349630399736
102.26734613057447
25.227619296720064
16.626251090476586
122.15759945918069
90.26494936484083
170.5210637546831
77.87967246249816
61.680254294388476
63.62647951461744
71.47010834509666
158.23563748142269
108.92359692178036
79.96390246064226
177.38474181568563
22.80157929601097
305.2546462814517
347.5462692588971
200.97264660262053
255.55641834571705
184.91316385074634
294.71703834811984
277.05007815959715
267.1311111101223
276.2712292926492
303.3445671929645
328.0528083396701
295.128303165447
331.41796342636303
260.1810344950179
342.6739769479275
249.0924613372517
202.9349007824347
322.89091452233396
366.8568660493287
283.25614908731296
267.71138881623096
211.10762373784047
279.4330468902798
350.4786306120435
357.9790301956106
279.6751112262287
295.47570032851416
280.17226125174756
276.0580296117791
292.95930960076794
279.38446193501227
351.67903673981647
303.5815660102404
366.6787754884025
264.23562664970973
306.51773527811815
250.365921709872
340.61870224158986
306.9937949429521
289.2015577525101
309.76805403640896
228.34725310949688
316.4831494926716
366.06501194281736
204.98195891503602
319.17811759183917
322.4347889711718
270.15026649547514
191.69233403613478
316.5355880307359
284.5992737413833
192.58581274087197
211.25364568544197
244.1111817478468
259.43164553736113
328.1211453011705
279.3747032386387
284.68040128454663
245.9748697922626
267.1885924316105
278.8126480403954
355.1873130129734
293.07420380725165
279.1315028857715
312.0525737575369
327.4885053402981
348.2696512446856
366.8408956412442
299.1537203069306
343.22854205508645
184.88868184150493
362.1021999539272
367.987762104523
239.88635166434503
267.1387850379645
310.8074858304576
363.4467860511289
226.06175704520933
283.4940223097511
357.69048554707297
309.68904445329963
349.2622994126534
219.5388488672098
372.555359320086
372.1927551340067
255.48488255879903
291.76727683423206
354.26938683546155
193.8878382526177
293.5179135503131
367.1581418741734
259.18102778520563
219.36888226348543
320.45968160871536
251.391857665738
220.03686268732378
311.90902301790067
354.15191625237117
268.17028325872644
343.9849241825759
305.59850502107327
237.13120368706566
238.2779691939889
372.04490857842586
188.86503526343452
204.79240213697412
288.4577704234677
214.8259231641363
203.04175183855
280.66837238681416
217.67040891238418
339.7070970528712
209.58075358603168
357.7791898755172
356.7514362662498
201.7753735363318
181.88652435616922
228.42815568257072
252.0791288674951
179.97467692437752
346.96953843865447
313.2918812672045
312.99275602536045
190.48736011106712
259.90392261876417
282.35284299479105
262.58300948476074
209.6751238362635
300.04646198348286
297.8721561049104
223.82155377041073
308.7496231626339
329.8168065182357
223.2589240018195
195.7921016741684
235.34676671080376
259.6514834278965
258.4215491886006
351.91210655701155
279.1323349071132
309.64547176451214
266.6813532031756
353.5029016902244
245.02642625573682
190.9636499410254
207.24443904942115
239.47253124436705
358.16872430122453
241.4184126106508
269.804187752475
199.27160372268503
293.469629677973
273.4140740028056
188.7296833594022
245.95283282748025
189.49776343099558
214.54193059931663
275.2424697549949
178.3718147548625
229.77302194233027
260.0221219839588
232.37441141823422
293.0079838395747
356.02711184875085
322.51359303570257
317.7324117896983
321.88633277735335
227.71790398370712
264.2567287494484
225.87824275623043
353.2679308891839
229.5526432328934
283.7297153569696
254.06782281084932
362.0140724520682
248.59811783893866
199.74333759246915
243.52394475750626
208.4253648193141
365.52315293463687
245.87533829415065
283.07320505616633
310.28424121615006
183.03848743567394
231.9025221898444
228.8280842227658
236.46459807505593
