26.41068069224783
28.45280966630059
26.303856062627453
25.959013570344332
25.376016860697675
25.636774683687214
28.132588053494764
24.03398906477653
24.382842324966123
28.615113327211127
28.85640273391865
27.337824316242227
27.599926529317084
25.42490548635597
28.97996872796748
27.8761146207135
30.13238731678061
28.184515557420116
26.529442336209076
28.917567579907097
27.103285268215203
30.63628015467075
30.96748549128096
24.056287877096764
25.18544013656426
27.35730937084688
28.903827743087206
29.00018111704553
27.506174103775958
28.7198756568253
29.450694431447946
29.481207684863755
24.708087098302183
30.11331063034485
25.5825461811309
25.127432608880884
27.70658447246399
30.45857894568881
25.949403834474495
26.833775856980523
27.655892722294027
25.260497983140084
27.822372038285508
25.36533618551327
30.97601235304716
29.203741758837328
24.213381812996843
27.794198628363784
28.37231112972607
25.01167855513195
26.913162177344983
25.527009893728586
26.819835705144037
26.1629198518928
28.109731464573088
24.01766791880458
27.06414222676717
26.813906507801352
29.023242505025582
26.84571240539034
28.593590734306144
29.310843815226708
31.070657968333435
40.440985109012125
33.5844430472616
39.471576773348325
35.768792129209444
34.12623726182869
36.77438693507398
31.435279775356097
35.87414866966484
33.13712286800465
33.98496931396049
39.2723099151486
39.80741779487889
36.600040760486415
34.841354131900886
36.58156450447914
34.315053084898494
31.378484771541036
35.0857106575416
34.85027269764397
35.82464201593614
36.43302338571256
33.14828608591878
33.097796921225694
40.9967570219143
33.93300029122048
35.291327046647176
35.81448745216873
31.330688459813864
38.08017462688329
40.62143813613469
39.973587308240255
36.98613214111841
39.97490565845434
36.28310493279582
39.157517698770924
39.25357884491614
35.640456487517824
35.01757951559138
38.23492269699
38.81641403839662
40.58110801749402
36.154356105949496
37.49183679418807
35.53173463668092
36.238152025626796
37.63540605456102
35.733036613641545
37.17762306023673
37.32693813229931
34.01239964445753
34.366070911417424
35.23560454233141
34.36893363391907
37.03586600763621
38.2028968099231
36.6941391098799
35.139219758245815
34.772680108160486
39.2318025397024
37.2780834451573
39.16658446319053
42.16122667765003
45.568215248249416
47.31933318739452
46.720086094265916
49.05639356555869
47.92925667109835
50.158409342748776
44.83486318398121
50.373143312103956
49.92234646195367
43.45312355570728
43.76279456138713
43.704988660601735
44.059388814191315
47.11427699111448
44.10088176568729
43.02867817786771
48.303098058414704
48.99681546363571
42.03968092491345
45.21140751916272
42.84290800185099
46.82893928306187
47.15643241158331
44.63112468764864
48.53869434797027
44.586257115837014
49.661060173684994
48.01492005220765
44.58114267952186
49.194554682988134
50.42698363674651
42.412135330714825
41.56330002921977
46.64825784518463
49.05933431829804
47.582297230922435
47.330056834297814
48.88508008192146
47.31989556656629
42.58506969725523
43.01996126129461
49.23694752705036
46.80544029699622
41.976601867182474
48.75636874610182
45.55822241186633
47.00415190658752
44.46978259702061
48.8894212697519
44.21278168737055
47.69007267084749
41.649142277391874
41.55203297131612
49.1313126165012
45.72113080144939
41.772179213499825
43.03616001738028
41.545420584275746
50.54745530114561
42.35472783430371
48.43690010793488
