13.773661839612055
44.678302532711456
36.25138021462491
22.41807086193684
8.6054810049502
31.80133139370455
11.125881125619998
42.81041499268555
12.492249156388873
48.77679792384881
24.559376020994645
42.83041178170606
40.54925211103403
22.717728759183746
48.35276694422127
21.046387207198137
14.716795054348664
10.29602107356655
30.295277312067945
18.319096241165944
4.030325924921939
25.778349859667934
30.39766146605914
46.440892261607566
7.906207345081732
11.277127868060479
27.223221368922648
36.15204983198562
32.98556772510766
40.80848740715848
11.012542147369858
40.94193179303282
13.063107603839036
6.716231542321033
37.69693033178005
22.375472588697708
5.865795960187828
43.0983473632849
8.470544751928024
19.25587434504574
20.80366929598647
45.995661387383166
34.84257532412636
41.58207119631723
5.863297121820089
1.8961002714935375
39.85001327448013
5.186732984199498
12.858433577865906
8.478632491407211
35.95152297337067
17.978222057298545
28.892553056194863
24.93214697121382
36.29601310976559
5.89643308541449
20.230603887913297
10.82023736433807
19.369016750124075
42.80080084697896
25.54309958419675
7.470532518516588
64.8647228472972
84.31977861323388
74.53909371128134
89.00468552220364
52.070345333493464
71.05539322026898
98.18822712629881
66.48764102269676
88.03482072183438
67.6778022354538
81.7431335697033
61.94082737872345
76.9246835184188
88.3419628356412
81.65076572909966
59.233278335517525
89.36459930306304
69.11668326919228
62.15248189816419
81.57938272381038
89.1734999615401
87.68709058444696
93.14273527324447
91.1861988327293
78.4676374444743
56.445655968926076
70.81884622431052
76.70512959365861
77.10367525291049
64.0127107400001
67.98033664508272
79.33973583461879
73.08846440932422
96.07085786685391
82.09738896296594
84.34674709739622
90.66100687531227
72.56525828821913
76.3770693544893
97.32570188955691
52.75503435130972
94.11319869450477
63.37528437969604
96.58037626760367
50.57226319948353
67.95772729080726
76.53251854215604
76.33944885750938
67.53638648146159
63.2216430675907
90.21685098964213
83.06150524891325
86.0260210055294
77.10501564683243
98.6010354049211
80.56379194455624
69.31605287330403
72.77747650672862
86.4256496267898
63.090894028713
89.85239049097957
78.83545028406742
113.2368117030921
112.41110633369786
133.99613409176348
144.15019821937682
117.58009908326545
128.28032905750376
136.6980904126956
125.77669072860213
127.8155382265339
121.75776879929334
115.5113786595033
116.01338043921302
139.1814639341153
115.6263434920548
124.37464616540389
125.07217224619315
135.72230654831574
124.16992812942401
122.63756487294012
126.65421573978391
133.74130256497526
126.67050730888376
121.53886933484374
142.11467943023763
136.41259597298136
138.13649469414767
138.98139180498217
122.90540671268062
129.55832024932286
124.3320377006739
114.83706593607268
126.50565295044603
114.36875136823168
122.86314736146286
119.80571738186188
104.7528391447418
127.73132864549274
122.81540381576697
103.5734986775978
123.31095755737385
127.96302850029346
123.87154632599172
123.74951606152203
140.8852266635492
146.18546332541328
136.80015885960887
141.87028194540417
105.16457531853919
116.24481142535556
104.64920852562037
131.94650829682143
113.91541743483737
107.97460324917961
142.22942330159128
144.77798503374623
130.8816276446315
153.72595152348222
122.55986048090345
109.82836157082727
143.82028812470384
133.450667816425
145.19773726326315
