44.19050428183552
23.06436628574846
37.29250149042575
30.70592754983607
24.372379370652922
34.189172465211
43.729636082083616
17.93929261996838
14.521268791891877
37.992003716440294
9.843719319559693
25.062432212416066
46.858452774912635
16.610466748070305
37.39470796749786
13.03072846205966
31.77838329327172
11.31401952831558
24.122111679539454
25.423066144896218
38.49259599232876
46.37921592140273
1.2956512927370625
42.99255088141359
45.54814058010888
9.504253497250787
11.085179231068402
24.769142909823564
53.52118845827185
23.52480849405924
20.850958011010185
13.657308716780097
39.023179510382406
50.04726750535822
29.96774903662732
46.6313583841343
22.63275489687546
3.1577771025538155
12.930535686474624
36.52370488195239
14.790173838488785
8.493985144256985
33.660311705999945
26.868834093834764
50.56381682630524
49.12388480965688
37.171885658157855
42.74588601920958
21.083699127444135
2.342785802112626
5.944485997430402
4.365167291382274
31.545643059616296
34.10354300813679
31.300514438176677
6.078959076306589
31.312999715552234
11.74813039614287
22.711945156338736
30.29521698569469
40.1796246223022
17.535650338250925
110.94120491588966
121.90370697731422
73.6053571994293
81.42368651121554
68.75162335533396
116.59728515950007
99.06651168128707
98.3121991044015
125.48125078834457
58.942651929413856
102.14365462139139
104.84488234822295
76.78174216459887
123.55812314704875
84.2810470890179
87.60378084498922
77.4539649476192
88.45386606225657
118.48598801189645
103.07646467407851
101.79621902291463
90.6807940611225
80.40188019349561
99.11486814453396
91.91501653851682
76.9249413884592
74.14785739637261
93.24172245448813
131.12754445360025
102.8605875826209
122.09396904943142
86.27955585232901
76.61760320757875
67.328097516258
102.43985045605491
97.98055481079423
122.64379743497251
57.34021389499698
60.51916161562153
118.26181297398624
70.12007038536171
121.64577835814954
56.92183479184947
101.8093153225654
68.03091414267553
113.95174279303744
131.33040874251427
131.05180836214421
63.5881103750843
107.72833528241176
65.33110191832267
103.15888335934615
120.37205894087678
109.21998997862734
71.53245789384574
86.15290525916794
86.4951331201964
59.40056447821089
109.14534802378456
71.21261482078319
77.97742891606165
66.36929666762585
188.7798701510962
141.9098055798358
148.79986635745914
158.73429565987323
177.9056461439859
204.79089676830407
226.74870576032188
205.91950097333597
178.10674401334683
196.88493039520054
210.01204479530134
168.85926087349011
204.01691361577576
180.6296613380256
152.44053607081275
146.2079334147423
185.20687814517004
184.17928574397018
183.8018792129766
163.54429258806337
138.35116700897152
170.24337376818573
209.13187361311145
215.78427209171264
141.10273689758162
193.51669682205795
214.0984841122754
180.07857998431246
165.22498580866892
208.66659671745535
214.9074739303553
207.5788013715204
163.77192570710721
215.07927587886815
152.3462000227419
148.0803975712615
205.37189226113787
172.8262873114254
136.58817473693892
172.84701339752326
211.36955593754422
200.42582887701934
202.62613735751773
222.85156425876292
218.8380626260599
140.3614254513395
171.22002313114746
181.2440009487602
201.700599738991
157.67344123578596
152.34877309526053
177.88258100110826
229.88794916415694
215.61360288583117
196.30517807055148
162.7307885783633
187.96402779035256
207.6594297947234
175.18609359770684
210.0803277313062
167.91223439920228
195.3008470232682
28.517213028401624
24.085488908939727
14.861305955309762
16.499389757606362
26.329943682521307
21.3522273962995
33.27154059654545
14.167663286467771
17.666101929110447
14.786212119684098
23.019682492778713
34.07246327054424
29.45207232225549
30.159878435181078
21.56155622102842
15.489137015908938
30.974583910298932
35.60259368863666
29.02835250048573
25.314825250519096
26.002525878520505
18.64554165693413
26.164728548792112
19.938917992395556
20.071513475393395
28.649896607544292
32.15587178759178
14.944374809434153
29.99369155038565
20.514880976114206
36.986911236751
15.64669414754341
27.861224396702035
29.719978313639945
30.859207032196355
60.247521541925245
77.82914909243503
58.081050002736994
103.37654864643699
80.39134100295888
66.4803402547353
52.70946911772296
59.637560635894786
63.22317952006838
100.63472506177136
59.93179416241585
48.68539000115851
86.37867554303523
54.163843241184466
44.1216950093603
67.96668886299466
54.0351360522975
43.51981755171575
75.6353555777099
61.52124673841144
86.22079614005283
113.64840489587128
43.01740640610796
103.58835377661808
109.55662194714857
78.86697634544839
73.76240668335292
89.40902941110805
50.072784130252586
86.08536536436088
44.2398190950655
87.27389645849549
43.27029188527226
98.61042901948653
58.48327224751242
144.24808459026588
217.59278553138293
146.1881511544693
151.858823989359
164.06525787612117
137.54800385072627
210.1235285379369
217.9903500560077
173.18950493719146
184.85395023217973
183.19249502530147
179.3844756339483
177.29389790879944
181.2900183016381
198.8243070979509
189.4633840111185
192.44611159638558
175.3657252232328
164.1897606847801
169.22242959803572
150.66169493658788
188.25398463136554
150.38377444289068
153.66150437717317
147.75530993248557
150.11908643226087
217.83160370353016
187.41393849519199
228.75059462796227
203.57563394777594
140.15163141082346
180.9586928911386
183.36626602880781
172.30250982931952
211.5909837645689
171.42624644798715
178.9100350341557
181.71636858641824
178.65348011981442
191.33688093117385
145.32927310229928
199.16636601472408
204.67107877326657
196.30290011818175
160.74100013113778
115.14307040899774
192.63572896364855
121.86831501011444
206.8861875363379
183.30914289588603
142.4923031479409
222.66508100504018
222.6105170218001
204.39748711202253
219.7509928304022
130.17436884913198
205.45294339911806
192.51562838817102
133.59221135087145
186.5170170437147
132.02717362504376
209.9318280026103
166.1428983587696
231.90516661815283
143.37283009548605
189.61945894229484
231.8359446124525
158.78911086219148
203.3625249281916
194.75520430821098
139.9500575834336
169.46197038121366
229.74057019833745
157.89110979480904
158.96408090128588
200.50141885447033
226.67771136074643
136.0838839163733
198.5622394086678
193.18752967477454
227.4604740083868
170.72005836546555
177.21330693393963
231.63843397614107
178.65444727930065
207.13059656867435
170.67951065983812
184.60364017458366
194.31709181166073
222.26650989111556
192.6433582793941
177.57612382163288
215.25307571000116
154.9325298329997
115.50471399448146
222.61960201366804
131.04103449630193
131.97050570231755
185.55000891425146
187.97504580008464
127.48142129281695
205.07015131287017
115.31928396965606
116.62697560716502
129.9403833662114
181.1808439509573
205.14674330363783
179.5101303774103
218.00256503779775
202.21964879433006
166.6622446461367
151.00679779195107
171.3616798803796
183.02955129451024
217.19145973807974
196.27483505545135
176.26215613064707
176.34124841969702
158.4202296177672
141.33205400988373
178.687831384026
186.15806184512607
154.56312939096665
122.31936251341861
152.73329203449407
158.94095316267644
148.24465380834522
230.04758770676787
231.08438661139144
226.99563359494172
168.23728875301333
219.32544945322812
118.64358770470238
179.3840409751183
195.34830076413948
175.89528059881505
227.27358895788942
224.77323823621344
136.76484012524827
133.11559736546403
189.43087447917992
188.7029963894243
198.25810234323626
211.6278268679569
217.12168941053022
144.48384162428422
214.8220213714329
172.18657945823554
129.7919757630649
191.42563434389146
213.58155684834276
129.3225713863863
149.92458443504523
169.00633186940576
168.2498218161534
214.05879066518798
149.32190399640453
212.5406888299601
181.715676995515
225.3051776563418
194.80846067551374
144.13767663495844
229.2327377545646
170.98331138439096
224.8604700770987
159.82223520392387
218.9409929036682
132.18640450215995
164.23320584338865
182.51761485896637
221.87782872830195
207.9432654270612
170.1338019267925
145.32064239364786
151.60401468008988
135.9743391518598
202.73810681674377
118.11234988219402
184.45587532587754
229.55814659496536
202.00160994712883
183.40442860082626
179.26163891617898
200.11347429079854
179.42966296217784
141.50808054746955
207.401528354204
168.11245663700288
207.2680879888716
120.51033617231163
204.46722361959382
191.88406084891685
177.86102614144573
168.92503474147674
197.0537285786696
208.8865854745081
155.21207123793891
149.59358554727385
208.91354503238745
179.9974367388677
178.12740880788175
206.88738853051044
128.96398758639393
214.24753109272208
205.28900465317182
173.33292371813994
166.63005038701021
171.16654709790944
203.9286120847593
197.74716161832833
206.12076573347989
190.75447458009657
164.97143538143163
201.65519093894355
159.11014259320407
230.607041268721
180.97158459446857
169.96406312034557
180.6111809331783
165.54633744719735
194.37014419427493
115.91774096215855
203.9668487293295
117.88817303973495
212.17776196577077
214.68416684264105
172.6449692202046
173.66315763803783
121.98576112890765
203.50473289454052
169.70830804582957
163.84362154608914
173.28859293116616
177.46623114055984
120.32370465045774
218.21944061169046
213.3105846060058
115.66624507687303
215.09000101287793
133.6061884763779
212.86578756110427
169.22807412754992
120.19668365512933
184.53774004625183
221.8183253001867
221.21152980360176
171.27788852791622
141.38616964191115
125.3812080753346
124.4371016255672
184.6597472881083
168.97037385634084
157.58608412588373
134.04982976850656
149.6417865864475
201.64234544429974
202.726005352405
199.1970696031936
218.221267181573
199.46456616921762
147.12804181790585
171.29412191424106
221.0901662432564
158.1579509165617
158.46301848639774
171.19700596547676
180.01870891077166
151.24802936265738
147.45020098251524
134.65237824595943
207.10788052304358
199.84677274956692
124.42232953984688
194.1106976321453
178.6617373565883
222.08467195441892
186.91157607481807
143.60534443062537
227.5526382232368
123.28136224725796
179.00391403715642
178.67517912582886
226.97268332586037
221.21802695486423
123.12755339990267
185.70972534855267
128.90492141177936
158.84392548657766
190.95617352616821
228.06042366703508
133.7670923511983
154.79323845189083
137.75224109341693
225.44989906299384
183.4649869550805
220.27860381671422
148.8543848757704
220.15541864218446
123.72140517375742
129.23751461902302
157.8575982738123
124.82064708447813
139.50994975328314
220.78421892362417
143.84204739315925
135.43781404906113
162.70094937263147
230.59094137857
117.4927723174053
144.27084954992696
193.3166368099165
152.38224417594753
228.29907591513455
172.88788102461467
126.10549834383916
206.24470981225036
206.41958871227797
224.89443252787945
148.5680589355223
123.5232940858107
171.34547945325153
146.76928634790923
174.32697488517022
182.67785384905073
205.00397442381063
134.19787057196385
193.2727592238888
214.36374391145412
168.4170153419898
201.16939084894904
181.72767483748407
200.81268079636303
115.88732156717037
153.0127403964324
203.45482899806666
163.22616636174467
209.96446660077547
190.30224576742432
198.7078438271164
179.4375845020621
217.59148400884612
210.10912415066463
129.25469934316018
205.3075155409805
177.75429399392894
215.4341159628153
200.91388673118814
206.51219558258063
145.23023537888938
161.77345886496113
179.6855159150118
231.44920805847443
169.0574632482962
171.52681925021668
154.77394151667949
200.44516630434796
205.30691507998185
175.4449611139406
217.74732059531217
206.70822537344512
230.3506003499271
187.21263368742925
124.64953817883065
220.23730636737926
198.39339405568626
131.95533606554582
183.7821126657404
191.63962937814574
182.94680286207125
202.38490230967116
134.13242933570166
205.05796881724024
217.69162195827343
190.32493020276345
130.70390059366775
116.72478453909127
134.9894366083949
220.5384714998422
207.7955738512021
125.85375343960692
193.71564128667217
200.7805683984526
186.2173698808747
154.31073294465384
123.73373046066715
153.49070323983483
125.09199031812531
171.13030155301198
147.6116994135241
183.83940007593645
172.85278074548222
205.1620865423023
225.015663545243
220.3850167942948
217.89800809379025
176.31925706514141
197.975687652741
208.58656288960813
209.358218798022
206.13359072026583
136.51147069217353
162.89918389333116
171.51283838782552
211.17200881833264
161.79930248179906
151.98615696493815
231.6280268941959
150.06493794591472
185.3454688323942
194.69179171342958
146.68843301755643
150.23357000565878
134.45211919693548
202.16621860154717
160.02359576267074
117.57955940765699
221.21623353530435
153.6994700463332
166.90870750536004
231.3346123026015
191.23364322648294
206.90945783746966
172.72884189651577
195.39794261414076
156.58193037623454
219.89472995590634
158.9899401846284
203.1383973049485
