27.64054831488051
26.66903572518929
30.33744813767781
27.365316885976377
27.650243935532927
26.83349916058548
30.718711742363595
29.853556663608106
28.077084216082444
24.1898188904304
27.722960726771568
29.15619818975672
28.591002278684286
27.95302161484979
26.046322688533575
27.872105632731028
27.27737601803006
30.98323447367514
28.74649228147941
28.287452131044553
29.275380486413898
29.37090025504542
24.16998980950932
25.466566225512004
29.01682462498915
26.54748178513726
28.37483538994355
30.65143192156768
26.859138958163502
28.625600653840984
26.626438418226538
29.135911640902066
30.702013595356657
28.59003009721771
24.27979903858226
29.676804699718783
25.12991292812681
26.126987248013545
26.249952003252297
24.733124145112782
27.97560328461097
29.890455999298158
24.856022801762375
27.68844759706493
28.5386469074256
27.1976964280902
25.26534641009784
25.573140634671905
27.033955987274084
29.341078347744517
29.620006793180416
30.317327240005067
26.340826725138953
29.263013530437625
29.303690025564137
25.1325171293138
26.510389455632012
30.433627664302122
28.65099914716406
27.687787769331422
29.276359533145712
29.74169068379937
33.264684402594796
40.57134317584314
35.964338406020865
36.81988794553962
37.370183437211345
32.32782062501548
37.31442639269051
38.74364944317902
36.09720742558664
32.85607233929421
31.629787226315944
35.99613620778328
36.50689740305336
32.43028641321869
39.95109381612071
34.54230056602668
31.83547762540297
32.80191237141483
36.12915484857438
34.106413582099236
35.00577250564839
34.05499173405861
37.21408429817266
31.43075228096545
33.671004025754996
36.19986666025491
31.77966154077736
34.21749951086856
37.59999196600951
32.09461422929662
40.83942630541692
31.31522255604504
37.242279775722345
40.25041658186888
36.09785306818203
40.64743468848165
38.84944978426927
36.17875277072025
34.185713782124914
34.27791177333099
35.491905741073765
34.5012773305582
32.7459844158394
32.4141779319849
37.906840114502195
36.47528945758116
37.83000317664942
34.82859270291727
35.18044797562637
35.26476335841133
36.480351730389195
35.53709081580351
36.44442620924396
40.97989208017323
34.7143323717214
38.179043128241894
37.38662991953863
32.91942997054603
33.68016455910312
36.75053646074213
31.547255043608548
40.25834664481238
48.170593730964036
51.07189487684273
46.036657240379
44.90261998440885
49.32004718516116
51.584357059864196
48.63767030842794
49.74089223735176
46.619887395155615
43.53455026571232
51.43133327284255
43.26353915665909
47.74757240478182
49.93186590040333
50.00449517057183
48.68755178298969
49.28414778481226
45.8538680212101
44.684642534690035
45.62988751086383
41.07621831400127
48.0412273878857
46.86246176245443
44.172831724775136
47.72601332669337
41.62712787225862
41.33265334799799
45.32865172549844
46.465121311708884
42.55954377867644
49.66424202384917
44.78650914466378
50.251762118535495
50.78003062371826
51.82432639742943
44.19707013545199
44.63905612386604
44.539778674414094
41.71971172196985
44.977826977761495
46.196587699604535
44.99652982994992
50.62356397176221
46.32885070747605
43.78545254365012
43.5483087486363
43.68504681365483
51.754618958953785
47.51951012236924
48.1102022155385
47.65237329904047
41.09676003796575
45.43383913797182
41.2485602773537
42.78775329266203
46.96886587480766
51.93449698824726
48.79188773246434
50.21682367296605
51.77626242812928
45.504809508308924
47.09265563183525
