32.688700667682454
51.227244054252644
28.281273557140388
42.53880473771319
20.046365958185916
4.800116167445108
9.886962204683915
27.47739149665558
42.70786267295708
7.464523129338467
46.445699473317504
15.624198395003718
30.061983945400787
44.792499338953235
19.54323552425884
3.3553723675623175
5.186906015181922
6.012138397390384
28.552799084084235
15.630748040100837
31.212995779517506
30.989415968553953
33.553487372365346
36.699616523426556
15.550904415339499
15.153715449362418
33.99685883093364
18.371760707589807
48.932950268330444
9.459579610350644
12.92879772786407
34.244360899957435
8.732642033398392
30.318765473137006
22.150514565549663
7.586157193517227
9.218506470354644
21.107482610522712
13.56119097717197
17.07403551249046
26.34864982714337
52.32152808448693
34.6024777486979
45.32892683000756
26.91896569425569
9.614466542296178
16.09785186160651
45.3230050948508
47.4734223640492
39.59330850204917
17.7731147757461
11.660462437195498
6.736699430999995
23.661896279681336
1.0796039386976695
25.294805791099822
53.27134376983426
36.35922931152988
53.30984862776116
32.80236270388409
9.488045219709633
21.025372676714237
59.01412791834575
75.11645757991353
130.18282532303968
87.95601316483751
113.45709700400567
72.33403799569777
108.85453602170989
108.8696527961277
115.63068455180849
102.27304425612128
121.03730052456352
85.08974292866237
118.66167320264262
60.350260722102384
98.57575639261586
73.60220595272983
108.96808461451634
86.54263160783118
112.93660117007695
106.2247395509588
87.44296449272156
81.52190286630635
58.52057278377849
104.78579350965131
114.59265378883644
85.59436073789853
75.39206804133194
92.36345724315609
125.70632135812193
114.23045873714346
79.95208101268123
74.02766372316216
105.16843179966449
130.37880079992985
78.21607966542987
121.22242915358731
109.37173304853428
108.30075524150946
74.22365745675849
116.48098038014373
122.93031215536962
70.27513301093478
100.30923717683271
98.38676923190958
91.35060659836084
63.7466702516448
122.08257786199843
114.16288311896528
72.68917706512951
118.30367882922943
78.04556246348959
81.3487052062299
122.01653840726273
64.44925983489073
61.570266377572814
69.42339674821262
122.82272033401793
92.39169349028165
128.8200944934323
92.25474596095593
99.15608083240599
81.12683413673584
158.51480078224338
136.37674013230094
159.55731001437732
228.49203353575868
198.25279141909937
133.80789024516582
137.59227912018628
164.9389512257392
217.73204400960904
137.6287853340795
184.42494755699875
167.69823725961234
205.33227126026188
179.3037841051946
202.08397732140682
150.9410972797915
159.88055476344522
148.88723493952205
179.54228448917186
149.62296999095668
218.80312676098018
216.4021658441141
165.97535571037628
138.8390114760722
220.90202259376963
174.13207264645
154.81379308548824
170.18884189336904
221.43215947735746
222.0735493165781
168.852200777199
208.48108627872972
201.93675830951778
212.7400365187454
152.68369762331258
228.01726586637454
147.22119075199004
203.66125022618675
169.77995728526943
149.2043464385895
157.41964776840737
155.41678002275984
219.16897693624637
136.159800793501
221.69726657913696
197.6806574111804
182.92365811922443
178.0509285884613
188.89310292948045
181.27044367657354
166.75191916760497
156.77369290111605
196.4037698084173
157.17897228333587
228.0431951097833
140.7220516452363
153.77668983465082
155.55318696634117
133.0130707800515
182.51757480985762
176.25294589922117
219.36382962416144
32.07441041853953
24.438583639976304
21.760657755574595
33.57173128487436
29.41592098120317
14.756893392391575
21.04131546224579
24.31581508741033
20.051367192253963
35.69040150965071
18.16425683850342
21.931901010485927
30.756421906031463
26.90845304099131
15.295011468470605
23.59454611909921
26.11813339111613
33.15157410787531
21.985466904242013
24.265556812428684
31.122259485718775
16.947217030188135
28.705679586609293
24.909667083142534
24.18854009123618
27.275047553973103
30.393577779940404
24.59966858792918
23.07448185906987
20.401545762749887
23.2273008457323
30.570610119613484
14.120243049301386
14.017818019385393
24.015748440114532
34.893765915102634
30.459914021259536
13.159803208584583
25.329058873960584
29.5424537175614
35.890735950027015
33.488821466757216
17.107089904759427
27.352780718012422
22.6243640043804
21.49086942403955
23.313562477771992
24.5823317856297
27.950712846184697
22.939490150492556
29.205457214041594
21.096185412601713
24.45854284445636
33.91842243947609
27.517049781749783
22.55638202159451
23.477398158311072
26.197514750613948
25.36477837201663
24.604949280332526
30.16622449246602
32.87650801367916
28.611109844333697
36.560163251440976
14.305363133334318
33.071566899508376
33.23627287137696
35.94947030126576
83.10114681177596
87.7341420461429
69.01132540343133
56.695007627330405
62.01282400354913
56.93352764809651
41.99995734130696
78.71767326220053
66.95012241307288
110.42837463952681
68.43964341986269
62.104515938681665
74.20692413060685
69.75265646339983
66.98167635722824
101.055875231638
42.00833051905337
43.99311628441315
37.957415180806926
84.88609700860815
37.83430841783935
70.20999948742953
65.18153547597412
54.128272701797556
80.97796714250424
75.77582637455367
89.92998831629887
74.55969969734456
77.84954918627402
76.912343762138
88.45887718009055
58.73038434151971
52.85508595280166
114.36472012950799
43.398899831271066
94.66995706995634
49.1767259399312
52.20124181372011
55.75339159777141
64.31709594242913
103.41788788840135
69.01271330608013
104.7671705727069
103.69107917750826
90.63947339720728
89.37847214932106
51.77102583908889
50.84685206541735
100.42771742253875
109.31896751129295
95.80059491181402
68.37559913500812
78.84901446376647
37.80233589647454
102.85452987823581
81.6369958517246
96.88212298948105
49.982740212039
63.474751729872956
90.5253618526526
77.28024363755556
55.827493167243794
91.47404312343318
98.57256646387826
102.36293682903613
41.546657683369034
68.2960673541074
55.101507789277406
143.07002507758824
136.21752112495662
128.05795531814528
203.9578144819997
144.50368589687244
164.24794894655963
231.98320558576762
157.622366568333
176.60808535262353
120.60274423552255
170.67790656593024
187.67705693348645
136.8755234688486
188.99034501556963
148.75653550246037
131.5978933459224
166.36953588335638
128.13829755293963
202.9093174681071
207.31617660457022
171.41685125828127
175.96442274670193
136.8941612481811
154.99609030204678
116.91731658731484
157.09942342998121
176.42796524814136
176.56699227921513
128.9055048605424
143.45927164640588
146.521725386238
172.89615846086642
181.67764817937257
151.73337980250963
208.28850198844154
166.52258705569486
225.69550917287847
181.84272406534467
168.0793153863864
220.25412508127926
179.22345894892754
121.08173367721687
139.0777004393148
193.8807698426412
144.05445757078152
170.70476303380957
174.02072228013006
155.78171840684405
143.41913547083632
229.0120186246421
179.30736461425678
135.63091874926943
169.9048542231402
118.85846915978641
171.24436260057112
228.2781162937097
201.82764006004118
181.38524807425256
210.17609266374518
200.53088604497458
204.12298779539603
154.28307254092036
230.27198389756987
152.96466903643048
223.00575718737963
138.48024460869686
150.06004848407233
224.29835228166962
197.09240489899747
212.7382672557747
203.4610747492183
219.56730178325483
177.17081027501987
144.51160337878937
217.75043160686283
218.18294130245735
169.34687585866232
171.96616339032542
128.9113392463032
226.86878297119398
159.70923417511267
124.81322298765107
172.14284769857494
121.39620877925339
142.67413038928763
206.61159609999922
189.85071350548571
156.79537543841363
166.38696838237752
131.9333627750445
189.16018555404193
153.40924935962113
197.04709735389736
191.1881798298311
136.43160472115235
207.98231222595814
167.36718124726193
189.41291110963925
228.61108930520444
202.14521155289262
189.85017511910888
162.6135043889074
227.1178904668784
144.2827786331737
135.02738682359575
164.60336496582627
174.04197677203638
125.14109116174683
226.77539549866486
228.83656279668617
129.63146994412696
152.68251057490215
139.8450512983221
189.08353214482545
157.34761563122302
142.2256057198809
222.2158372076483
196.21230602442787
149.25537550573029
196.44331310779012
156.56943713264957
187.8789322110102
220.44021812083656
193.78628898433462
180.42242386599136
169.8022634212236
220.2576500274814
176.96738219728059
190.7080156747991
213.03931907554517
228.3121541454078
176.05381776302772
205.79041809731024
222.96396949909408
209.24977451173174
124.6099727039191
191.70895594819197
204.90080305522133
130.21632989578248
218.36435121128534
148.63077346327864
178.23490198987702
150.07202882269908
197.3818858882272
142.57587639755698
146.31910838350035
163.4923577742668
138.415325041897
223.35955159016973
128.77694486173183
202.48349624144566
170.29440315363377
141.17810233504304
201.59686550949908
161.55718408393827
186.18172733891646
179.90105024579293
200.8126599878221
163.40177902734314
184.52998484026966
127.46456169925807
139.25927153011162
177.30177213729112
174.21219422031513
169.63298272189948
118.7369136996172
197.73305587923028
137.96673329376654
186.4154142890643
142.521584856469
155.59264910202177
163.21062513439327
168.4539880000165
193.64267613887623
211.60668725503496
175.5296698526662
138.83781238637113
223.08165117875944
198.4442057953295
197.89894550703502
228.84029665165895
184.86000265524913
139.4953413991202
133.21998290166516
137.43562683679716
174.56417026794765
200.35701057023203
161.17415334153515
159.8131092430517
169.06419749315504
134.7994925688111
160.1612432095278
160.33772046686656
170.4511015285825
183.81925531334886
193.59429218194194
157.4864238931554
158.90302655235843
183.69292487732494
184.49923109136665
229.12742677995618
213.66698319692551
150.50588865622265
183.66997160454406
230.2977528715129
212.31409541794756
122.78013114839734
217.90628150785955
117.59524214562401
125.68168554318933
202.63509989071025
138.92031297879393
144.4390618827098
134.0758983914572
160.2263768859989
140.43840765849896
209.2289996038187
131.1928849821204
162.14384687820552
189.82485208792306
174.3036515092483
137.91091661627235
194.39068327434853
156.47291737551672
140.60421354029117
179.27369046350108
201.42070731991782
135.26960011960406
231.8147423386047
188.14839394000364
153.540556469706
135.2616973128762
208.26055860886365
145.58040544692003
150.1022311052922
174.72491191536722
144.75063389878628
224.71833719447625
160.79035700818235
185.92088867056938
131.59333553628971
195.81677506354146
164.29169005572987
165.86995607425507
192.82705268961428
133.6407993485755
214.94274838147587
185.63493757480774
213.74566096903283
141.42910496304276
207.95009186455832
208.29891350723028
218.69454568311616
230.43057103945145
176.9955667366129
129.2356164327857
192.66805252994553
199.85246840476302
210.22017183011587
121.53360423092192
188.36643081022385
171.4033111982309
175.0959674927492
197.44973444101544
219.8902388650833
200.4145983748521
159.89752418627108
228.1694537791736
202.37535003339138
116.49305320686616
226.83287692837632
137.30733741729344
184.77220466670963
178.13987036981302
156.5667827687087
130.93460875777893
145.2201678149336
136.47566486209686
140.3156393080813
215.23624487844214
141.2412127093317
164.2276237446301
215.3990547004443
203.85930082099082
143.96852040512164
175.80894400069224
139.91782056861388
207.261789437748
194.68585621909688
163.84264443195025
181.99864987092272
129.2658014822001
168.03963963412522
166.9102526231392
154.56742917162182
196.20053241463202
143.56153342934
168.1251943517421
147.629738586081
201.30860356902184
231.17750769617342
189.22973371364424
228.18968334060077
222.23246045141303
212.16223020635513
192.49392066161417
122.1953624883831
165.02010438486164
204.7477938246098
149.99717115524896
141.16779722717516
176.24474006458308
149.27263412830723
193.48291930171987
201.47439847750576
148.3538696462056
192.42397982302043
164.0619542827542
128.76118394791013
196.75760003424057
189.37959806797096
190.69647386999458
200.48087679990567
188.32312404013462
176.2324133264258
193.3491355052649
149.45536227318885
196.6813083380621
115.30206110393323
164.26857816739832
201.7730920487513
202.53384820034327
164.1113778660763
185.74901154083793
161.76328669407368
115.62626484882445
185.58572916654603
155.1445867143245
204.93881312522876
158.04547950604268
