8.636639848383256
12.448324648473186
2.559318151587412
12.969714788919859
9.95976994135675
13.363579982652094
7.4836560678770665
7.606195733177744
15.3895950960769
11.914483285105366
13.137173473158896
5.579524279601183
4.2979974234528555
12.732960997541767
5.338520048179585
10.311525103508028
7.791358624890668
8.48042351866727
0.4933619778492577
13.013860495348615
13.688718251940044
15.921559260879249
14.90867037431309
7.367320571742058
6.716663772010056
8.887954007782628
5.158478802510709
9.343541953852426
3.0393405752862064
12.373867486175314
11.236261585726744
9.257241313357126
12.670021428031443
4.480740175065364
5.536333064245607
3.760700495714908
13.155327068744532
13.151850771769904
14.103097740313263
3.656064254857517
1.0746797378502126
8.496510578529978
9.622612005672126
15.85287684729139
8.347011617068041
9.620346469331848
3.3509002871679963
13.318910182196872
1.0297231787709382
14.904828938137623
7.113137235218349
8.800058583863436
4.232610867622391
5.443504819414377
20.45708328223045
25.35699282136651
18.39820301277766
29.85253106024789
34.32090625482257
29.117450010928444
28.649003165540922
26.144628570811737
37.40563134202512
33.41349020660508
19.16132218329541
25.118884797917282
35.328647140672146
55.52829297011177
62.975330272713535
53.303109845796605
41.37452760926129
59.00726919777861
40.39340889044793
68.07325290521172
47.56788889864691
71.77281664000402
58.15512894672059
56.771170209240424
59.05044753331188
52.88008897686697
