3.220349446651703
5.478767188407047
3.8448138733315513
12.41116495667509
3.255260564493561
7.305672290578131
9.473586859198884
3.4419584053241623
9.030324575441712
8.852203159577181
31.917229321916672
28.36273257918825
32.96099330223068
35.95518263546481
39.05602268152804
22.75969752868185
42.80151279704357
1.3576911959688016
5.85382828251724
3.7673715948695126
9.033243061159068
0.7739344373664627
2.917059584282801
7.352127964883161
9.58409160217614
5.050996791266489
8.56181111121562
9.769562548594505
5.41159688163291
9.406195581772753
3.5649162066437077
6.780125153681263
4.373867956071793
1.4916500145982479
1.7529709967355815
1.6003580597447287
4.0673847788931745
6.45448200465092
6.848163031980521
4.300587932856315
2.515698422548638
12.792084894947944
17.985799928440525
21.11449552060977
14.852165922143676
29.803848137928036
34.70057118548313
26.978473392179335
35.71739351059138
27.630585972729467
22.78955204204011
34.352840226648844
24.7399161575892
14.46912669674818
33.19526547363952
