24.61250754045867
51.13958673808377
44.063192024897255
14.647245854602609
50.195628220131816
11.300543057948776
39.58820774204369
40.473009520144316
63.99542801892254
76.63000555177445
26.915691002513327
35.66224547137627
35.373900334815346
40.106996700415884
8.665974071716533
53.89827804323739
60.66509547811052
9.593201269446599
37.68369714059302
53.72292715944085
49.938172675467804
13.896906443640596
77.9182121705448
55.6794564107883
64.13637258411535
8.858442780416187
42.493626084590204
27.31100497726589
3.4707862235845255
36.14523053540802
53.439768708208604
14.109372011486734
1.1431565776198198
38.03730095637501
24.330928728588788
14.650129429168484
44.60064139595514
32.85897222039176
52.88677734197864
54.29797619668646
44.78198396280864
2.6339905348651342
45.95491849883403
74.42281546592295
28.428491327208683
35.367008736594336
10.213668880319243
47.953705717651886
49.65842623906231
34.40826626340563
6.1022568040392
62.515944930538495
71.5764895714327
9.930586766459534
69.75907911157714
4.719689725692696
52.85209661737553
23.890365797336912
72.55636828931762
25.136522953837
30.827705643214983
27.82846747599173
160.3283173177406
176.2003323756561
100.89780277519881
172.8549624002573
114.02690714447624
208.10019008379504
112.28548212810801
169.92602670543937
167.17452875354172
154.01662615759744
102.64178206722661
81.37875872963852
158.3030411724905
81.87966261779087
201.78269277999127
85.39829234460538
141.41537880901154
174.9361775184174
113.61015590202072
119.81024705208911
175.51928820113972
86.83038198871574
165.10833008281392
96.96974093480334
165.85360568969443
123.62063157786984
111.19051053933913
118.10395344274141
204.49241561825468
207.54220567924378
124.04954688406082
136.08659347294616
186.7148016297682
166.2104536574221
142.97543457011102
127.53556468203774
155.93392166930363
181.23382883415553
134.4964214931732
133.0635918013144
146.69596790880215
133.36724121113895
103.17711575928334
119.07145678336262
89.01302357268533
79.260973625423
209.4535357707091
181.6136997185323
173.23017545488779
165.4341583125548
146.26291004849142
133.6826155216803
146.82392095857003
158.81951321694254
104.92805467786394
124.43803890675692
146.8879289805781
99.45928391080852
149.29799087413005
182.47003680649163
116.27765130138266
170.9679992711759
260.24700382455023
237.4481397862724
244.7347251410509
254.985997343934
298.86802554759635
266.11349376636963
297.9901089034211
231.66428179964535
348.003328748929
348.001341967447
336.63096231673217
271.08164412548155
239.39260847641614
319.75475180089853
323.6815446165189
297.1064160061916
347.17312966965335
247.65975029051708
231.2699522728277
324.94390052933954
349.78498276054864
277.33234116671747
362.4239645748917
304.62206983253185
276.2571053526957
339.8556272485493
216.92524752565174
276.75536683913003
325.51703528341193
351.49879449325107
352.72366892853603
307.232007150501
254.85312345355322
280.02383509425147
243.0193432221019
339.3509455592307
297.5394170596013
225.92100434364718
333.8134623656317
270.82912435748625
310.8428047737642
224.17449796151584
231.56479215995628
304.7871908219293
234.01849080509865
344.9768748776302
327.68644722268283
274.2524971077218
300.41391951192395
304.6672304444391
323.2126939377932
338.11970613923324
295.4835448506906
253.42905043919757
302.91704596447306
243.6381193369466
315.15639292130527
243.02349818170467
321.7396351707339
251.59101083936648
254.1568963293314
308.54283551610075
169.45677051132537
153.03563662666258
151.7520918695633
109.79988002464309
21.248186287256416
16.53042921678302
59.313999932569516
129.59349515570506
39.906454900570935
83.06227783891008
129.8643662571632
92.62643229272932
126.8111993896893
56.054936336571636
53.35043972420982
106.20279767599408
15.283681941772983
169.3491956293056
17.594521507869572
169.01229487306426
140.8714720639859
172.72757204455584
141.95075843984165
172.99116748029667
30.708254823391357
148.5463133181693
137.93509851974076
110.0410478196519
35.92962947025595
155.53645845874553
129.40751691780412
25.822231073387243
87.33657464212241
43.6504147372653
109.6739871867083
37.67575206293843
68.07085071099395
36.48795137437358
117.85370767411094
73.06276619865098
165.7773823048253
120.78181663658495
139.41657991055348
75.34780771857201
176.5248661701484
165.81211214507204
81.98075360631708
23.666045445560485
160.2441711953246
99.84736946113996
36.22267753145334
139.07247131795367
114.29666575955541
132.2858162111008
51.49766225923364
133.7846101591847
19.911478206921743
96.07914651351646
133.39840867768115
177.768292424276
68.21423524895333
51.724653785974844
91.50175228021334
97.78279083522543
50.68771925250367
153.78366231959038
137.86266122847059
57.06332557645556
43.50102653724388
168.09607541218656
53.84999734449333
33.05697237765666
162.83167475877116
53.2069315197019
163.91079372343336
170.05300347989908
106.96531255801072
74.78282845228256
148.71144481140232
67.59953609220794
92.25812821493514
58.80160844379686
97.70747379596739
94.26371171316316
119.34141656762839
74.41963122783947
93.70232216431019
106.03105242173532
65.19084922651325
69.04243974744972
47.890840010950164
76.526774002424
118.96251680389692
154.90610460682535
37.86437588970283
137.62577053515042
159.41389301191094
114.05442242089539
106.44004703156669
63.36659485120046
24.994242209487
160.1718826113003
96.38093368431566
120.78465865728559
115.62982684827689
9.15899974633777
21.92174000686434
166.56027537297456
141.40387038715247
46.50707330525591
58.601821090845675
126.34082289043087
71.02595492864907
93.70379262607968
97.59002744021336
123.86454500776574
53.5419792237155
9.707592817328774
92.39065880059276
91.6793168394037
40.92395143885764
108.43109503814567
103.11718987400401
133.76625533687144
81.61449808119423
48.73580889741733
79.62396990005671
39.260826940024444
36.01078282706788
29.10616141420651
163.79591906904756
60.14431723063902
104.5677812207761
139.06326332585272
167.1774609892151
118.40173564622634
143.5643235279839
114.42504787007562
163.25401367291303
150.35253611523717
87.0611963031874
56.69274706965808
109.97187875559742
70.87537295174877
123.20610033480264
82.85704801118624
120.88315161014249
107.68696508944602
30.319872810536943
141.1197774696776
33.81652868635575
146.256259656259
147.27193023586636
33.263669213958394
51.54453827395632
160.9406736851056
81.501345899297
26.99926688693577
63.392229589625444
55.04025936420299
58.35955640574747
126.78523558242546
118.46593738334455
159.64560666163106
94.0999388498672
159.66182366669497
99.48479713583735
49.32267152981333
66.08436897136951
41.78995274626155
93.2777485862514
132.68298012424714
129.15877143686555
42.75127591282858
125.18998233456392
151.81273137993185
86.98001543040263
31.4979620897709
76.38069136842188
132.86757697519542
34.21490042702372
55.76987039675902
142.80056950879583
91.25796720552997
77.1825827783656
93.17052859153407
145.75744125487287
136.39224254217126
51.3549913563253
61.51673370975952
122.75081225789688
72.81444099297717
117.38124990573968
12.528363277073623
139.70188769611354
83.40425718282464
64.28305522051707
89.69330727110834
82.98577309910227
57.60173231920657
85.96037918574193
9.393622402217957
54.13618702445228
39.29009262466862
71.77756921039872
159.48469147468057
157.40011272409436
122.62024524271519
166.57527128937937
95.62387596574192
152.13345601450806
133.56216719820503
77.67527405079734
97.0964284999619
97.84142317434775
153.2353244263545
159.84115936611113
112.74215275252216
149.10092847000266
121.07822088284459
143.0747685385423
173.16646019483755
119.31512056445756
116.15721580515917
148.56326176721583
115.16560516842831
149.06288481397127
136.2305991647668
75.17036810000295
137.67995220661774
131.7515680557544
163.49021870135704
150.4744615669959
132.13933529149622
157.6028925830429
14.332647711252179
148.3345527470605
120.77407107524853
169.24361346701073
120.87409942207815
137.0167030037097
175.57949476180755
52.42081278821693
142.4611356825629
160.4392168327094
33.49066616485103
77.3021148153392
23.250050700224264
75.1043299487079
104.02362550556045
82.87876113400372
30.420204487447613
64.736771560333
164.6710551536757
113.289044254214
72.57547791541755
62.05992660124485
62.28325647547854
37.834949190764036
23.79425248215601
90.85682550280745
28.95776453967774
98.67218599663157
119.72158580994659
68.06550776118976
74.56231403600773
65.46147843852616
52.92808210058448
129.5080490057566
67.62563545177706
113.28322311379364
97.76636037989721
48.93606347486789
87.50741111157096
127.0282618118635
145.88016891086693
171.044523906765
127.3919745118446
33.98481799994087
41.71130165795076
129.84613500350272
100.58812696843054
154.89925616845247
15.237387589047586
159.97939698004876
101.73822383446905
85.17237315004141
38.08254587503313
64.8943126611131
138.69567392342015
100.75173301156607
51.23740670730361
109.66945206064575
102.21817383219454
114.53633639513743
43.04851685392389
38.07351919028647
108.49725963496607
153.72120391943855
44.12511862064539
73.75795640587324
53.94849356444945
132.07978829561802
128.73088437964628
38.116324625095274
24.356560603484894
59.985611571619195
151.26331174949615
100.46173679088486
77.13247697645102
111.8228004306533
137.43799952521613
164.01440662993866
80.18798184556545
60.90169385610777
133.80353887444357
171.2928804823797
20.65134959938362
124.16225193980279
38.48490118974957
125.78669067345253
37.57466880771143
80.08444113287285
12.807076251906906
155.9024692226011
42.108929119695645
112.76469519535313
85.15419156816137
89.505380117482
136.12473730226935
103.98730005389314
115.39959589852744
97.47368756812696
123.17547148373276
71.52231932803893
28.65991911888878
65.44442916661235
137.59324758899535
94.13562604945963
85.57817609832028
51.42261349308246
58.76990866878006
130.82838905521947
40.72849273233294
71.39121713172716
140.0831238147287
96.11390199830161
33.95872866923895
95.27665151702178
122.18994003421912
137.30293687132914
69.3267731716257
94.1131275426659
84.86461872303602
177.6689792321559
152.13551236459574
118.83026519442097
9.618048530285535
158.44938742803367
159.07173471958913
19.6654102928903
162.0334429843624
148.60817926864044
109.87806238134728
72.30204168339115
168.71843199873138
54.33051878632203
157.27877997623995
90.77934517828174
94.34727190873454
59.394304456000675
154.29590491945362
32.92212172570852
159.8930468369833
129.57855558258603
302.9791915991342
273.7625669829581
185.6368596453411
336.93753562011653
336.86946436104796
250.85161581586985
345.86210808213616
308.78584597564833
179.22997385275235
263.8571368292596
293.5296699288623
299.60779392520806
266.7512594918809
240.36713143725171
258.3931941479899
268.8259210109464
335.46816811292814
275.69330792339514
243.86829445497517
354.51682354461684
267.29974255264494
290.8837828282934
338.74890867290344
242.85975119656325
364.24689311782413
350.3403216963228
336.97283237237997
281.8505194288356
297.7138063041578
230.11454075954876
224.1051403240317
190.52172994832193
364.75218430037694
237.26926357405773
308.5950450048297
260.05970414332126
296.4749293798445
308.4713951255433
332.3460940856092
286.58220771673166
275.81713089315906
329.59194305065415
264.95642399640263
214.53079623970794
342.80910356780294
188.96929422186344
298.4770453255455
298.10290801676143
288.75220915556224
290.7152907395303
188.59726553811333
356.3951749614008
276.57906894080963
182.16122018000735
217.7907201966316
297.2756322104833
275.11867221461216
281.5691489183095
282.1009047406084
359.69461476961834
192.01614199312752
298.26447646031164
363.0505741462637
195.12171252184024
192.99786342867742
217.72570722140168
198.64093888675336
213.6757787838684
246.6203197040062
201.7203881566436
331.95988265461324
353.17426070490967
247.0345463210158
307.7511732114021
178.02922010209647
261.8458534051585
225.71069059013564
349.2809678474442
295.27040610925155
226.4099110920465
189.57185819774338
288.0687086632492
360.6048732994302
187.94255001829546
189.08547071195932
225.64179088903052
228.98440582139838
279.84414616981445
317.7577347261749
330.28072355918437
209.56115255549406
203.51294587374832
193.2709732467422
365.70521888923975
273.94120158066215
252.8625065906301
353.00338209131166
199.6167663858733
308.26656170181974
343.5048652122681
335.86727520565694
196.16462955189746
292.7702675235152
292.4486224444758
282.4491179326513
271.3464233468217
201.91367059180098
264.8907806642024
192.19491761247212
317.3914908593971
253.54848926121346
284.04340869335465
204.25368597514728
235.5247672658276
215.8717061811893
265.39726882700245
193.65723627303083
192.0528123932333
329.6863277324481
285.17179490365794
185.3557669686556
342.81278458342456
191.7117737421035
304.9193086301406
353.1122045553436
359.7676221516114
245.33575151922773
239.4003396147741
188.31322630417867
317.2781575148021
190.0527611779462
304.16301960825973
282.8719863633269
332.26200225139195
318.2867625024943
360.2502788103052
290.43356865994616
269.4565031765528
368.2034560640959
186.03787316686413
345.27309966766916
186.96288238246572
238.1506817487122
357.2866793518238
346.03365518908805
216.33095171679125
370.50657412816315
267.6325288348058
354.6425614021292
227.60638419446192
272.32902063237316
322.5700367034689
340.60736678650215
339.63380344907523
348.0745117000125
331.27551646078945
178.22259370964662
258.05563106368265
257.39860035498714
202.11776536839022
321.66919639794037
282.2368469043513
213.64700498877016
337.04794194799916
234.41087186772128
298.25161745878745
300.54810022268697
346.8436039098947
182.94444505300396
244.6621531831865
289.77924227661674
311.46872093440027
340.0126875244756
276.5308308572652
179.74692526818637
370.244053646323
274.93272343641416
230.69369671880293
315.5287603389328
178.6041328292236
256.4366687768965
185.09669616906632
319.40191658482814
312.28553128902365
303.4172682847024
367.1443910813533
246.46095639141552
