16.657915526064087
14.787319621460323
9.203228798027169
11.329263482243922
14.006168582809103
5.510036259160987
15.513469765964757
12.222100469737933
16.898291454981667
0.6577927365237173
17.33176118699513
15.356330007648168
11.773306160947325
10.89473597006365
13.881084694268468
14.42928289334182
8.503927596648623
7.370243902125468
12.56563342499167
17.7928004043195
0.22711550893420807
4.411042945780559
16.882277749056847
14.255443347488068
11.550326804980402
16.958315218089492
6.604472514687983
5.596750904693779
10.109759223752565
14.630235928312672
7.5763533648885755
15.617251746505499
12.477638913708896
5.29520397169752
6.273677387618995
10.761735740660123
7.517553144822895
16.093379092379585
13.199059848883469
17.818929863489902
10.687322566455983
10.79254932451409
2.292691825054721
15.262580154162688
13.910279444901358
7.321656710766053
6.322248369215932
6.469303111056879
10.072547975598257
13.858203480082167
11.51445265702625
15.191218223993328
9.648032333074848
4.4659788008885135
4.393353455654018
11.717008143499566
15.736968250759324
13.0856141630702
4.0589142409082495
1.2074083207259392
13.657183063711345
31.03518793619685
29.917332870384104
33.5929953770884
35.02269599286375
29.26149767485083
32.938817236106544
35.468777221097575
29.05133753429631
25.532630202106496
27.03533663091767
33.73365332707957
31.62198713686551
36.40488096442354
37.67169821874232
30.239005922753627
29.437753104142107
19.891621205728462
35.47724756560162
28.425134604014154
35.23491314992811
6.9018531962375125
8.116408564590756
9.017971187183008
4.88059826268872
0.19241809846153046
7.454291325503471
6.813413072273906
5.241654029383109
0.38710037618067084
4.392508255250345
1.2201450634210516
4.2676626174882255
7.206047183493901
2.204932108728121
1.9019880134577556
8.999597374038666
2.704800639165997
9.877679449320645
8.77609392595162
6.292674120428979
4.534049178014815
6.202178396628307
3.308140937630694
9.332476637144596
2.615201371024704
7.086059918051181
8.532519399405054
1.7833633160041913
3.834695207404811
0.49698150910298367
1.4326129970103945
8.633390731586324
4.809701932504127
5.142917006014487
8.59070887195051
0.8361970755724712
6.634205969532124
9.474654785521468
9.196136128376272
3.60676313461656
4.772250443451311
2.4960196597526747
2.4658517513391116
7.604078977378274
6.970058006285416
8.366041812955126
3.5329271278113756
6.884664516181724
1.9684094469818394
4.803317948626882
3.5805569862254965
8.862376712703899
0.3883808069224246
6.17288406089308
8.79234878490853
5.6441855044734215
1.661055994979713
6.784308950860735
0.9194040715399403
2.736567346146886
0.677046512356859
1.5098506811373698
0.7683078582068052
2.2277505767410584
5.060854843460745
0.6004895786923958
4.92109817106527
8.60644337298071
5.721384415353102
7.193081819752919
4.238496424593259
9.809453991020089
7.513510694528171
8.693329591449865
7.0255268316252995
9.021688945054967
3.37810605613475
8.249107967284866
3.000527755062214
6.813458815071057
8.075867251349251
6.477609238290013
8.073415136853775
1.4006185777725526
3.763724513060411
6.782295965781526
2.4379654021732824
7.438264498132697
4.5874442898394285
3.3677415278933984
7.28220192186693
0.2585100219211034
2.771524601894609
8.570486078557535
2.0633994039906938
8.216665712538761
2.4512865437605598
4.903341146679634
7.2188522364083685
3.007067992488955
4.74264414478482
5.915742032694867
1.3190435787889636
2.433174907814277
8.633016096956146
8.862270274177458
7.552507488793577
3.3599316068613225
8.729212833482979
9.561626152032714
8.976075879236056
6.704336208977639
7.129326801551899
1.1175768628880212
4.917428845890116
5.2842863517417715
0.5764814202167088
2.125430497981032
3.9866141182540766
3.8561990405016022
2.083926416361583
7.353107518644848
0.6540658629121427
3.5544383345446224
9.809337728246044
2.775158575770141
5.333645241118445
5.735212213359345
1.9705326956315297
9.158018643655229
2.190290060591356
7.362617643716906
5.180400782743961
3.4810612010983064
2.911000440029631
4.906224609922221
7.271329479807295
5.524106267489017
4.465003068053625
1.6826841903555323
9.866700903515344
6.040204079909602
7.912887596658568
5.798938849800945
5.18984321012888
7.655020635208267
9.162171344101584
2.0338972179308863
4.566598907606579
0.3092522687619095
8.843511219789534
3.1381816314307858
5.7445653797983205
6.423098957677977
8.198623627113012
7.801159795672703
5.265371343926251
7.174250266135574
7.995041710563337
1.4533956820459077
4.661069928625055
4.435395904369349
1.7556336204429153
5.260048237257106
1.1707782778056899
5.212941915310084
2.2570935596557846
1.865570797643441
9.167568333373044
0.34098250781559436
0.6168403759157641
9.938639982399668
9.61160166481186
5.222548740762263
1.5739625798949315
1.8162134872272477
5.711234069886386
8.132459776563207
1.4797777599028321
8.089456420911022
5.36533396030752
5.258837778571076
3.9900099446232957
7.23458189483004
5.864512515689127
8.366759100585032
8.12984343452308
5.556229540699897
1.0526856489086707
7.716500978788746
1.8002961956531212
2.425868604303848
5.099038877609602
4.641497943383612
7.808067879666064
4.188745363470804
2.6711030385703314
7.102842201034037
5.848959634461162
3.550412932838509
1.9193243884648794
5.173036867396443
6.7747368297786075
5.529209605818277
8.458571824397508
2.7556088153063434
2.7540371048842847
5.75559443986917
6.664985867418378
0.8071959766790933
3.3212847896529247
7.069959765784944
5.6784824965861205
2.9983612632088583
8.693675391651848
4.278046927164516
0.1364891303057849
4.824458483480304
9.303334624016166
2.7779057439869144
8.333241213312618
8.59176757467981
3.677794058672847
0.7448200817380641
4.4320904569423405
5.069910413097473
6.3932503315254126
5.256727682102097
4.0618269146954145
2.4843801096862723
8.42863005659904
0.3959472310264651
3.6668669524174944
9.619944054775026
6.0824258505709885
2.878338497458231
3.9961335123470407
4.1865695411208455
9.986927731640549
3.0345362270376084
0.46845225801784185
7.803680085000036
35.23650842191336
17.0767183685352
33.66585932951058
41.53447995393349
25.886688461299045
36.17277897092705
24.94629547066437
30.274930365978772
14.100253402410885
35.467595679438915
34.99557009597257
18.0115325898934
34.58517857862189
24.97146646665898
33.55635968708606
24.139380631673305
33.96502945926092
28.60366428179004
23.865735667020036
17.342648107325832
42.846924067727926
30.82075521511602
38.235909460028296
41.63640649032199
35.92230330615223
22.062687865261914
11.580380127404256
13.236371356446053
27.59679960318681
36.56057095967039
27.29303293891441
13.475765412788776
26.943527182233115
22.016937950313242
29.868874303887342
12.387763209466764
35.10446632981092
11.238107608692605
25.30321052042716
43.330590616110214
43.85430136036507
36.56487280095423
14.912201013959468
10.815120553723482
24.87694857285167
28.872024031796325
31.80255920803207
39.527590946380705
28.381105433317284
23.01428156703603
11.188454709091797
16.173029382962156
30.922730949526056
35.113641232500214
29.406895472535354
15.018865590527419
31.643525759617226
42.15608368231317
16.703562233462655
24.72179915016835
