23.847705441306434
25.81228575978727
50.399159982705555
49.1985907706002
7.964991577219248
43.093845878806704
40.979795250210316
1.2099093105400733
16.242759202893282
13.38661022829145
7.678611810319659
38.99142675275341
21.294084003462807
26.000143853692553
40.89927835808095
38.607476565440564
16.4026082730187
46.026160117055085
24.04794542059803
34.15431620940766
3.0377973284681907
23.480656424650164
47.920956771181224
36.53376822828533
5.280047870643536
21.163799452220076
19.419511116241846
23.53842227578079
50.9384616894574
6.3990297299388
22.350347303790084
34.268006383716326
39.83583081629124
4.509460537930373
31.686117787980386
21.14716484704547
44.43151261201916
4.45750438547519
5.634319823666779
33.95977195721122
15.156674140977671
36.840287379071036
50.17000953691071
43.289661703057526
22.33953149138475
12.103401204717311
23.68199322351598
43.0764369264096
14.863970228087835
28.258350022152758
108.11645307215493
55.187582382473266
73.02086091212347
79.63351763075953
100.07394223302138
78.22925421210019
120.50769119341653
99.42206850452375
103.91661417989425
85.64119104680263
105.17838263498703
73.61903227342594
81.26311534393287
75.45236894047281
102.10597121339836
101.22815866630886
88.48048123255352
83.37051599919685
53.76950182341907
67.34779082084358
89.7068025535782
83.74370072792681
57.9571386777088
85.63693380843154
64.78359295521261
60.75780164465241
81.57221816134579
64.76816575813103
91.39973264963695
81.92899776457918
84.48562892767234
80.77033958997318
75.74533295517175
96.09958820772192
76.02108150082151
59.34246957148909
60.136441664401865
64.098099651087
81.02766461787415
56.66811402438506
86.31568887005442
100.50167517918729
58.870114268438016
69.16804127660323
89.1085594442068
93.3221735805467
71.42366110365619
116.18664309616027
61.34504400742168
98.6737237700434
241.41693625614883
210.75795098485355
184.04054634677962
235.15468860240722
211.41825091705542
205.5394633915996
194.6747558552879
135.93446597400552
196.6980852133864
181.5428086329469
213.401503924921
232.69487568895238
201.18032213872905
183.77056849806914
136.99954687403724
201.1029337542899
130.38572675368098
228.04532727199629
182.2739149161855
165.15265663675683
180.3171554528112
153.74809380914553
234.45047559356516
204.1791186860828
136.01681713222874
144.88838326792234
233.0064348825524
154.16644056155488
141.2435574012978
216.60496891742497
186.19905141281862
218.03490071374856
142.94915542516057
132.12485228469149
125.00418132409445
160.51643559098318
218.30231538255862
203.3055083656898
200.61922311842346
190.47410235284485
135.7365611091337
173.55885039859479
203.01700254111486
159.65274772389236
215.7448372686247
182.5892697836929
242.66734903166682
199.916289920311
229.025133072245
180.24936079762278
33.29343113133587
38.371168331813934
12.214878438100477
47.83585231213674
19.494098879672407
17.20466624750263
99.28989867265346
75.52403301098315
93.58861785311814
59.78424325727438
56.80314469177247
46.76377421740991
80.32704103488048
57.1286202209346
70.39677386859086
55.51591075195773
5.033496014771892
47.105801466865444
89.62130793917942
17.173459907994946
32.09614109348542
3.070089132125389
66.50482870607415
43.572585658542
93.92196868237282
106.39258397563472
18.892504130922987
76.52182054050114
38.3003492501109
50.43802914378599
96.74203031039742
64.03715752357927
17.28165567904852
59.451040513576054
87.56566127730139
23.03391081938666
12.925655090981216
9.811280108595298
58.49104618117991
59.56675496348987
19.663314245810525
33.8094737731633
13.75863636538785
71.91838030565269
55.86168428597856
25.553751208569164
37.781326070163814
39.409817937188464
47.13150857150638
91.60830176851996
86.88123898946293
31.161461568626187
44.90070835962065
8.86693268206485
24.44417529658923
25.83332822801269
42.36655659613193
100.00534365579131
21.718000081075722
73.68151933452741
28.552909924092987
72.57218961801388
46.314566438332776
82.07579498740449
53.4417327041359
63.694633306632014
86.12589175115288
84.74987868956377
72.51925863627812
93.88385982587967
43.00824791419717
45.468182381069504
51.69181718273717
66.35538547494785
92.70688338369351
19.375876999939287
90.21431569874468
60.289485646013844
70.58721366430083
79.42743609893643
105.7682386190888
39.91721623115639
50.51564982800683
30.737084613490374
14.196587058455286
78.66170413231418
77.05135474539473
72.47478900217834
51.35582165371325
5.3313236510699085
63.671442178733145
15.65921895177086
14.055302921436912
100.42372071761868
91.78200497921043
50.20656163778621
54.49466854435731
75.78426450780711
63.80930658254066
77.5770562808531
16.883495559321673
62.00166016755768
36.96554181867083
28.134056810850158
9.28350834803016
70.6661251034156
61.67044592830768
31.206057632204157
24.179050801523786
16.030911337564767
64.7420387596544
96.49401143671173
31.259359026835913
41.061728421686304
95.76248891227452
48.26615666185738
96.76737763953278
52.31477206901214
86.66592554151896
47.879625084905754
50.55449391556627
43.30485182695434
14.123801894822002
58.54592920643289
102.50386842875969
39.23610023457461
31.607808030083984
55.8281840005028
37.16553976849653
50.50287527936242
73.02515962012679
15.63409569698856
70.07465900311439
77.32599064379872
72.82858783310948
73.28852629374475
19.79869633776363
69.80615907676174
14.929639451496868
43.80358696409198
18.856033676988297
77.87579906998944
7.299050248429481
97.88922807963928
12.126992537149881
78.36786568684359
79.54787599502767
54.253224884443355
19.942808987306904
58.376549754056924
36.49398994392913
27.357710467531323
39.284441834292466
48.23529806079795
60.62452215432611
89.12846010483356
31.28117593007581
91.68670791968634
45.36617227978847
38.51746078522055
92.70321728815313
39.30051217265628
61.37155932493846
72.22368595769552
44.54746935998616
75.42044770806038
64.31688404134873
54.28364772990679
78.15232925225338
81.62028148951666
68.44730821740589
96.81883196757141
102.68501916610893
91.3300892328575
37.483754934578634
81.980364074791
24.965493518692625
17.173732185388417
75.82188783280753
5.814037078229916
41.67139204825285
39.86943366636838
53.61890403616957
18.922146852482243
53.092181501063834
91.63219626920775
67.01809889097886
47.75362110921246
60.05408266973113
64.19995783617621
103.97349534906171
104.82942697173105
23.89648198276087
10.396176100905691
13.762394937563464
3.532450005272274
44.8632804209889
21.3065213097062
98.85882879034658
34.80822026518548
10.893890430672641
30.48631463929528
49.51290061356133
92.96441480547023
91.84429255381778
29.818287536738083
87.81151037029807
36.197397027808776
50.83372208331739
105.24149824659501
73.77532616493997
25.988770893746178
30.97741971322211
6.180827294587722
71.6814310483038
47.740634275015296
82.7645767532066
103.39990614925703
14.17222211029388
76.06857139407079
60.21758981380329
106.12375966390594
80.93084974017306
29.21571580134867
19.862052157792185
87.21038000783714
26.65217691592883
94.81542323852554
35.6072237110117
49.62744900446845
59.84932694667551
48.122556333699144
86.37213063578034
95.72942280805694
20.711771782614704
37.865033768531774
56.90060347371693
65.9106420845334
20.702050088699018
79.78328437813907
35.33449255136551
164.18039122987352
138.22795270104194
134.28060637179834
130.67859410009925
130.62294243185346
154.62885943911377
169.4147837056562
150.53075981275543
184.0919036699147
110.55865838002602
147.16630962372452
197.40472331527175
191.9597216155487
178.29922055579945
132.21025722527762
169.52138037626042
125.75195206772152
160.96815273773004
109.4600422212907
182.07978117521287
146.80240016840418
118.30757506070401
157.26299703368747
170.21748577287812
181.629092406248
123.19448531992528
127.23419451688201
185.23326789041096
145.55463863598064
182.10273644966298
166.40211607856122
110.80815972285662
186.07863721977515
189.92025205796273
185.82198253589976
132.31211876119238
158.22843453803495
137.5028433209284
169.02287948299815
190.55898475593503
151.60751032070647
173.13722722240408
140.74386612543145
156.7801068160724
201.23784522832662
154.70678673072223
138.65303688179972
154.72331631169655
170.8250127877339
152.25772673404487
241.8145723535214
242.94189212785912
