11.58254975438814
9.574452125885657
6.590694648610874
10.59270359353458
3.1440863423330585
10.625912866098922
6.085015558374751
8.457717690842701
7.90570747930797
2.601347395476235
7.274106102084303
4.514583878063039
5.3892460649403215
0.8319028570366704
10.146261403846912
4.01953688499389
8.667054321311486
3.2714728000395237
8.24791684006646
4.376306025337957
11.366021560712426
8.757022632229589
7.880567124257725
0.7848106395651495
6.190102638164159
2.7580467194917437
1.262500150189184
10.385714372256581
5.091530625569729
10.095378456083534
7.010029891685355
0.8276700465194722
1.7160212537487052
10.720669665682427
4.70436094715326
6.005332384236918
3.2385223438261836
8.920554535459011
7.987249523417247
5.62323456929735
3.542193429909909
8.365965833294394
8.01357890167024
9.760182801711665
7.70965589950757
4.614752537222176
15.583394006320582
28.1802612898546
24.304141268965367
19.81665393576927
20.197405911360924
17.06959790840739
19.34639338267709
18.06581023677726
29.571649042046822
14.843466071931164
22.080067127463266
21.999694136908367
21.244968768571763
21.42867209797248
17.225505252327427
13.94900993411254
29.801086302332692
20.95116619307981
24.003476745818322
17.306139435812582
22.80100705407045
20.540363493120278
27.66382904731612
26.572082143168146
25.348302771752174
15.539449050823062
13.583015906263247
26.193177196606577
18.08916417956442
20.046640580928972
25.28274499136692
44.93161046633239
42.774155451718094
46.213366961558414
45.0680160366787
35.08956515844802
44.22756523126762
35.19080566930338
41.40262061322972
41.54711354303599
51.47195917745102
36.882457262432624
51.57141548781168
46.43834563730533
50.55223495584626
47.398162463788246
