8.705679395294752
5.145543427319157
0.47200706138202086
7.128875029568668
7.923694631476902
14.33845742086344
5.249133757160747
12.477042601163465
9.569888958656216
1.887894622077571
9.694034511214324
0.31077677849556373
14.204178999538696
15.360235945961511
9.045126370201302
16.989387980927184
5.724511905077018
15.058165822667135
15.069628035185582
1.4188545922551175
10.870192908060327
14.129771166729814
8.15797519153522
0.10711860172348686
18.27784071226175
13.123526788661144
11.25671208100972
5.302375232431613
3.0490591675270595
3.1845728565611946
1.6057503364465813
15.889181568408098
13.01230542225105
8.458579733522292
19.545382746693463
19.144098113639565
9.933549549778686
15.503419563397337
19.0089706997714
1.4832111566605874
1.1516686424773699
19.71421683139139
11.480561421789076
12.353662536744071
6.655450129106578
11.043661684416383
12.04008829545521
20.293374264550867
8.176098845066972
8.094695539474792
9.719652071647504
19.856584944021023
15.942539463735926
42.29384139463263
27.024640855324506
23.71645037653051
37.989138597110454
40.62493732357012
36.10910739809114
29.685088447463084
42.02414510778448
27.526023014305807
38.915515885176745
40.77933571647659
32.65156509272307
24.213046725188427
33.40820600580542
21.826852558071348
32.51616132806717
40.37354001893844
41.027209249430655
39.02950099084459
26.543879638755364
33.84381098752032
41.139165030561436
31.389445341626597
42.7175441762341
27.749533807016356
23.256879626667626
21.279399057496086
28.61692919392337
25.737199861754107
39.42143963542571
42.11461010324358
28.596991264935447
21.875246129859384
26.38920182729815
42.55989379595956
26.963097135723466
26.45030593164314
21.684495418620948
35.268170506246165
28.513471479448036
21.212904604677043
49.25776243272595
64.79562762872291
64.8591938732846
46.30447234255038
68.04224610326006
60.823032002087174
58.08646340725151
52.050424850346374
66.99225181061405
48.237158686083845
62.85149751288694
57.03254401151803
66.12454820222922
53.45373129926944
64.24563284521294
63.6745950209759
43.7162640413535
59.17308996332356
44.68561107670854
48.32455996592876
44.08597189202578
66.23388165075028
62.60691998624762
65.30383700727668
54.010537906190855
69.96124045595064
48.76313762814999
61.110077929209154
65.01953819438953
63.753952560151454
54.96809612025893
47.157759681009395
43.79525761749041
51.072539029546235
70.55722024023817
12.78855208548829
29.064036956549227
32.42067052308906
17.959481836461098
15.876069859255338
35.188962949726644
15.446377819613387
26.514735873720543
8.887930806599291
7.973766272817837
21.211642174218802
33.8511036512166
15.774014344549276
13.142034825046604
8.458181756232555
10.439844528430312
5.13615098434008
8.821888004673058
6.228778079691979
7.118384147928941
6.26351905522958
26.362549018404813
26.1339283733817
31.94046558479979
20.692058364106522
23.71262916803354
3.0160740146601768
10.740609096861661
16.083460649001832
16.032259228493277
26.020873509863094
4.6399295408712184
27.348848493567544
9.17116010419207
6.50386823684928
18.444685018220447
11.336102865876754
22.29824752218505
13.579434648252668
12.848336478526608
28.651861780502728
25.742535027896196
8.511532424680015
26.09210291760975
24.005376020539472
27.63112473566604
23.62972312809294
0.024776360083691884
19.884627736530017
3.921620820303124
26.170829131472132
13.680549531091305
28.69063622261273
11.73453450359984
26.298885049525904
4.856101580695746
6.458558775204613
16.156547733512067
21.525145700275395
9.105875223518487
19.64762811962627
17.631954034068336
9.087986887332994
10.72956237901133
6.440103678494776
10.25575953095259
30.633363613778
19.78812085837798
35.7853106014517
8.390445605659615
13.686571047341403
14.741274716280481
22.045188259385338
13.842813856714322
14.143123803797973
26.861830142928746
13.571365858525942
62.0111070220871
58.97397291241059
63.33062513271278
62.137088779010554
54.739469948980386
53.69033539878415
49.5155452860883
57.71842478919465
47.68439209982037
48.710229024484256
51.538812834521735
52.73119812187813
38.8926912018255
51.17806144916337
65.96226143128698
47.57797324004657
55.81381439262216
47.321408141618505
43.29592735626987
45.695815865274724
47.072802157891815
62.02720459550598
72.92498061833092
65.67152205758117
66.49804760705707
53.81595750878631
58.81003829555228
55.836702694026805
62.77872920922235
63.13679683140999
38.556458868381306
50.30314059787682
47.62266158668446
40.04461248229787
40.612885484793026
58.42128912543966
72.46171164846268
54.27424073606786
46.3899151560662
55.594337728873
39.63979050258569
56.8462603167492
59.40227507779684
50.79685314596845
46.53203355814721
55.444907714858324
45.179746435136664
65.9867896569416
58.62289637372867
71.21392946736906
39.74609822829165
7.488920120247647
3.1975271417422064
6.979822569555563
8.608603471189033
4.9586597897409215
4.45884094223028
21.234439906897393
7.701265571961627
8.304926098758038
17.941273649161996
6.849354492607915
12.271144333627284
3.236898443322417
9.769679142034787
17.774301513269407
19.741437743152325
19.434813239445948
16.66441344213839
16.888173744653322
18.265464423638456
1.996351825405343
4.236853724109532
11.338204539887974
22.938829975224238
14.596365400353154
22.783707847922603
9.153031906251215
4.681560862491777
10.213212889633088
31.59700901587192
38.4437366603696
43.26320829491051
36.667703650682334
34.54027269865292
34.95481461937827
27.180440194986733
41.22053534305815
27.176376995962922
38.12646246433715
37.52515987971021
34.49642462028881
28.919290733330946
32.520753860818886
24.89864284707533
42.03787033405986
39.901500627824525
32.87946749863896
43.497360602761816
25.554662403307063
29.148609070224914
37.99969751008551
43.964692890717295
37.090303185766665
41.51763992233248
26.309977585759906
37.72034459308699
44.755568868815324
37.16620910320131
27.79551365435374
35.173547423158354
39.30984869390745
29.676051216159536
30.08193565095394
32.98934782068796
32.665178578923246
37.75410498278397
44.22917141561136
32.20481898976718
24.86122277624061
39.73604911743393
31.531634823309453
25.13494355366481
26.146818391833484
29.96904359467421
37.17316924883382
35.76911694724841
42.63631011792325
29.292002721841413
29.586425775692902
42.271520807882375
24.224209442168977
37.48721511886938
30.739649789127856
38.802994654165616
47.71865761897154
56.000310704736535
63.80002053863604
67.69709077271057
51.87357536560691
49.81547599231317
63.25483125781342
68.53916508777964
47.09355312089386
53.875873071591506
59.17061517302677
47.56733809233877
51.165546874251504
66.83761448754774
56.817396547538806
60.28662449874345
59.465071183964604
56.663506451120085
56.00986281249543
55.91488320770965
59.407207710493026
64.86104655238807
50.86017536983111
53.818790563997865
55.17000946392861
48.798669214884896
61.49425015658033
68.54185989600347
52.72575695251656
59.598167492236364
59.294064001676894
57.58923990194247
59.40141106019969
49.56442319539133
54.004710885156946
46.68250202777945
58.031267857862865
51.63800590521161
67.6160137765561
59.548609589969935
65.2493543186244
46.10127999843891
64.5748022424532
48.34153468870573
52.552938809189726
53.862905882553
53.524689607063266
62.71270795518665
66.54703582131765
59.66264458848991
63.23471492937236
59.04681828807595
66.76487280577308
52.71671504405083
58.89698663813926
68.38869008976367
15.352649577774054
10.520393551417781
7.010306342884249
13.693504491353046
17.001827967952647
21.628700493304272
15.253570329043622
7.5118486011680385
23.01617379428933
0.6406799354196693
4.315634827362111
10.689427446562616
20.12338985196012
9.429143756411282
11.575137555257168
6.718092038463279
10.96470181285627
6.476626411324216
12.99180329588779
5.077438785124009
15.546343517051081
5.384551992626834
4.772174183832089
19.533453001870555
10.149124884909511
18.733591220606403
10.550640032787962
15.827985678516608
24.63581099181953
14.45020454799536
16.44275352453329
4.457723574213995
0.5546801226557747
22.729767098910266
24.200485694093953
12.036485633405793
0.18864718203575315
20.007251998200697
5.042985833102207
15.024107767967912
16.911331227598204
6.7171786865197225
20.0205357535354
7.796014078092483
7.0471504350876275
46.31511880426422
26.348832238223014
27.43775002140378
46.045354384881314
42.027676077198024
44.751795539152454
31.60400696212456
29.557144819622657
52.19633960763937
52.558179976092234
52.52969673636384
37.8506744243513
47.636458704959516
52.31836390173386
48.09934758313557
45.22601235309316
29.8573979565349
38.213228432541584
43.42782292841326
39.467454973088095
37.30996854977538
38.12060335647721
30.57600224832835
37.32180831572264
29.613877961080163
31.900951469304065
39.419464462365234
52.68369483072471
28.925454172733446
51.864839224296986
40.82974163226296
40.51424951417296
47.928992241041925
27.105963137011003
29.459915431503465
46.63857551279546
37.38154057147821
50.50916381483518
50.364114146850085
29.48112232179732
33.47124109308144
43.70397760094019
39.066180805934756
35.1888849294582
32.480405166323095
41.628161628811
44.2353055139124
33.262752107811444
45.608320765987045
34.6135672644774
48.912961059841756
49.99024152478185
30.72669885417376
35.59088532032023
34.58699024336033
39.316655198308425
35.511288880573666
49.270903972357125
47.16860779322498
46.47929084967834
36.85102706179598
28.035752190191914
47.63237288841929
43.38446210856068
44.23764884060894
51.93872402017243
45.38483300830403
37.35475526800706
