9.711379535150776
23.367600161160283
4.084506325295891
37.43899832148462
12.54127650853415
20.46036655797443
33.12752741071391
15.476723046485112
8.636821340392439
17.500221220193637
1.4934115976421225
30.61787844180563
19.350594208745125
35.96974406355934
28.544792111731553
3.511813848103568
24.81468497424037
22.076704425797356
29.8272066694159
16.826835473062623
15.7883169000844
28.07333271878453
41.03825432610518
40.24895108097765
29.62341795239068
14.764981506492513
14.431822731748294
22.94338934935652
7.055419648273295
6.8051983432527745
33.17720056694913
24.720812498952366
15.671208092872842
38.739992929051716
11.193225826009163
14.703263238667356
38.930083372418935
11.15555796541942
37.740960874140804
8.13780886271427
6.435464800006429
10.99356755159958
31.21388426552188
2.794854971102559
23.62098674660518
17.755797745710442
31.5268656736276
15.797345183264918
37.93176549574721
23.69018866411951
28.216650107018882
22.239213878020575
28.815036925336486
3.5534275253455334
3.796889003438622
5.859518414137042
33.12460646455183
13.70608836349013
18.795421490745312
15.067818718268505
7.094532800969105
39.216980317757375
4.47248138002449
19.533746846079875
38.80608358704879
20.290843966645767
3.7068895327206555
15.928377879701355
6.171581907975234
37.00347233281429
21.25572940136935
1.319027148253241
23.022240249989803
15.996324209080083
4.9409281771670415
34.79188352768489
37.169094118224436
18.41786973977264
40.46471130651777
14.526882817899697
5.682530254640245
30.097739398798794
33.291301255370556
4.903062432753181
14.368169047068264
17.97853020078549
34.89491270602139
26.527792612008234
8.942916686269571
8.455596912289975
39.62263833809291
40.12061392848922
8.110147113024832
29.636246804853986
21.535787116564663
6.71699203839637
2.228857543069264
39.120451670329736
8.089377593530712
23.051213807365755
55.321451932041974
81.11492216178266
83.9179203214725
54.49182012447595
73.63395693194683
87.78605857896365
94.67091143093758
64.26245501776198
61.14892018776357
52.10299119033098
45.04507082119676
91.41942070398278
83.90486707241193
75.72370169803789
78.16741774365521
56.69553108640769
62.72165833586285
97.39125695328703
88.6792398297851
86.51528677694039
82.74552114726285
96.5511660793745
71.67791295120607
52.247095841560196
46.087376440072745
50.25935676109252
59.94254075720767
61.66096841732195
97.95121755865901
58.82962222664949
73.37197519092261
64.68820300893655
54.05868268850644
49.87481958807933
60.963282070927164
74.96679702497114
77.28351421475368
91.30549013619729
55.892727599205614
86.25785347178423
54.2395354390971
91.41080771524604
52.882155462870955
76.2044825549164
68.92462969517612
69.15842287484149
70.55574935284972
69.74902822028133
68.92143177570853
46.756046568641864
147.4830805477272
172.6791982182908
180.92361586050936
203.83758345170992
126.93917742158128
168.4297692573656
105.33871957103257
173.22090296150233
125.24487225767979
114.49597744328204
156.57889673947054
190.2957928783591
172.8645835391166
185.39023639720375
149.1858730010981
160.85553511146037
148.17980929267438
204.5806439985726
197.1741724038942
126.23082188349579
109.61048579401941
123.92676290621606
165.97400138073786
144.09327672372922
198.23399742339163
139.61255896035584
179.3890705183302
208.8556220122635
169.29536918388735
202.9977174529248
112.58341440872897
173.7401543340932
162.6634060524073
157.85702121209758
190.33231016901377
118.52772651817429
164.3559533056153
176.48926172459147
124.21558892921269
193.98494614688323
152.50089969232206
178.7275029514539
197.81176880504051
103.53210608835556
110.06586345469837
183.15032826444894
188.630890125676
130.55529812578246
186.61188702901202
128.39577412541425
0.9409627080307601
113.13769067304462
19.868384870094857
76.23116125225417
72.49914601049926
26.06857149440527
69.83997192271926
105.70278867256205
104.39724266919688
67.2160083545488
56.56812440066634
113.38358042820997
92.34180903011556
75.66640587810954
25.53443339571041
104.51516638551797
70.26762769471478
11.49534259116615
10.582240878173955
8.575306073987242
31.263771454719876
33.00356313005716
67.47357181173632
14.73962136193952
65.37392850006408
77.55046241643338
28.167716546026305
89.93215401679808
80.35502592187669
0.49543677253421947
12.21781738994951
87.41359675801621
69.23489723466972
72.84021413001473
66.7468905559305
107.49645746725851
58.03606979386512
73.1963551946351
117.057589671698
94.59538887549539
22.049512919227034
62.68820692183836
69.58062404528778
36.13027691807841
73.80018471128022
69.98893899394504
119.85469175763333
52.787929197099984
19.951689782561424
7.6348996467625625
21.233165436134612
31.636903865560406
23.18654702865429
79.10247278058893
58.15136797777351
55.63197949368458
122.59433060962448
106.71531090791996
33.642889920196126
9.161357532870852
35.6821442300853
72.91206022626041
54.51950827517948
29.070880167784374
54.32949709372375
53.51660866926459
115.27937711404195
48.28998125911398
99.68342471116918
26.33045287006003
110.7246621862192
92.66562610419533
32.963561146134126
33.30424658025642
0.5539192850874883
85.15211910963286
81.2459549194822
18.787038706556253
79.87039677180387
88.41639289955403
66.13450752182418
41.132600416550574
87.36377971384759
53.625921050544676
117.00229681694
75.10284543633628
58.20690669524086
88.86206260721622
121.7869798372608
116.48337549684018
0.2520104168328672
53.73304558288696
66.22851625199584
1.6037958367259506
71.00593791992912
52.44767055233278
100.57881529508742
36.31609429157629
93.6804761394516
83.64449844223351
44.82942224362168
20.10303688524632
78.03302954315834
63.25759097793966
85.2991058983684
29.101356427892355
98.1026578554027
20.542434624891342
68.63021459635243
6.076434235155176
38.65989505482314
89.3837956948458
34.03069346771902
43.43601011803925
80.05198320778976
74.07028829179266
19.28011812622421
63.00209216837599
47.319143348959074
29.624436745191908
43.55166262685938
66.21817326605102
66.89094501272699
107.84258853896213
103.40317220387527
50.142548277169254
92.04418330476128
21.98027175617569
16.18461402930331
46.37533761405627
45.45524778982866
97.66164460524028
51.52304773934303
14.031365038930275
102.59266317320363
28.04538456270835
91.23667286289145
106.61282326659465
13.900689414644354
10.443259692273735
82.67809934571098
118.05703416928216
7.241345762806418
28.217495912211902
34.89022121989941
16.08140960285293
119.91950112653029
90.0619468268786
113.15140709909744
32.52039275380342
46.3580512976266
43.33750622395426
119.60302360044494
44.548344186424345
45.88260524082191
23.312913825757548
43.19898974786875
28.631160047632214
51.63882288770749
36.176045006219496
9.107774046677342
26.60934944617901
94.7956128555252
108.18101994280923
70.37135895138955
121.46057953595695
56.64730110484484
38.66242127834485
19.07913368127869
22.91294780734021
120.44029186073053
64.32794761883417
101.5555951839873
59.76196822408033
70.64518345832464
88.75383363234522
33.45631646594741
91.09206250276804
116.64585067643543
103.4291913752441
39.82105500851699
46.051371898405336
24.962766684524517
103.65233333034183
4.941885771995516
60.84570700846123
70.7530948162522
51.21448856616364
98.62566476709254
66.21389289159555
7.549150409543415
52.27454592761231
116.677550884749
85.46511755100526
4.891617591862953
68.25005936719893
47.91368261717798
39.25567455759895
115.6252220579844
77.0334073487355
32.00912901433616
24.632322389119253
60.574576558523574
12.278161583536075
43.45288317128231
40.70431993247938
18.88656369634895
92.3732458790623
76.41841918332065
42.14790545194464
109.5590997286035
89.88364411206115
71.95957168574702
90.56465701065929
92.612463382665
101.50360218589455
87.30691151895766
29.002257368039935
68.6346633941747
97.11505761866437
80.50087302831275
1.1409040003256976
118.48236253322628
8.098580123959238
93.54924977080069
90.71695884517194
26.5771494445028
106.18457376864546
23.56481532445156
50.63083040206237
31.549453512918777
97.04071299258467
28.388037367922102
109.15529494151514
72.7199502611999
81.76346552029813
73.54734061237676
66.52939768765313
52.1956731882713
36.954921150453146
30.383200044952297
34.376381792266955
102.2826808455402
53.86700160769918
92.2336257759027
27.98780633523139
83.218669414374
73.09092492626654
68.88446583885946
80.51356380503515
64.74305336684532
93.7636932000431
37.66867155805872
111.2086273289241
86.58847853491275
53.0403453909334
98.16160221609391
121.64975794504332
49.031467257978484
98.60497826176514
44.92867526211933
10.508297070856322
3.1983417701483745
56.374919796103846
28.49606740709669
9.327194438810643
80.84258186514667
84.43781266694067
27.687237987785124
111.4105051731033
115.58909612815842
91.0869377011021
20.962374531261446
91.50560043822374
54.69319168009301
100.22265337120393
31.400387291231066
116.86300289017417
76.9372686687861
87.87463711198149
14.654264315454704
105.09755139723231
43.42274014316093
49.26069528638361
122.87670266199223
108.40661762803175
89.67510982544924
94.67304279473063
5.0774690606809045
84.694842396779
90.61602309797873
75.26250809714705
38.39591539813742
24.653550380676243
72.52686350207394
28.058972945008072
2.3559360957356503
79.3201558630429
121.9354775628409
100.96975972700423
52.522644299398685
18.78699434463575
43.069456146708404
104.66228375665432
70.70147985031437
94.25561233739914
42.26518045835161
99.08722758856912
23.86577513675722
101.80729033387885
62.630895096722114
103.60585629270568
49.702350870100986
114.07893486179216
46.03551958450423
60.28896518488839
63.8488394526096
70.19150859382239
116.21461975927193
25.378005770296696
39.224608619164464
85.14360039864863
68.11571386673582
81.85979367093145
52.28997430331831
103.64619096091448
56.10085932537444
111.45522526344197
91.93669927156722
45.93650467681455
33.177972819648566
101.31545637937889
56.75929008443036
11.054609026786942
86.92581849020141
46.85236430802179
48.19779136968471
59.1247987558483
43.589430259307
7.527475464952246
94.88598717873978
76.82097373268573
47.5166699293667
114.57319700632812
49.76701708745793
67.9201074355228
101.51271288347435
14.98692053858268
59.944494976162126
108.59629297893554
85.22520395279392
27.82777545421237
20.058752228457237
79.2972108788166
42.912573079080744
25.257341349787858
31.17387572729966
103.16407567250114
96.57311369176415
76.86457983785067
91.00565497299442
55.01873727593795
28.787493605078424
4.603780209423277
68.0171784996298
9.77177604794067
2.937709510526197
88.61159259427828
102.01270986140648
87.52334842963187
0.06455328738084631
66.48660914260559
51.11970478018492
70.95077824151029
33.169655933726375
75.75082078005056
36.72396150314411
7.093017464346985
70.98817277751813
117.40603226441817
105.00831334612958
42.84694334093014
106.33907071163489
75.87379396299404
84.76812984711486
96.89092991951873
94.77814958691857
121.7050292121477
53.81748126704619
58.6050036563625
9.264807742652948
49.396391631636
88.669980186472
13.65491644279151
50.25734220278002
52.982048434895944
35.17789135604767
25.019490329338588
74.2027861663507
104.48300254537592
38.77397489769064
38.26919707229285
4.348733911961489
2.4207745423977656
14.077057200783429
68.70377437499333
6.748879950409368
157.3978281532065
156.60603673564518
148.902424496832
149.1020433773981
134.63922613871136
127.10580116754052
136.21091484925805
146.68215237351316
129.85720659733033
146.56847670374844
151.96944668353282
152.8233414695477
161.450449493573
163.36000407353902
171.08513129748331
162.59568362480053
195.04092339812465
197.3026720009213
206.56355145465918
