15.874430143023174
6.793028486005458
29.778075706547213
49.360920330905465
46.664210505938435
8.68383585138151
24.46765335484994
28.92957228246037
38.43595313869979
55.81537103725252
20.21054016194301
45.60995074609356
22.29113077181067
53.42197786986704
29.205747730447523
21.50977039661059
30.67071376568466
55.30340044948425
54.765767273153884
17.567187442211427
44.618034008498284
25.840880010361158
6.114478900314964
32.86059098920068
27.49123160444663
27.721360951001607
20.298264850477644
46.89012568535146
26.438484590434232
7.841168477879297
3.514663445035115
1.489514826135828
32.806098682009505
26.48887302536279
54.508319858410886
13.917463295489574
10.484454213558966
44.493823293944075
51.50474356676245
29.27957134558206
30.688431190067995
38.97124483287247
11.799138564680192
44.4296986364679
27.531662795281676
47.66543502567863
33.93487711155451
46.93512891220217
20.67760015902155
35.828360868400495
25.66015589396032
44.84692817394995
14.756818655742364
29.308903647535157
19.34366454852405
34.86151852555242
10.504690667749863
31.44831332387129
33.67750063883037
3.520116962292807
24.948221289719015
32.06173727620595
88.95548550274007
60.22490795817549
107.60226973732048
77.28597946871244
120.72644580865831
90.78559726847962
95.31667348593416
78.70713207884631
78.98999638333541
106.8253650422318
71.82065172024004
65.16527972479182
103.43253250417898
116.16226992382975
112.4678336944265
73.71312344462
90.99143030298332
115.45809145239838
72.54941501873753
56.20856597993819
123.37436529436673
99.61085705643595
99.88178334522296
97.58930102398188
125.37229557055144
88.75811919033625
126.58760601319443
65.53758859359093
92.10560744587987
73.87340183818601
126.51593062952752
102.8968853965188
98.98915598686901
98.62482415476927
128.95254606342462
68.57298600860702
74.89796762625508
130.3523733979475
121.24283795717169
102.5709239745541
88.04980602605032
73.19741614927453
72.62827596405853
114.27441586027143
73.93682891426188
128.83781612707054
117.12312633417645
124.80509118277529
103.47185823398506
74.148973008468
111.76421443700312
68.55249789646614
131.68925860787363
129.9914420569561
98.14808032251342
100.4858164065608
99.44023557932255
103.21797190038065
83.61444472364403
83.49766113841682
131.9632042683827
72.02882032884777
191.0088025923709
164.81472530814827
171.1884459058213
160.77788721583818
172.93475114036295
180.01545237323802
208.61736288005224
188.38670987008686
161.05123064175928
221.8462647454839
146.14730820509268
188.72375149691885
202.91084056367478
176.37935847973102
148.65256656567098
157.50884758241108
180.03885256209705
155.79960977578276
195.10011294384572
200.87172722365793
229.86876818266967
167.63848899786794
178.94936263057272
197.58275313971922
171.57522982891504
175.37453696597058
182.65582968697072
156.6156150062692
192.38171289632808
163.87360892267017
213.5654539971864
219.11995782943347
224.74798403911697
182.1718508255762
154.61514002670506
208.80456179759324
203.42071429257564
176.0181935143899
194.12103618506006
156.7200582948711
177.55247082083838
152.88628578590112
160.7699491046655
133.09326633629848
207.64571011754376
152.46037527251193
222.5430275788483
179.3880365012695
163.16429679694502
194.41988055915675
139.6661021697118
157.9610473678763
218.5752522707184
199.85437171480683
183.92637250354392
216.38784587818935
158.1803577946764
223.51208460754162
197.19919090072077
191.62172007044583
197.9905732547361
161.41751480815776
18.02162582658441
15.097749771363178
17.195578040348614
30.25355728337922
22.567427891427528
30.726227035716327
31.233359193374334
21.41810803567477
26.561501433219984
23.26203187620025
33.10847620448838
36.152191601562315
36.39224479160933
33.24526705653289
23.331691127450135
28.780984863444935
28.920588636719554
24.223339996093063
22.927577406872174
33.6519677219428
27.28942935232355
27.275975523286423
28.068176953121956
33.4609939855204
27.582433844753666
29.316648606792874
21.765767538946466
13.600880338253258
17.101006292060482
31.59919720413084
17.48906396616861
19.523606411573976
35.14066218383684
13.826268064932352
32.788133248062046
24.017845611775762
23.368721759636745
23.30216420479916
27.32632439282801
32.52415731789044
27.832657062553917
34.957931264096736
21.198730906539463
35.85851068027353
36.017626611135725
24.055157919540925
19.98704986977457
34.908284175586346
21.43863450505603
21.93676552589944
20.746184981437736
19.458860403547874
14.416486534152025
26.266159166157006
32.40045179943951
29.633839135410742
18.207346355839668
21.96024619364493
28.73488684478445
25.32948324740169
17.350799868185153
16.13284317211313
34.9767652573575
17.879722319410632
33.23404568971956
17.476563516909657
32.91220607858642
20.570727627799982
25.94630729586383
30.802650808143753
19.89992027135787
28.11737397690177
15.882803833358592
23.47071573095269
13.566955038678508
81.37531756738127
58.6890939216691
60.61569948567404
58.17332163140088
68.56318655163133
105.53062599034942
90.02413072444926
101.98516576670337
39.971998947853194
54.20600924000891
99.54410423028015
51.508830019595614
84.74714295031525
59.80398536753118
98.77466107978864
37.627083848315266
94.80883990959165
68.63544689151492
89.1580339208655
69.39531197935511
72.73906868169976
47.309294415730186
98.14261230479417
80.26924592528495
112.69184647838861
43.69886310384946
79.53966912849037
93.73102458829435
74.27691205933654
96.90800893868546
104.06144815592154
97.50899929351365
70.25884262923313
45.35349460981032
55.65736901700974
101.48627006732765
82.99392363184582
98.65646693809549
80.09271504454429
101.97486656089575
71.97583736937811
41.817184162925074
82.06646164975042
76.51876698376121
84.78372824440939
84.45656887296337
51.277629049998495
43.996149863158024
97.2851161142452
60.521875929641666
85.93267819336126
40.83834968697346
43.01290113013434
103.55728413079686
58.488384717668666
58.74677357403628
51.781628387229176
110.00712479290884
82.01476968936005
72.43299163991212
108.63857296196072
114.54821385442662
65.40813060687113
87.07732886658458
71.32198546989869
68.35269648955074
82.37132332766012
103.03705667284683
53.18565027286584
71.90172006153824
60.15194096622287
105.34144895079575
58.20551051044745
56.14356098196883
88.78772129560457
121.70140474945454
136.3881406884522
228.846523726872
174.73054979936015
175.13408424039957
201.53562266595196
208.9231674548915
191.41384561172978
187.16234881675996
123.3382365402914
208.86595650327064
119.34383930512642
176.54465162991642
208.57712163661114
147.3192217973883
182.49522429797895
167.8827517999888
180.9149593908996
223.8065289443307
172.23932346192728
200.24742188377206
173.74413194367258
127.19721691930911
203.14066990741247
134.54574729189494
123.78011767782448
173.21598845637416
176.7229725151095
171.74802643681653
199.25231996505542
170.65012796595354
132.52324267105925
200.6590773653152
168.0522378683873
144.61305157522034
221.5634156983539
167.45753497454686
116.833533111854
198.64433311122778
187.96818164463096
137.37895707532346
188.21896816900514
176.95564370901255
142.6627028324652
141.36643930307773
149.34423014089853
158.41310622966745
187.63179687918154
159.00019722091878
154.08937845586104
131.17750055445845
158.73210275539725
138.2944761139245
145.64949729861704
196.90902892427593
151.77839449316392
229.04134144400328
152.03736378809703
169.83058462257566
217.94017754134572
190.8407039405217
126.69306698697793
226.65261810660968
192.78036601254934
187.53151203188514
120.91899757854067
180.8206323597192
154.37601082189434
202.93530284162648
128.54721979186934
155.2728140920003
138.5233818619738
211.23276292147332
150.44458620728977
144.1219084910197
223.88175890932158
192.55879882171592
150.18830214215214
204.41828275032802
183.48292487180055
189.3573619680192
187.41194510795356
136.67465686798434
135.17098508403907
153.99114847408174
120.36891307402456
205.67292084515225
223.49892483181108
190.6000723187732
161.86673861877443
226.11316754996471
156.87258067806658
207.37658909684353
120.78812759935526
190.41038904749
172.10090805264878
168.57358191002848
143.86066633236126
210.77630516710383
172.6863726019594
212.98759716347598
115.10196081731783
210.37713852566003
131.91047792073098
217.21522094466366
200.41164034041972
219.73823631588567
127.63995263391453
208.95071831257818
183.25981803240407
227.7291836780761
178.01068865808458
151.93789433534084
185.02747771538859
151.36515276622413
145.69481807822527
186.8483125231647
153.00106012152588
192.663528890519
141.77801602134332
183.43964085883417
198.56557569892954
174.70475330804487
222.7517685365536
209.02073631908502
129.39863984214162
185.87301263134
119.00542399320702
212.59377290351546
181.23754551045715
134.03678829816846
147.35564585357668
213.42195271079805
201.47424412341513
205.1362036042465
174.0396144391089
158.60383550663
184.67534741608364
194.21513510470373
144.73536521223465
138.37398900102826
151.31998170185477
178.8250132475462
134.710368873039
179.14962409264334
228.13370045471748
131.8997774948845
170.18559964729806
148.03115349121776
164.77826437366804
231.42573677463002
142.07964043565735
167.47476047389566
223.22402269095372
157.11150711966235
151.96535206013712
151.8115421096447
153.1506310887418
173.3641477896888
122.7540584227234
173.83206326611568
175.88533778939703
205.69171238205269
142.77606668508497
136.98394251640445
170.29856821739588
150.66240907140588
159.26804723045288
132.3694347683633
116.18909493356182
212.24219706069726
229.0855216408097
135.66095045266192
146.16150470933778
155.4277675186924
168.24410408484817
209.5472163469271
159.2837663503296
115.54954186315608
132.07776511581483
141.69131525895725
173.1074179774224
141.07560863308512
213.50996154809897
171.66507640061369
134.91515227649793
158.6112586638324
116.50192735430743
221.2833629130006
199.8852175400066
162.39830501554866
192.2715441255356
212.8187515707133
223.2392339521288
128.3714888001225
165.64618431815595
196.65291335099528
198.54672711619736
132.56281444461322
191.40901989261863
117.23176354314089
212.72952489749954
202.73566174401594
131.26872099171965
187.08698834156854
175.22679190442142
176.42819729724593
174.21545565820074
151.1073653885796
175.57780955771025
194.01436478739603
118.20534421863262
200.1967002249511
221.5382498356029
177.71559914030155
204.21336886387053
182.95713660492282
218.27661337730277
224.75427133913809
176.01604377300606
172.95860430790142
119.91695752807948
207.98373765072614
231.52331655170872
227.5215798846858
225.7337947735335
158.3862694521945
211.04109941044848
182.76576012583445
180.94028022402077
146.38769425733938
161.02607372535147
206.5467607577728
175.08919657334314
137.85459882494217
229.52241961515665
121.94757535892893
194.52665560333247
173.08631698957885
175.64481705143146
181.20925893861383
228.3453204636907
140.79822354592284
132.2929199123093
219.90550286923562
171.4981154544364
180.48355535917008
171.89290152567855
141.09185786619005
155.70994725817306
217.74580040031486
133.43453174954135
192.77994667369822
203.83451681474975
160.04227315693538
214.40678249944975
154.96716639684095
146.62279165579284
143.28025092193278
115.0665794428152
189.1130794423568
141.46272455991323
188.46208887340492
212.903333660847
178.29558179903677
145.20819494908363
216.2752599228219
182.27721951516406
169.04117064942886
221.6455533702895
229.69869316573988
133.9572859657199
200.0972146538783
172.63375309725663
137.85872197781597
197.75369528596866
135.75579282176753
226.52699253875934
139.07004363780428
217.31989917096348
178.2716055075484
207.27853361637136
132.27899446113554
139.33011325520408
231.49030884840164
166.3344861452225
136.2748886454562
163.00381553841726
140.42559766810007
159.93476474898833
192.21367312903303
173.45491620651705
198.28103331581318
154.28138918835867
138.50725232164604
148.46474521622713
159.57667686570025
172.95264839399024
147.68035670253528
134.9005719712186
157.61156625685487
140.15147865171565
211.66238384789727
141.55136127476172
153.82282461898723
203.12935184859114
124.99087809305082
149.52099940881126
141.56211448764756
181.0217747882788
227.49114309363156
186.13832171195818
149.46508056810194
196.42890093757836
192.49355697466652
167.43417780898437
195.30936932736313
212.38400580644466
223.98626761290708
162.84194398898234
141.5245762544211
181.0606231607914
212.5630310542195
181.65066906286395
153.02634404130043
200.95337121873717
144.29800035091927
161.64902005975267
188.89844093750972
214.98886751023346
203.55617845432957
151.16681281181175
148.01393038866604
124.37865412796916
155.8002393021382
135.6833478675797
178.76096310405828
207.4004347129026
137.5032062417423
154.4307520922722
126.2512672699124
226.06092372347518
146.2986453753197
224.3079679943114
146.47360292373946
119.37183520181958
180.26590600091427
147.05013755290327
130.71757586161067
152.24469627745304
221.8244659687322
152.34148890616973
164.21717787652096
202.0597794594549
192.2615878182705
206.46731891090383
165.03258373186225
150.21216976113118
183.01185339354706
140.53395317023922
160.84232713929728
174.92611343030725
179.69223600929465
191.8406226406684
198.99012152553513
181.57777564762782
184.26686607573433
210.34550929193546
196.0971083188181
129.13159957365602
155.6065432509834
220.66167331046458
183.3968153565272
116.62707474259257
169.40512940320662
