25.54827721160835
44.385827688825024
14.549422017157456
17.67703125762779
31.990856926790897
39.10495303467548
30.227342691388912
35.82908243724798
9.907120449537395
7.88157555753255
21.297574216526804
13.376856474683464
16.243321711002338
8.707008227071375
39.701951431526666
31.56133330735342
46.675408632106596
4.588238396217335
33.476328412525945
2.228170501745108
5.485384340804654
39.16764328213509
32.977413284901274
22.13720397487968
21.077137621645353
1.6481524079782162
11.452912191536383
46.859488337236314
41.99460007213533
26.846000174838387
22.797735852426733
30.153655465523723
21.827887661088766
24.822095011357145
24.32382395437592
19.78292211012269
2.4810586384959485
19.917422346454657
46.27995889464049
14.025390241737165
14.248093097559419
27.29607792248432
33.71256544628989
26.03220615094864
2.6714902196905967
8.44599269316181
10.858446459511772
34.88631591346695
26.801292542928685
34.563859005415246
35.94492874510045
21.069912622536297
20.72105995884067
23.337651327531873
40.01290905776664
6.147355355494369
7.32107474724825
7.325879118356287
28.58383381116122
20.77089162624148
36.70073381971767
36.708988424048584
59.88836596970027
57.69667736076407
54.78381292972564
53.94521761261897
49.044679554881505
51.315147419008
65.52339601353513
100.89426461294812
61.18993104336472
84.11637478975973
107.07270604644684
98.93188756083029
82.16801056961532
89.82406139038167
52.06932095941288
102.21696543829626
94.15995628745505
108.54328360939202
72.54017501519407
97.02715393846034
60.726981581817185
96.97470155776634
105.21189795367124
78.94097926076189
101.79830106475289
101.91034303504922
95.11719039699955
114.80005496809379
96.15464161564859
97.81750352873286
59.25023771010487
91.4042995662336
97.58379264393923
54.9491682481233
93.5654622063187
82.90616938816694
67.54557822098914
93.51722472852717
96.80020936531879
101.6688340592238
102.40004778167527
59.665311017612254
96.58175845452098
66.50411766839814
76.48331333241876
66.57200490032862
90.91240761108668
90.52050894923488
85.11186673575652
99.7035808957711
98.5026429806465
65.85741258110465
85.47336115152905
65.48599841862128
105.73531417353618
107.16778416281448
91.6999898345563
48.60574813375128
67.7591749640211
83.21513173495042
58.92340768221635
73.02888962487475
181.07682978732748
221.49545752384057
151.53544039886967
140.341131884436
180.1970721479087
199.17194348212365
151.60838730311613
145.80110202767526
155.9505746336716
187.4960036983315
125.52243608468373
208.78956422745034
169.4572645514796
157.7485421156872
202.31858726301493
163.57541785485714
194.41148279378996
178.6731580460323
210.06744173703152
200.4700050378775
191.0923774754483
209.2095175956559
202.5878197110479
206.10638816491448
209.96019567329608
154.50936187845832
139.58495614277658
212.34042817722704
121.11369053030569
150.23876674048216
176.87507527145706
118.13391941748772
182.1039935087775
122.66365900312401
183.28392586439338
121.60697463057159
125.68858323991901
124.31570721752264
220.39945956337635
151.71026115304656
183.01974309143566
161.52516024957978
174.28905886281865
173.8778331074676
150.45364632624143
170.90446156009955
215.21719000861566
204.70339475002066
194.17003707547252
154.2903465735059
183.80744788795369
169.24522496031062
118.95968028930969
220.10563168698314
173.41364932919663
201.27849691700854
226.0076019029236
198.31727751147434
225.78535114483128
164.73725084376457
228.1497426627943
206.05115264422076
83.09395791451777
61.28090966332143
43.626388532403176
35.34792402834448
76.12276602282961
66.12748504536528
21.279306998991068
76.6506781681307
97.65789166771802
68.52959684511261
31.301204054523946
57.48984284963265
95.13128846670384
52.83987435498032
76.40915132329059
87.16849120106801
61.527339601856305
76.24925775553112
20.46044397562914
46.43970401415399
71.37999072184618
20.416091042948352
90.66595535854093
71.21524223813809
83.03855545617688
25.655508822961743
55.2228287681837
99.60952971465315
37.102213595538785
85.68184326882096
66.1898721357698
23.793989383109725
17.94698104960939
38.36048878128006
97.07431156497907
57.094360229444284
13.321635206247585
21.294166856081986
64.59393026115255
42.51315755356648
90.60469751611711
15.336462187192119
36.43605153745996
59.46279221033506
19.237261768590265
64.19740343898513
77.87295829340243
39.076740644676434
90.9965868037817
9.760466791917814
127.1686424775533
138.97440388488292
145.65966103753794
125.69533756485949
146.7651179745833
133.59494007644696
125.39888514289856
114.06430804501105
104.00197655820102
105.9920012069213
110.87351488046951
122.19311290649472
119.37470066977737
142.06162801331408
134.2671665988784
142.5878028211991
139.37104072760178
135.70589334343313
128.73508755381567
105.19964839948523
134.26423015217318
137.46070917940781
132.6802504882691
116.07354795184867
106.68574064715169
122.49390181503529
120.78925683946143
124.58636475284933
107.74272641738393
116.06560812861281
104.98035328373534
106.50500072562856
121.39185430147202
122.24883540189177
137.29709202886926
135.16771915960024
105.49031648386514
105.02769970791198
145.934220723161
108.36861773410467
139.82764101095802
132.49260306469168
130.78936317289043
117.5379347661755
101.6246972554647
130.562436314759
136.62897531777256
123.16795310850591
124.9219735260303
124.9162523494306
142.3388760065645
139.65440648555915
116.99398577337556
133.28557048841736
117.71130026241514
131.71707731531703
106.12560229704297
113.074160086449
114.00877539126394
104.04692687520094
107.4104086284174
126.93216904120237
139.12204251806952
124.01846286779539
125.30613976944223
143.1989827536986
138.75715422848708
104.1432059511537
144.67427412869407
132.09846010621214
111.95575792057099
101.39398274206393
133.83006987244764
142.49517906732044
139.228655937073
124.28047187060764
125.23378684801516
120.2966637339244
115.83826481095954
129.86538307906912
124.96352081265093
141.61904904847384
114.60242486302904
110.78106962166696
122.64401294940868
148.2688633488776
119.60528120643492
101.03008954762737
108.23175623920328
140.59231559112644
140.9313215299816
127.80473737243214
139.9421095594744
130.2335441023296
137.6170343295769
106.31076044014539
112.26572517907454
109.23542506154647
124.75683531463066
119.1206904928882
120.18843212632949
101.33863316777659
135.8689103991584
131.9748785963123
130.72640477074756
123.41394634522837
105.13152022195769
118.51758827111097
121.37360137835577
101.92116934006334
127.78498310059736
111.41525595980337
118.52354780417312
127.06450340735547
106.85233498148018
106.42385012777673
107.35279564678436
106.11014376827696
134.43500325730332
108.545856858638
103.64076628705877
141.05454698263893
124.75127314997775
109.35006068783031
103.219094986165
117.7930259002436
127.5314385527854
137.32550248207428
123.31706003773904
128.89760076436536
143.34993961489133
140.62885155870504
129.50384472480965
132.89026492599785
114.61363886544575
138.758059437073
104.20712910465832
134.57251342873226
135.72863793365735
117.22734145623828
138.59208478798396
112.63739749727769
112.0329682360879
127.53091596081296
125.34886261507259
112.10514367007013
120.86224209414306
122.27618184807439
123.86287466709936
105.16376340713947
143.98452219778528
131.03353229953333
124.00505724969594
118.16525277749359
108.09039314149067
129.544050847887
148.20129979332864
125.74416570296883
115.13362908759117
101.75979829855977
110.7253978043851
101.37616766598634
119.2110559904912
128.979482363355
132.80021311680784
117.21104935327794
136.4870147893245
133.72844099768747
127.98906540258935
116.79971798423477
130.0810802823822
129.014889276931
119.96393253160299
116.41073120652256
102.2362285980635
126.74729785375428
138.5127956732184
106.91745964762121
118.09337786634379
148.87761873498422
107.82168109989925
112.97189091212402
118.10292590737757
102.32953197159736
107.75587245779356
123.72921139111777
133.59384322909878
110.17520064333581
136.9702827397318
109.61678323032561
119.19014638381867
118.03873085266885
131.9730616197593
109.22510449234892
136.02752935011176
141.08436897820408
121.2913851510237
129.37971368728128
110.30694068463536
123.95793862698055
127.51775259243664
124.4702759197507
103.308129368246
137.40338225302813
123.16354882005403
141.46738583257041
101.335889168492
121.20806624066618
116.62011300859444
128.04683919818717
102.52446849912943
135.866281957301
138.07856170934872
113.88906087851588
142.26371576236266
105.9787344165763
121.42411171517627
123.59079334834966
109.50289875749797
117.91766592490013
129.7043833923252
146.63448480807278
142.44274890341865
113.73285515135842
103.02679827045387
126.76430767012583
129.2256845340616
127.80383533198095
108.41735088691453
120.1892820399805
133.5756375886564
104.8999524286791
126.7847550630159
136.9463135970909
141.1553472661388
116.33481161126342
124.35432754155391
117.57276560525621
144.7687338573776
105.36973172699706
143.40275157221635
136.4440759186101
124.51295708334652
103.5808348178445
119.91499116774283
104.26224016808993
101.61450507761165
138.514304008728
124.14386321977435
119.27355348598711
101.76065426588698
107.03985564889734
135.36839043881236
111.91084792122004
124.56315764985743
138.31486037623208
119.93999232854806
114.77364219673929
139.85133682853385
127.52492416301332
115.08903797313917
126.97882681941721
104.02836138886501
118.61681709320011
132.6137921046261
115.09554410380551
121.10262105100189
130.41314733580634
124.9966421820176
106.26480122464208
143.1926642505121
119.71289845461217
111.14107827215891
130.52252210600085
129.4803760398071
144.95057312029746
106.20249000869433
135.83117959024813
136.61031845821046
118.6204928349787
115.2199997479218
146.18393390432465
120.93068857461014
126.01210672758955
122.37150584386404
101.82773275300042
123.05817656990851
136.25031272711715
124.25982852161609
123.09629757501884
145.71543031839624
148.22519316438027
124.01655299791567
120.12218172705201
136.09306114655064
104.29806473535805
106.60099466008816
108.96348412816845
111.06210453189384
109.7459698305585
140.8509578694599
118.26186117247573
139.99652906427204
103.20503477770976
140.1651407979482
137.6794891458106
102.10317488229961
104.8616432272944
139.5150632058947
116.64938250088726
134.98978847622018
127.00613582065023
141.93460992830381
132.54739027933547
120.03909568006858
134.27184759501696
137.74705562325008
126.27541564932758
121.64059768983992
101.93039147811913
129.81702325171392
110.95854437800526
144.0995769945025
147.1885656313395
138.3397929384588
124.45950580875193
110.27543233316804
119.73201516513457
113.98908245872211
132.50792506323026
105.91620000456697
114.97327565584195
114.7477729327943
104.04634708201075
136.4997048592363
118.05764933086775
146.47222177394377
122.45034902046423
117.24410399248636
137.56559710974037
122.6550138426291
129.62865369881362
127.9669269116329
104.85214294288383
142.24116190082015
118.16783485330194
114.53707286873761
129.87712779426573
114.19815805413285
116.0440707885626
145.06896894332445
113.1436969293061
129.8278762178778
125.0670798067386
122.92810182705557
115.88750135502617
127.92767408635966
126.46807386554494
148.65070711816017
126.63139260903964
125.73922815914771
112.53326393391411
120.61360452505909
120.4987847380586
126.92837688174356
110.0189314905234
116.06907448182584
145.35287605594976
110.56826892204441
106.69343042148517
124.11806380028528
126.06886349839937
134.4226842097669
144.2130303015807
139.43314252513235
117.90359607825266
131.59359787747007
119.5568198070244
138.36363331869768
102.97138377104832
133.23787344284298
145.31390134627176
101.18446743247095
132.06318118636003
119.34129235921581
141.22811658834274
107.00097937272986
121.24326287626026
102.97272034029034
146.44824183812466
118.05904405126518
122.69897608294092
135.1346087327422
108.52688262002346
107.31890765007952
105.67083148153378
136.0388307066745
114.70685451570384
139.29233738349296
133.7139684456051
134.9708833249821
113.0507121174839
146.02293811487593
147.1230651976193
102.06003887919069
121.66069182768177
110.68027802357219
126.76467125031819
102.31611526278667
145.54236777274076
110.97226864446745
120.4652403784415
115.8269312603127
115.29124254944702
146.19708702673606
111.42134436405222
127.1942555230767
148.7387325203057
125.63799612350894
138.84737703416525
111.25608511760636
137.8290387351796
105.09181169520652
128.8556014519764
127.61099139098123
108.65902354468304
127.24662357928672
133.0298091534246
130.1576992261596
113.31224528810168
113.98986058555278
102.80192151699818
125.018093960033
106.2043535061775
138.56332822815014
148.0800203264358
128.38298602044694
118.17204659269771
119.15443925995659
101.83505348585608
119.50675503741246
114.02757343346207
134.02401626763609
147.4780039406603
147.12380076197877
135.95007890710926
145.1473489928594
135.56948551035708
101.51061919246965
141.31470981770053
162.001279886255
163.40138900290708
156.92885889589977
150.344167128973
158.78954192046763
168.8525275756664
159.2429238292904
164.1528178549458
158.89083799380097
160.51863607155366
150.9196672623216
150.6659110712307
168.90737609749587
160.61231313450156
151.32463789482208
162.735098871014
166.968940616501
154.9037951448362
170.01446217526995
155.96481210474758
161.28380387684433
155.9226084345321
149.27483134820827
151.08628414497238
161.3452786551981
168.8690358332393
163.026495500042
154.57235095089274
160.40241897313228
155.53723481678216
150.6796838610299
151.74427028432015
152.00400926647362
165.7388290879241
159.7117121077282
156.9232754470866
163.70410296138635
157.84397241818183
169.69608322363663
164.6534522054329
167.11453633286465
166.8355802275747
152.6686702582347
151.60660993586316
162.8793640542119
163.80538885061304
162.66182011091163
164.50897991222482
164.5918721626915
167.24920507058502
160.60639760868273
170.2667751790815
152.88360550173192
163.28238330546117
162.9225249558481
158.15580101167842
166.77998251965596
155.21862404373888
154.9512453714815
150.9967644618387
150.99290386441382
163.95377534509532
163.82375847837073
149.35436804296043
150.83832903499663
153.44725097267403
151.92672923287492
154.6512020414861
154.2942260195657
157.5263741276899
150.79619346691535
169.40482458705256
158.2601594513549
166.56286699676446
157.876229494043
161.90864807467017
150.29809729446052
156.96532804479196
161.81911438601443
152.52367974205958
167.09532257244334
156.7206860168728
154.76989663901924
168.71754694009925
160.77164905849108
169.86552574273088
156.67485769485165
165.06870769876912
170.27742941081092
155.92162635244136
163.07070949114353
155.81600082828626
155.55542499528053
151.8091983242674
164.64421545395365
156.9496592150182
158.27749957415858
154.30024193725234
164.08248196384216
154.69245666956527
200.98792229395818
227.3792546782676
178.3355200752643
207.15486903469287
200.34526705337004
199.90101587791546
231.2637449532398
180.15639483234173
194.15439501187635
210.95444419121594
192.88303029459107
212.35756716464752
181.24219585858427
181.6599621878749
191.11452261559862
183.41544872952866
184.34146796032599
224.0964970348138
203.70100238233124
210.5761319657782
221.52536984405572
217.29824670709644
195.8331875012394
202.1639094700467
173.578256051662
217.8850010862714
185.15113402105106
200.459011140879
204.9046188653231
175.68678540753152
193.5993044801452
211.52585059351864
181.31618664929255
200.14684012437996
184.6554922513709
217.02897099285735
202.29435715086677
179.97795910832224
217.3493402913045
217.06906039401392
219.59785908996105
181.52573284846642
219.99869423841326
182.24956690137853
230.30630488174432
218.2122935350459
225.222054155023
230.73418393524864
183.2149510576486
187.42389309335888
