30.839127895820667
16.20047778552822
8.567092787505782
21.01551095910628
8.3773432037211
43.33279273122445
13.347191540548007
34.16936348197529
56.26695693223547
15.429239754897988
60.6555581349663
7.7641086311953025
55.91241017000503
32.281144738304164
43.71466647553957
44.01677043393169
44.932282226392246
64.44342497121997
55.17689381476228
36.49623125004436
35.96000361976179
9.950103795432426
36.218166093085415
22.09861008619372
58.09180721165853
17.152486327534827
51.71584124155971
9.832286460900313
23.88534581086829
33.141291246281206
53.08062549065597
48.967846767391364
52.03834843907013
46.97833905713231
62.93481558866223
16.94755135023628
43.83922840676547
13.452602514484155
45.78246868347668
19.471208608389162
29.70873692007012
43.137537627761034
28.838061001680593
48.84387974191302
13.067333454113808
44.79751494442061
17.07254778315537
52.754581132285026
59.52800541916035
45.80128564769359
156.14753771332727
72.2678920265337
117.24714234663176
102.6515157984421
95.80061506370247
118.57765220648092
108.23123294762976
138.7761211711047
69.12381373752403
165.7133762944378
101.39227035187771
108.46527741571411
132.9055979436506
167.88605609723172
130.14563779703653
137.43579782080218
71.31417961632835
92.22838607863767
101.7057168781647
69.20053661535114
114.12913008833104
160.55828441600866
83.23663607257966
164.5388207504145
96.16766836276742
107.22345248416481
137.89194610957068
67.33429131239407
105.3493245468635
107.43266104251279
124.46475840835355
99.13168467261666
78.83655479378422
157.16752789828666
126.03456405118982
140.68492090205274
111.80090901590457
114.70146734693503
73.13157935217262
95.93409680388997
114.52500422501922
99.90096171859828
115.46831213036187
155.37125143964693
164.7837598269111
122.53140070440423
128.6225386534249
78.45014971630687
103.47897651863101
115.36648188445955
195.09190694158576
213.04682427923603
212.06420196953013
305.82447301854967
219.0433735667319
332.9160915156282
299.6342113086178
359.70981706063725
199.5648598697706
260.5180797168635
291.34861110079527
295.1146945065575
298.37703696722843
194.41279854940018
240.04798233683874
233.86399754681122
236.15680243567678
289.2342168795687
316.70144252643246
264.3760459297028
215.90944460474168
174.81814920188185
272.6416341595333
203.12536046632647
200.8914858596048
297.7162540344732
174.4315859709549
334.1610749069767
266.3427745521284
316.763522266218
238.13236278018846
329.8454027406045
327.00608757007495
195.30509824005293
337.80827341422764
200.25235411346844
214.61281160749198
352.88243169802104
217.73337401631483
260.1559815216863
218.40529836133433
201.29775598184483
257.87562599483977
263.3349437811774
234.06607588947284
346.23824206538325
282.14991022965523
341.0442259305303
254.48088665326816
306.8072614348466
297.16226560562666
213.6792957978472
233.09772268015448
221.55962048763945
211.98069186670128
254.37290507178852
267.2773916188762
318.05192037281074
231.74978005447238
368.4067469011053
203.08326888295358
361.43864347094336
274.2749341871584
294.4097303432544
270.9642699777291
218.84864567813557
185.62800612684939
331.095232437051
289.6855017571917
309.53872416273276
262.54533768674776
296.143329118629
340.06416841930263
266.9488492931152
368.3250009931452
228.92354726729388
185.62068933545257
269.87519643226017
227.89641141676256
223.67108613749764
197.95093331704152
276.6676030796232
215.13873143925878
366.5813320441064
240.85997993899147
347.1967996139662
359.606813192388
315.127193597623
191.51143679820888
182.8854054684387
275.4631482002583
258.671712610778
332.069281181535
190.50992245363227
340.8185242828656
318.5697401438311
244.144516315636
218.73258335025548
314.5504286844424
366.79294457522656
