12.034341620422389
34.46942148914011
39.79337347838969
12.080230486126922
12.718643182628114
45.483227741035336
63.56371356205703
58.06630939358482
54.80373249842727
25.15620001303942
42.48350671416456
25.012322954003373
60.87115652053454
23.713170385408674
17.277095991547473
27.70429477523737
27.797165980414007
61.99737606255041
68.23425281557354
55.242902775953496
60.00946296059887
47.22707043354417
13.392823527410961
66.75197615216469
38.698655104986614
65.0039433802037
23.527013561282683
27.51046163054029
22.74876102423346
32.80798172421151
11.65972172352598
64.84206732770373
12.462137692425927
13.30905206840211
47.15344904772801
6.778606735463516
36.67594091891641
46.2608546028239
23.241491488328837
50.02654335164727
55.21107198175085
5.188513051730585
31.57280566937172
13.205779388291706
17.281311859239764
26.883982805886728
44.00871344691916
59.72858985372376
35.3471487806218
42.30575439707909
98.88918234625882
179.9646149655633
180.71887986088518
107.1437902628376
122.98696150834647
149.06964311345172
122.40419312090229
143.7052339232269
124.45230178394408
105.7224083790226
172.1374087831706
126.0278933139895
134.58128834597565
128.76096211931943
79.42816515781539
149.92541928346532
177.01844768968073
162.6297610499733
95.53783835768257
84.62033511195698
88.63991166446063
184.22879186577103
119.18126894530143
90.22415398601181
142.82577592703677
119.11424163453145
142.76510333131674
175.2116352377343
100.85379297787935
159.48814385596043
143.28110028353692
126.2466841897346
93.5451954175426
170.97171367115874
134.21095783425488
114.3754808418667
157.17854138226718
180.9173610733016
120.40814403807241
128.90313198370615
152.73680583266759
125.79762819192923
78.68357246887524
73.94166329279801
109.58284684487575
122.66109121811724
121.74326488743576
165.58850278064182
162.4227086729124
81.80046426017117
96.54050228645451
140.2814597791995
151.0310518250393
120.77624946744747
148.94443607794287
171.76071833888977
120.99632477980968
98.90244581410546
141.2752612399651
83.05375750210266
166.36059232833168
171.1469266246902
87.33312892711346
123.57765859344272
139.91723864363288
116.99289601904339
93.64678037906353
152.99916297065758
109.69627336487957
127.03871858179042
95.71058010793303
102.27096780711328
109.02581588759597
133.42528112170496
105.31681524563267
101.23705260403358
112.29215176607735
94.42646258722006
82.2343962924671
133.4997448275127
147.5223726352568
87.33564003946397
171.4486662148019
181.94217331785248
156.21051555294028
118.93322387663713
146.06053500398642
123.36740755844903
176.4661578368914
142.0822996975845
127.80664344943412
84.28162425579542
173.31417621720527
73.16283731161273
97.32461356490171
134.77542936214337
128.9822297359222
126.64847887565183
115.90256512857304
128.4048126155472
302.9034801237316
258.1819545004719
291.26878661822246
327.8957377528976
314.37104449357213
351.65295751401476
268.40023041154575
311.3883724299822
262.5596075277762
362.73526177278404
293.80364317209774
236.1842270937649
338.23296392146676
207.77368588966704
227.76889532893236
275.0585732569621
293.6608169878155
217.0643842388545
249.01128869114805
312.34010792638054
211.8176162405111
238.4726424671178
306.11288851275236
289.5137009475021
216.4640914093112
193.47949408998937
188.1748466203937
255.33789797254002
323.81562464480635
341.5242100204151
323.5091113181605
349.622133361087
207.89381418834358
248.54449743687144
338.6954082058046
299.6480969785048
252.67065065764413
207.8489682761906
232.366171049454
259.3167005102539
314.3196129199176
262.42182903240683
354.28986514478186
221.55224999186242
316.0982755638298
363.39923183165064
334.8412430144594
206.46246692083292
338.7574690738603
213.2192761205601
18.997646795453768
107.54796250341809
37.77236869766941
50.542505062694524
7.760730445527223
99.19927585881652
103.25853901012916
114.1620467913864
10.499634595073047
98.67269543659057
72.66899036224395
54.954525088033016
48.26089348892367
80.87828018264882
35.06471185997998
91.36678247118274
2.175395718440427
0.6052074121573483
81.41826463181005
42.14007728240926
133.12904278538477
148.7615509629442
154.25088865772668
138.456840770311
142.8733445795301
154.17090471321706
135.15485492076255
147.7787730593905
161.6198981012472
158.59225346781963
133.72755165124886
154.9251401298573
157.5347997131721
127.19356188749148
125.14458328723642
153.99268682797785
138.25139236931483
148.02983939931445
140.04174353125657
146.60331788566617
150.58182828573422
131.61128074159956
137.95528146118076
151.94827152625646
130.3466985603697
145.2242061636791
132.21131687318962
143.8258930002027
139.50346933074016
141.72124691223607
137.85511826634627
146.31969695898457
143.4729583897976
134.6392687777385
150.24863488223534
158.61685247216872
148.44365720641116
154.17568386304953
124.27507483550241
143.3164789639635
146.3273310020184
150.72884457722836
161.58926459721025
129.15966236137103
154.0497124256832
151.52571538085243
130.25034573385034
148.31979465928512
131.17365533485122
139.34347594493522
148.598586397498
161.18902902098907
138.59070711586983
147.34876856361396
137.34320187066388
154.4223380428127
153.5324930644336
125.26458314540928
135.79726975696744
128.87524980315203
138.19605108247234
129.83429759343574
147.42126970976878
133.81066444837722
159.6646447982755
125.10778643517799
158.8940132020891
158.10132193468337
137.7519283315197
137.5867587226099
149.35656647983984
126.42726260582666
142.7435679938244
158.31152761617625
143.478411014639
153.9683717593364
160.08216313283012
142.53890187124878
134.34708741685398
149.19628029542648
125.24530309292217
124.0480596446524
129.06062486860102
157.64778076114789
150.21887748466818
134.54745000429222
139.05507640697132
127.25553612152547
160.34566501579428
132.71493231126033
134.8743332436828
149.5177470082005
144.67847286096077
143.5233201126433
132.6058960886081
160.50434091680225
136.82711959078688
144.52794560024367
140.18956559295313
154.99190933264686
160.05933929100496
125.24222284851561
146.7107362089676
160.1143048555592
157.28491293829623
133.05702175611972
147.76618965805778
131.01974710688103
130.21877452572105
154.68162135571222
132.4554816918709
129.25820415145455
133.96944806017993
144.74378763758537
153.5960101517138
125.01096059467822
131.06357850507692
137.04723693305235
142.29808718656693
161.21841460781314
146.96081588252608
140.55988632809672
141.44037359920907
136.18841654669347
151.11316273497613
140.78215033200345
129.74442189807291
138.10861231210365
127.21664802557952
157.69115338784837
138.26311116821233
147.73938850450514
141.26016999733048
125.92311916096898
133.45014634420025
134.30879465114066
147.05122163806115
138.0235442917068
126.27150000275716
138.105866023178
150.83626356561123
153.3017983794953
161.14744148294858
126.64486675595252
127.96561708255683
149.06571522493093
130.42635631517507
135.4649492528127
159.18615000017144
149.0541205151816
145.91662212274665
128.81580718965722
155.4238589151626
134.12345369020102
137.12553804183207
138.32015437233122
158.03467868853946
128.27746050840054
131.34447938073436
124.86844708830313
134.37465255571396
132.14606109060207
129.74498948522768
149.65186520295524
128.93549650813677
128.9225787032423
134.65452949494585
128.926825804724
148.8536269256675
131.72687405663132
154.30901437350227
146.9421926337862
145.64296293499842
153.27309847844933
124.23312518719169
138.02191543377447
153.08141666003962
138.61635516451827
142.12749459392316
146.6496938234727
128.68784753039338
156.84010415684892
141.4706093900821
148.73947823422714
129.0769823636554
136.26139219954214
140.4779058859247
145.32768065522748
131.43989365549197
132.5447903706434
124.0052272863244
127.31502607219682
152.77069115425454
126.7124800457262
146.41651716620646
147.6105734477433
153.7823783544471
142.91227271488012
145.49938553567512
149.83368190008946
137.59324182105132
155.99181890350064
132.7310494968771
136.32111349087285
145.49418835654214
145.00399354064666
158.08640177806535
143.5257115660415
124.25645245273193
136.7640623166541
139.08141843080634
150.36557693467276
154.8776680058485
139.50109241842193
129.84815357121806
158.88511949373645
144.41603873053214
146.91352921850054
135.25864207147853
136.90704907883992
157.5169888260504
133.35356991666262
123.96562202500114
127.13228700998161
139.37025599814285
138.48043050365573
147.9005549810141
141.69814876267515
146.2848237397103
149.60747840378303
147.71740115237566
142.14164254615432
146.2081762047108
158.46185063628235
160.73776302198874
142.09146792134112
131.11233025875637
144.91894136018445
132.4157675438523
137.16340056551329
140.79373459041176
146.31032075880827
146.15111886722565
134.42206193130735
133.86498911722808
142.42459164290003
123.25368310144115
129.83478227704347
153.51587063927585
151.26630327203065
149.51852851593924
161.4289214201144
127.97800409810965
140.41830030274883
138.63307798758038
147.23610324181314
126.91604850277996
155.96178031380347
145.23679945064376
140.6713866424637
147.4273450817034
131.36386100783832
137.4178689844972
137.43648637459322
123.1610867033307
156.85308072522986
145.0261472996542
158.72030947539375
142.46590178020654
144.97975569175327
161.43138423847796
156.1348087344475
149.1012485603126
159.1869250377831
155.35474754079235
146.3786004015804
139.16315585171714
126.31536989172369
154.58454759927224
151.674839919936
159.8683722720955
142.4814688397401
141.08800755215228
132.52499954411456
133.54133832773832
155.21731328893193
156.3031760370535
149.69229921228364
138.30159152232605
150.72101299793712
141.2346506033817
137.6331519853336
130.21588887158578
128.3823063294411
136.39095688000026
146.76590707944257
146.37805552931346
143.22910878143472
135.45575248665367
129.0940373741534
129.67850318968962
129.22226172036846
151.95595849213674
159.66933651575673
126.73984767422054
152.96341699274564
135.87803796743856
139.25007780035645
134.22502406300103
149.50062977821264
140.5176810289458
129.9953896984454
150.03160188221568
132.62668545457635
155.574633104259
141.61073743687697
140.2218717739924
134.45226669575152
156.88486989777346
158.39339977348226
142.50798301820004
154.35657947151552
156.87796695378228
141.16066637889784
155.78256468492776
143.10302394234463
153.18481018037784
149.7223451164003
136.6602783253611
148.52697349403078
145.31372961311652
155.42122272260346
148.78355995781197
151.75936280293084
142.96130498123537
157.46040483914885
149.973732929267
132.09097188161974
146.1219090719675
157.02040439898173
134.75187940294734
153.41718637016112
138.11967868005337
150.8809016428323
157.7640030029742
140.7909892652271
133.39231947346065
155.50734001302322
150.6427192285163
135.50934883331686
131.2285970912776
145.5097917751412
156.40895182237261
159.44913629720796
152.4040912566447
151.9695639830037
144.6864105712452
142.64373491021462
145.58636818084508
154.8906116004386
144.87916907290162
140.83124322199467
148.88446694415785
141.9510388094519
148.22808401808985
125.12813185015416
131.4076357459844
128.03489447901867
153.75243799697506
158.3124901876928
131.2754841528955
159.58440732632124
131.92999568065298
147.30694271741632
145.65932007597434
181.49572644611777
185.04483927012834
175.11455262789852
165.1920115408151
171.69088573047756
181.95843112881542
167.77716451322854
178.97526716937153
176.15888477103906
166.72936503158522
172.462097265803
181.91708889448302
168.90491632927282
163.95930105790742
178.30512191108718
162.32041112457165
182.873510460545
171.7762730866683
170.21134747009043
167.3352486116085
168.7329842612262
169.1043751821395
173.5746031654772
173.6334164079066
179.67192153905083
171.93709136007504
163.02266797224442
182.361974609365
181.54132419301413
162.5496066445265
178.8621706879919
165.9710639987561
170.76368646820507
164.62197824310311
172.30676382878846
164.87343772607613
167.1223670656942
176.27512700334742
168.98290751014514
180.9626568581394
171.1283515540888
176.60994524746803
167.71385015373517
167.26550248160729
165.24797563170338
172.9880249448378
165.33457914518897
183.27654371333966
173.80891221382322
172.41405167837465
185.6088646213358
185.9637124911514
181.9478317230365
165.0437923886448
173.24881899882766
174.72400507442578
170.96575869654802
182.44853696033618
173.59132080435407
164.22693956195008
165.41749653320022
162.66655508318595
177.7028042800513
182.92825632492242
170.43085833287967
166.3417427098062
178.03024160594128
175.94299783085506
170.89416029048755
175.20717439366885
172.75496076198607
164.24439065246187
179.6179205529981
174.41704673922274
165.28118883556797
181.97416171225774
170.19547635115057
174.7419491318876
168.75164070446536
174.12200030922398
166.59299532642666
171.64326555655805
165.03660223500265
178.22901100927962
178.89153318056103
164.9929806897917
170.89663370695075
174.07897731208922
170.45057751785382
171.23667493366975
180.3354204394008
182.87202002745533
176.3417286415886
178.0324795525198
162.4996417818109
163.99957322560556
164.44973091968006
169.2854353629551
174.39340187551065
167.10970358555267
172.43765807742844
162.6168176207693
177.82577387494612
183.1768943076237
201.50092008766637
203.59792001612865
200.7541133306998
208.11147634766584
208.2408117155871
188.79533849672805
187.9813707026703
193.53969910943616
194.47854668724577
193.0838188944747
201.18232086253715
205.7520029350294
195.41787328379917
189.49922567763383
203.92557433818035
195.0866476599077
194.9329466136149
210.55609598342795
194.34581365741806
203.54767974705766
