24.700890514376994
58.84100326443575
32.85775432440174
30.375036043868228
9.807308530589523
35.798526538079116
39.549210951323985
28.667920734740214
45.22575545833713
39.47819982467797
42.805038362327984
47.63082977064803
21.78623708639597
10.81309788557219
21.842312655194
8.177397858271313
8.864174226069274
43.05574888771626
38.62742599839672
51.90618925694767
28.14578570172538
47.34454243190379
48.78931378793543
27.832656598461828
19.621247737632714
49.97109525234643
11.134317392761286
18.77856347643622
19.42307405895869
6.238181430376443
43.105907221813645
55.05080157140036
32.495666852888384
26.771160251918133
31.310348396519935
7.174427515089107
25.494576641350257
58.91524284706556
47.45939274248577
6.765375244105929
46.91010351937369
40.09373837459885
14.966125097588677
15.820544571605275
4.033370243662581
34.48783214879929
51.79114611507862
4.827498674716573
20.618244730498688
47.63770167273054
61.10431029856613
29.634199039517654
62.829074135614924
32.311752839006736
7.649261259869231
42.13064744341573
49.43095948522448
39.38932484799272
10.375957952569546
18.673784872944275
5.144312595310719
32.93534507927473
85.545464927599
151.79333325035438
132.7494091957078
142.91318504772437
147.2454226434652
116.8292633092607
118.98456112274872
131.1667111177682
74.76315346086076
111.39368125511378
150.82845413584965
139.17111296924213
135.52013994218177
117.59699789431248
137.91715481271353
138.7015543560889
128.80975710167002
107.31287570530228
155.7836632956006
88.07773806415327
140.88002870316126
120.54814472163625
129.40552113979547
108.8889599779859
109.16153183692225
118.46291012773005
88.45797204847969
140.58736394981722
66.94404723763277
120.66305925723756
122.9485651956989
144.5228255710328
141.64843035252107
96.6481191101047
135.20561085852944
99.3432746379464
96.45889999686625
110.20295126892907
106.93675644909473
100.52584372458168
136.29003004264365
154.36114025756262
78.5051685836638
80.0700534476314
116.2686090998122
108.3868375382468
111.22528112691899
86.7786145734982
76.20979104961725
134.9529932207967
82.36036709793075
70.01344928014629
109.68644311694885
127.63828311649884
141.88644809658302
129.97994811726477
81.54675586115732
116.21286877708552
99.41311916698878
116.03661798866037
93.36841065162972
95.52340149256635
201.69216964816985
182.84563467600796
166.10574735667458
206.36935345350867
174.05736609118696
159.31293155557555
190.646833933966
305.4428192617888
299.8099941007455
249.3396049477163
248.44129949892806
290.2352886312877
259.7748308034225
289.7258840857487
180.84590431781237
199.28531468910091
222.57174648795242
307.66174346166963
186.60547953120656
269.5551799299603
278.7733842891634
227.47726124403627
230.2638324151657
227.31490457062603
280.27630626899764
170.66889333428696
186.58733396339264
194.57253776602712
197.93360973611863
283.3602121065982
231.92942297989688
288.2062554172917
203.61902407583594
173.25739872409574
200.5348190904195
287.8188127564083
303.08763921083465
258.5271532424124
219.02772835804493
273.5922108120289
220.37104588338963
233.74971162579058
187.94265148472493
255.3040610968235
211.29311610800636
164.31592794002538
191.40022462491544
219.9198817624052
266.7924571519977
224.15708916638815
179.53121585404725
267.06650208630856
213.75665915799087
268.59234651016226
297.9109592015539
287.6044006782117
237.32713695672734
238.48941857915148
258.2256400548705
297.6834215803161
227.94210553111824
203.20558738217255
108.9807539303714
25.932612653592948
116.6895473314059
73.07587075287412
93.53706384034717
118.58162158970686
67.97551190397355
67.06784974660528
33.293671748692915
38.08128547482256
108.31029292775754
55.772820993726235
108.24632304537337
68.74890303215285
83.99375756885674
86.59611987411293
34.76210974372691
8.498285090361122
50.3441116771599
119.96742471795173
70.6129809322054
37.817727222788164
102.96506518829494
75.59799697643004
101.21873275542511
123.32580038698558
30.94296409182303
115.38581212519613
76.24851440637394
82.72676142802511
98.28244839281223
122.3397208845287
75.40040534458815
54.165809761650365
48.75331495486258
94.29138868662235
43.72028805058844
55.55850807704083
66.51384839032002
41.243779714019226
24.70063582408016
119.73697256067729
104.55358593809834
111.21839615274521
74.41788596116588
51.69819064377124
76.40307841285528
85.38019553504438
7.6738003537024895
96.90076475634359
100.45221940019078
66.04900958745887
52.85059268951302
49.76867855299781
13.51426730531987
18.01063714551541
17.56951708803269
51.594721496754474
33.656080506060064
62.970111595627365
104.37763141521168
23.89571599633976
90.05469195768102
71.17045305367009
70.44128135569566
95.43939580587154
94.83484061059168
37.77905124553243
67.00094027099391
15.138449229109696
28.128354848531224
118.0035189109751
103.89475244233526
102.70917999289622
62.83241484271584
80.69049955881708
42.557914284597075
120.0259523438755
12.088616785157164
61.58515792857916
42.89098914942
40.39309382320674
32.796407950296256
111.8827984213347
73.77493801605831
42.99367832431352
96.05767330163434
16.91039547508028
48.581264533454075
44.191340486681014
75.73238440014765
82.11455086615469
34.10963539764977
113.10512634956464
123.4653434102232
67.09710508280874
104.67928674700912
9.888846593154867
60.49569694025089
102.61056810093034
116.56779996234741
94.92395702551079
96.65548052571349
86.01949487514962
19.01923223282391
110.59858678292065
15.912741975751153
42.765717925445585
71.11707481172905
76.29363335455065
103.15494874748953
118.34283739104282
100.73531169076533
54.64083085686208
85.79488882912099
103.63241539790243
9.576136189114912
31.57123330391908
77.61167911850053
63.501329342016454
64.17240859839764
85.89382289442214
48.78580479635444
105.62408599503014
65.51615862661143
102.69390241338448
25.59417189683132
88.3042674980224
38.13359517799971
56.81919336656121
18.086354420892995
65.19418813181305
112.53065382977223
57.95971579344089
49.103841025591265
13.86753841214572
60.457155542191536
31.93742831591271
115.71498918906426
51.343359812717075
54.27592278529177
69.74526814704844
56.102188673132574
88.00681130082552
55.65053950840061
38.03206410938449
124.60927368861363
23.053969303555988
99.74674047905235
109.43758958709856
5.9857275789391835
64.62758892933849
29.43671755859218
5.604771448022923
41.43987016584197
29.588324605605322
102.64541106310324
44.234900558178495
61.564991550300284
45.654289178717065
40.778925141577375
59.071068368206674
80.32902411814145
64.49241198282304
23.601831937256676
32.92326838262742
8.38497221589153
51.255115438424895
115.53804214263349
47.45872608235985
109.93670174767207
104.42604697085413
25.368413958185727
116.41693808509244
110.32206109430749
100.85668970616851
115.65003110290007
91.35384021202327
65.25591105091229
72.28959341466688
39.55145076473069
72.39647144929437
86.34536667686562
110.70022041040633
43.95635952389983
116.95171228974505
60.279496018591885
93.07945734680897
114.3378235879681
106.87782564125857
24.32702471133485
61.55710979426842
78.51565768374
108.59185888806333
85.66677585495552
101.8548326539228
96.14137051984103
76.89073572197394
61.00441553183341
97.30684127535058
17.599821671687373
50.677237747636596
116.51279532930768
60.920607140013544
78.42727469054202
16.287031434493024
10.528335374295004
25.845932372710678
68.98868142801788
34.63399653437283
52.97300361425394
15.984462005655097
83.17651374744013
39.53344965068662
123.35688126733314
90.36526092595021
59.687941420112864
120.50833012858192
15.252790038836977
71.08517810871695
51.33679066612689
110.38175283377437
112.85634788189714
38.50439031512626
56.80613644971574
44.25315382129405
41.88005312890256
82.96869666323414
74.13308001527749
54.968114454184196
41.47346797687605
54.743623640874645
39.837441013820225
63.90588984932036
82.240011211834
81.24391834932645
110.10800017454827
90.41846272888017
19.763817609822276
70.29176822358392
46.834617345731516
11.084690763607107
90.27271649480187
32.27105020383476
108.04610538497636
87.88581918753982
24.697186839353854
105.48221822690492
49.733598489372554
84.30371641862175
85.45960481325237
50.74758604445303
124.84760961762095
34.3703357142838
104.3640777982558
69.47828570178137
80.50669622665997
39.88887100007545
45.59388390610301
96.07548260680566
99.69325709309027
60.04094654208963
30.654184776217726
18.287532928638335
58.320678507137366
65.74666343689124
119.06868103413879
22.89192779652044
23.968884353062805
52.651125183900405
100.23462494438095
109.57221519594465
64.78627550194184
62.34728713113086
110.94983262260013
57.60146256122319
9.933817254072729
71.15555246967487
36.181359321309984
114.46164368533101
86.51294169166145
106.44641736311354
7.223381096067229
96.90980379233584
103.36750879210024
107.87604292014936
15.792978438179077
105.53740489297772
54.820093231832615
117.5823491311898
72.90723714980514
15.045733331786089
78.41954687773114
96.79943686515341
46.67813312144865
78.92007776076676
58.95563710144427
59.879413908920334
87.57592016528254
73.9487514530059
42.397390628209735
60.256508289788506
72.84559550318822
40.40514198809272
63.76209583111811
73.58953810905527
37.846435013290716
82.60630409887072
86.13007766372198
7.98894727459755
92.34284451762974
29.512471389041387
68.04050879853648
73.46533363488223
17.9017416403523
39.062161038123264
11.738185912597345
64.94849997811562
89.92596621219134
26.856686590953558
35.78642678204157
57.26461463155533
6.9341175195835945
52.013905986909016
58.4059246309
26.652925084319385
74.83549565650391
25.72721687499869
75.21087270102566
87.58630561674255
79.19178962556026
90.37050113193625
57.371487044319764
123.99534417307034
41.065090885384905
83.45771395326533
93.27528067188635
107.22169822929385
8.797648419069553
74.02003649482835
23.56827665842053
116.3169715404577
12.292817389360415
73.81768593551246
73.6747865948053
71.45332749661769
91.97419276042442
66.48568607195475
47.89111018701792
107.76780547286646
70.93328736621342
48.145721178542274
116.87218823605022
63.46139504810614
40.482255651487534
44.78936981137397
16.444966222557206
53.90393072968122
29.08816392453231
121.21423870663946
90.87915483786637
140.4701793825285
142.87520028099578
149.6771685046398
198.00268211059625
204.54038795727965
181.35187893720288
203.97670935608068
133.24008517931088
160.91689260287754
175.0886719844961
204.95449061736036
167.01951012731405
163.4467242907457
188.30457540790658
163.86605155504031
215.0394363946738
197.39318693340286
204.6872556289113
196.07076267718466
160.67697141818778
208.8855458106384
206.92978914470442
187.98529065597913
149.8453460470477
205.13014176852707
200.51514380029857
168.10641755003053
145.9192455540647
185.87344434120652
162.40536638327046
126.69824337370484
164.2931541195858
207.50052897886906
154.9362105233178
140.7595130603142
183.14994580027815
169.2627375909214
172.95062482144667
187.8517235783402
137.76783786645447
173.54925897062282
219.97161868341533
200.12794208876804
140.50171578864433
138.1758710978425
185.0319923528845
165.97415593808176
198.53778979279218
158.0337632069572
168.7911448679542
137.83001586928845
199.0396525116605
179.7992151669931
267.6538204429985
250.49962351647525
302.84607738438353
233.95819159272733
290.11922763158157
256.8685088387893
285.3070485853917
235.9260582214724
289.201675977669
297.69451143277854
259.6927243703869
242.85106833541704
273.63805534872483
