19.073627749258776
2.7865970390985275
27.67336033725415
8.797329371184418
16.75495514237435
47.511553042872606
19.39833554762636
2.3503155271483784
16.19602840329668
18.279699870606407
22.89611302918001
7.3859758656635
26.448369401079688
16.50926539089621
25.50106418815838
22.63722704353953
27.1396944030115
10.29780426073362
13.567119889456018
33.745801098145485
6.437069513073983
7.905839617997007
34.561594650849926
14.447260723387302
6.052481139053068
32.74872162426676
46.77244001466744
3.1937325181940004
32.16143461167682
30.753533627367492
12.128036868132817
8.50698397113429
29.754162004423215
33.892324595600336
13.255605527694375
38.51632039630184
42.037955322825105
41.71724511207013
38.55017372633571
37.619590542895104
15.112278951812486
22.13759581623894
29.149854286899966
39.67435917918171
12.197621950116044
20.25208996175983
38.3182943387516
33.060815067345764
28.23225668133405
38.194539168370724
34.7654909646218
35.590935469685085
27.2557213277679
22.318857131383282
12.670226561249335
43.336204144981245
8.513087537053954
14.963996667423707
46.53848932621357
45.436654323443584
42.768289887558296
29.913000053940692
110.56103606790575
111.5003703022809
59.53466084293353
94.30473617652771
97.78120709447404
107.50525552985586
60.814192574145835
90.20084651136908
54.66469639866514
78.6817618833844
57.539067461514406
110.94640069201886
71.27570745410115
93.70336754896219
92.43968464027957
87.6377573954535
79.85980090641772
71.67294225943218
91.43037507506327
59.74266745172763
90.837406236673
101.39622696503096
107.90420109383967
83.3837249449534
109.49436291281737
102.87318784438762
56.738365692746356
88.63888427725311
94.36262028734674
98.64278866473768
86.70874458563448
108.46508174112446
74.85254414791568
50.948481227726255
79.466860571921
51.08320888852286
84.52301154391729
105.73929319437914
53.046021454856074
110.19112369811435
115.57395165823394
60.08255517529656
56.51092631659066
97.33847152423292
72.55473010746172
49.14989064992381
83.1918301871805
66.8372549833886
71.2873377888786
91.52624323402375
98.13874238909706
113.03166519403473
107.14047688052027
63.92279588129064
95.44794962203487
66.65543130983147
63.53989308100343
80.20164563316654
111.70120665430004
107.35729746298915
80.2677183049743
95.40727788198232
125.73462058794902
190.96946543023114
175.89859274733186
154.18198178528365
178.91282293340564
174.95769576264598
197.95890836964148
194.20585925187717
175.60823739146792
189.78555560714324
143.17436531811796
201.0678589368658
181.53131378581776
192.30131392847264
133.46475301118952
189.8591845566707
160.50540282124507
149.90065132713443
180.06173100223694
231.51832670476387
180.13900431193994
193.75615662927348
215.77056355879313
166.1635558983932
164.5410039559568
133.75524333109288
132.90565174337559
164.52277966148625
227.04980886305725
176.5107949095775
174.68175142085312
167.0960271061087
166.86680286386732
163.3388467616465
127.23994859403035
162.3149282302532
157.73720907393172
159.77954353795258
229.6918270850124
128.51908452659336
232.7633947590577
165.95191571435245
189.51513046059276
211.32447575745928
180.23554300510614
211.55096531359754
170.87028727769513
176.2952283625402
220.42191651874538
178.69950557538002
167.4222457243296
121.49156468385495
216.24987763618134
184.60240798832794
128.26672614920187
147.29317982401415
174.0277781616575
201.57267961936802
177.5859695817592
152.85497740816686
136.71571209128376
161.94328876517767
77.37614256774957
73.12893583735152
69.37198662019198
53.62076912937285
85.83192267866691
19.495091183347903
49.14072060350696
74.31496774796763
80.78655423806893
96.07935040184906
34.67650622051768
79.9339889994333
24.153409188858415
51.105041996263786
23.849098365433594
39.570797332727686
62.1541963437311
83.27168913957385
61.942169216274706
54.05198801693389
76.42279636986348
33.70476482066594
63.70392246219289
31.974189191546195
72.19091342207642
59.14918933770136
98.36891237412333
70.91019456622332
83.27486644559795
95.48997979383753
44.13176628303799
82.67798849917561
27.2327162522343
60.5106033479492
11.87887249317233
17.63165595746046
67.31002557971152
84.69148110653084
20.383834258381043
52.237475453009374
62.418820535924915
97.54852993089014
83.70569069830029
35.97621015775668
71.14666666571581
63.6747094925247
28.909939098963267
26.98701851899841
87.40849073073599
21.32941230290858
42.739514165409936
80.62505970731338
73.64947919358409
34.26967136376826
98.11013713632386
17.14909888914932
41.464325508665645
14.9914212578973
98.44970773608064
58.19283849238108
23.915347618095094
48.90907049789902
80.54650150182414
72.09890843012114
76.88451869785723
19.548611694254603
57.32743242173072
83.67960567665791
78.14769771787262
96.50410199245049
73.0016859741793
18.976134538855796
40.379310518884026
9.623898985578506
56.0987147794146
17.922506009458928
31.349717837626812
60.49219538798797
62.919774537933755
59.02365493959908
81.40677567192365
37.66415689084062
86.83424176459599
30.880824182800723
18.307279404397455
44.44840198054978
91.12770764021583
39.41796199059773
54.374007803358694
59.37924047165625
39.734908836196375
68.47644426241251
65.33929763157568
7.785637078743775
83.87572897638287
99.06310708907421
90.24591680889546
63.99810712554834
54.88990663357698
94.44644428413702
72.78000186996223
43.76735817834691
86.30272207560117
79.87607300135652
86.03855403376859
100.91186993683671
79.06421763438802
17.98341657421185
71.19017305334776
41.77399447843627
94.243445357962
42.619791351728246
96.35816911258237
48.72652335040232
55.25610794225684
50.399172393644854
8.535719830053473
16.321376828307073
80.3428806225649
22.80845190265551
61.36895101328793
46.89023686490613
50.84865323391862
17.421575068973
42.862716019042516
25.40926035438283
16.999312138929625
17.17737210672442
72.04442855086971
67.55949964218007
31.732383863199786
52.86662608079357
49.51972312204727
64.74606762364726
59.854537877737556
74.43159704622724
26.217405290377393
47.383084125109754
64.07655892135035
38.666813376658936
71.68631350959444
77.44151074316937
75.2678583601817
80.96585533142826
98.78191969143859
67.72433224454437
86.90466534418542
29.562958234777856
21.784335776759768
38.361413307824286
42.71953737755935
54.92079063036477
41.22953921577979
30.008030419416478
55.63253872861965
17.460851414451113
21.430885208497713
38.20973738515567
37.08571178728111
44.50484046269374
40.64664261381424
60.557059679950335
66.33164969827843
30.61839691614267
20.47516806982189
66.54984832169278
72.7824797225648
49.13203375749961
29.7479103442134
76.44348907047356
19.229359783777518
32.62677016135397
15.106167172305064
10.7543996854764
60.13897585385537
60.304717771781206
64.21334215467608
17.716067542884012
17.868778249527757
38.698453681708514
75.55763407066597
80.99553669858483
61.68059467752405
76.5940192167279
34.98530336214324
13.161416474389057
95.79760357224717
34.585104603851235
49.54717807297067
90.43366863596843
38.66658081649943
71.97451676903333
42.47823608295529
71.20855484212265
50.66271497641191
100.25766717778349
55.068002956668515
80.54484856118114
94.21200967581956
11.25003561277913
74.62637382844107
87.77879363072302
66.48292624031899
36.875164055504385
68.92780170708613
25.760792319963503
84.46112965576282
27.035540293864027
38.09383777770869
27.982030936639603
21.061314334570604
44.63736622862791
44.85203041340951
78.27993118440469
122.05062108646341
145.14263498160258
121.52068966973893
118.30228385940362
124.53135803778181
138.43354928108252
148.2324477873184
130.6891936309912
103.66950282667152
136.03987019789005
123.24175269101296
103.26157577321656
124.61914699796218
132.55877928493484
116.83950652036481
106.9252046987549
117.22089051246881
127.69522708704316
132.9546046709135
139.8068996626787
120.05799700597096
117.57333452192995
135.05959173204374
135.59949988838974
147.1998590941316
148.47911038150028
136.41333505976422
137.92648630852483
147.00959662294264
144.12350275175905
126.67654848891156
122.97033191562826
108.10988371215973
138.55937724484963
115.653274487722
108.88972712427648
101.35879031665829
143.22824711167476
116.35628142449555
102.90678396176516
130.4640636688459
118.47181159812324
145.85474084246977
134.31153529055698
110.62596350509929
115.36074110814067
116.55911972062069
129.83392858760897
124.90799952366838
108.49699256178697
105.17958944716976
139.43126831367323
129.90370106917854
110.21076761676531
128.20618567062382
126.98162130634998
110.7079248756428
138.83616071704546
135.5865947661523
131.19504021135305
132.4244687301618
109.9873185822875
147.21032041790193
127.1296977411968
141.69863463934
105.09644921465568
133.09808428115332
122.74571884562484
134.84049862551186
114.71198396689424
112.31660647399731
121.92744080779244
105.82210529129532
122.25260816454178
116.00053884396566
105.36264105397022
127.05502121978706
132.45511591227233
103.7297724389823
119.46935087945215
113.12505711848048
136.0681131071844
120.29797516853036
119.18072109854258
135.4278144011434
108.66414904659828
110.3918527004792
148.9643493869476
131.90216711755465
120.32536742547404
131.8385390503165
129.27031801670523
128.06761726602662
129.64085918066556
121.08449308036049
124.79067307803084
109.05201600961252
119.87490583611343
127.5942526987974
120.58578174947532
121.25576907452887
135.9334525734398
113.03214029177549
141.29992948167802
129.6206317386479
127.29549689943698
140.22461418463726
128.74433248526404
117.06278729935579
104.12503174902886
140.87770993225135
104.15042182427352
116.38305473787351
116.68806793434733
132.53267382915624
125.57451245247093
139.85593410352215
143.5878432314401
133.3836963601712
118.49216490156095
128.231670309573
121.68682315962154
123.68947531804669
110.68150831435271
145.23305049526093
112.78348202128784
122.81774061155024
114.34764940277842
134.96048899520235
131.89325588244193
115.63388906246502
129.72980063868465
132.27243301902053
115.61538772158463
142.00848841424332
111.13685892376671
139.11297421432494
141.18817215465128
120.90156267288431
135.3649422147865
131.68072352120024
104.69241499395588
138.0494765265788
142.18656105391403
134.95319126505024
108.67489262628376
148.96840732283337
135.49387214473768
129.75870245391377
101.30825622611982
113.22206464970091
138.22041785284495
124.35078439039896
124.93867546308852
134.45080927921438
143.73274721732486
119.15171400189264
122.45842100319388
132.94338851792784
127.13761502735564
124.0395997441031
120.47504909668798
131.65841121706907
115.22686007846073
143.2231479072943
129.62713577335938
101.56682711194301
104.81143856349122
126.57780171964276
144.88562353596888
140.87597771952102
123.75330273985206
117.57127962732085
127.14580094185244
123.57948974080905
117.00733950949066
146.925863510512
102.54134017914858
115.45119991105496
123.89141894463306
105.85550922325474
133.24690869729588
127.7225684594475
132.469572483687
131.1279154811182
128.27330818453896
122.73160506454464
101.11119555702402
145.07651707356396
139.03504068494925
127.08255800736455
108.04423767498575
126.47897619971089
124.38655019189319
118.71113114306351
135.11758843649878
133.64112826386355
123.21319380695668
122.02393721833768
135.10084638931352
121.929061144188
136.75403763551876
122.24084639883196
137.90073760058294
106.83300264110422
133.25733233808415
123.867830766259
123.8328643290059
134.98411707137294
122.05928444261585
137.4602617326762
101.1354774449122
145.68243099399902
118.64521896017244
162.1832872308726
164.3338991712235
150.32017175689737
169.11631637537238
151.3520648278877
149.9417151655074
149.1606219631268
154.6195155250019
150.7329661461416
156.64295513004717
152.0284206213475
156.59696364985246
150.76438384537195
166.9173747868739
154.66405574109314
155.0920889986964
163.317733975604
158.59597020564325
153.02376659331605
163.69966820104227
161.5205411131352
163.56932715526443
158.7131473945417
165.18087747420708
152.189767983325
154.5371737339084
151.76593603986964
156.10533853382574
155.34578930191873
154.41739203450578
157.2286621049889
169.6958755373028
163.44641606247694
166.65043872567966
156.0463109120296
157.81122102008013
166.34002238431594
165.2949895744216
156.68605274481013
162.0914970602215
160.77004403549518
158.15219013870797
163.00565101184569
152.37547036151636
164.2572848387384
164.88265636205008
163.42969561869546
165.89773889044898
166.6204009240652
162.9396036609809
159.24398261971044
159.05359222343327
155.15489192898355
164.11198019018903
151.60022151666482
160.73476410148695
160.65562787031067
166.02926125012567
161.8043641576654
156.06867164860392
159.01258911416227
150.39944334701872
160.09535170963477
156.62954462622747
164.6027912303157
169.34826054698658
154.5574179433592
160.33833516313956
166.8895097597139
169.2729431486783
158.1192935745965
156.55427419354734
164.3769284100157
167.53035618199934
170.56902461449042
152.00056907878758
149.65634734218543
154.02798503656484
159.3442896066554
166.2025411011469
169.706530272408
164.77947536968455
151.33842997832846
152.625481051337
158.61565245425322
154.1099195071239
162.33191774616225
164.1979941343337
153.71617967685523
149.217902522883
156.1886091239809
169.09515652201833
152.245017288902
156.79869283196902
150.32377764056875
164.472445105572
160.148501197978
158.26905993407883
163.49404206643294
162.62893956417372
164.03124895830902
151.85124523916048
150.91649653726023
165.176739639322
151.66990925371425
158.0972038382232
155.63350916841244
184.69184714006673
212.0032129825252
232.50802019043493
173.19899858659636
222.32625721804348
201.45466015693873
171.53417273609548
193.82455965289927
204.21093417378498
205.78571746776126
217.00804033972503
189.79648207465107
231.42787272234509
221.08849747421354
207.93712814309188
200.37659326060322
176.12204945183467
176.0762714474731
204.20595184079605
194.35735407142073
220.18629924361522
208.97268678046532
193.07704683439596
208.10254069187033
225.91842044334837
232.8829613631135
192.45314219532872
171.1832502412173
223.66726678043557
203.53669436413153
185.0794261420682
195.1434423904479
216.34036256633746
183.43743138296733
190.3694016821452
203.47492167947055
180.53722690542457
197.8814988876544
180.04632732689845
208.15253288156816
181.71771323319484
183.35664600364913
191.57308592387153
204.59159171758625
186.04095189473026
197.88438538283881
218.99979486719118
198.4181582724594
212.38028019961806
206.92621159579627
198.99829155828513
180.48370150542556
181.80210830760032
199.8772440761463
198.33406763048166
204.26723168379564
181.7613468000955
176.12748965452823
219.7888485445493
222.99721033682226
222.6536571029637
216.77257354460707
204.69476334480441
219.55420505209477
213.19600390828126
193.36875296012522
207.23272344352367
171.02364195212783
218.67574221215017
213.37082907415615
224.75210741858848
197.04417726336825
180.86438445466453
201.42637535452832
202.69179186832966
208.40460761870733
224.53394000107846
231.61825068900632
226.29964717383922
177.66107244352196
201.29961868241722
214.33421798169775
181.13568830874496
216.68222146088246
223.6935922907076
202.94669919419746
186.11201546942206
230.23687501582452
202.9173763282172
187.74025853575304
208.66433520086585
229.82560691712376
204.7689877925235
181.9049282305812
192.728428264948
174.41322753858037
203.35444416192243
215.74375594418635
220.45848497799994
217.55344528129
232.58223422050446
226.50407808744967
199.22755754350402
179.7898236672844
197.08318491654967
222.27543225037235
199.3120766792808
