17.856099198767648
34.246500725148415
37.05340170341632
2.364893370489394
6.987911498305412
50.45364447957135
16.231625062449368
52.8499397124632
8.286399088333276
21.024240580799745
24.160859712835325
19.56967391986784
23.62125072739324
41.955959247394915
23.914225566515277
46.10135874554675
14.739155256095986
22.429026553922583
24.495192876491377
27.173206551968512
47.67996750250187
7.344537630778678
24.486381701299432
26.291323681775864
20.942269200621194
33.6655489927539
4.985174002315709
16.442015470116303
55.31671149557428
26.0826411936061
54.759533684952856
31.232217876308887
41.33395759769197
9.598666458862215
26.32630084336296
21.45621593902481
27.969361568263224
18.780721807298768
23.15717521287714
32.36382902821094
8.134032091991674
54.16054617765782
55.97175292982459
44.175465678495186
7.578544387190291
26.39449607373194
18.499641061056312
14.071975650002283
31.203282602929683
14.372900971808306
7.311472062456431
30.82693726087448
18.171808419374933
19.56304597342624
52.15116798196266
50.459177526103524
18.466124558884275
14.764537821467702
6.9273817628206125
45.4932009961107
13.830365478754718
33.06246158302478
122.44896098966882
59.93785971898525
126.73713407658207
82.49489978224233
82.3104737587236
63.01045418972929
119.42415874036095
60.34650080700056
98.67796735596707
114.81746500289509
67.50466932282285
101.05733180758375
128.19621003973057
101.05475651114808
118.48637882339713
75.60076276109277
81.0071757631701
84.52121591271946
84.78021575995983
124.33755304259124
108.6822320328695
57.85168599864028
70.2092323159748
128.90631089744832
68.60225549939916
84.75309157407196
129.2504976002621
76.86330502679291
128.22313600002406
78.73234272048064
91.58431544100489
102.72329801475797
72.20007125460522
98.82740863358134
96.37659240113582
101.83117810718905
83.86870061939682
71.18064640150766
112.22697111224569
101.18807254039685
69.20188024506982
58.89189787763121
85.00062878396895
62.35541830809268
80.34633713904527
87.43721162388711
64.28288835749723
80.37494648080238
76.01330909242547
61.05770161731177
95.89626320149715
120.34543663578458
85.51081805662005
95.08484186483496
100.08353549096998
76.88218604660304
61.69243412851196
56.03443764907814
103.21249948237606
127.39601051234305
118.87811466673277
99.1080072986319
204.344963265694
140.47228816436962
202.5799399601005
215.28064700854827
149.0904925418722
167.6363865319907
210.0084796680022
210.8658297477303
155.22101244943974
147.51991443253107
189.9970696112923
201.43515391885634
208.60460031034785
226.0424231967213
160.0145084994198
229.5171742912689
158.90311024592168
160.40515670903756
215.89329265552144
169.4177927406748
181.2235855669618
145.6581368231966
154.34608360657558
183.413144725438
134.19932345888822
169.56756242697523
152.29041543713896
225.04980241132694
210.96019362521696
214.57864182645213
198.37022861976754
223.8632417440962
189.2521733203805
144.94030849552234
205.18478348963637
209.45655193131037
192.03658381592643
226.8229583142283
182.89005658457955
161.52965972408177
163.5363931352397
213.09686847017892
136.6577225043527
139.09649225414924
186.25444889231727
213.73081669099363
168.2431956794801
183.74571644493824
229.08046579370023
152.32102455627478
146.0990917041043
150.3552742790091
185.99160561689973
136.51507121232038
180.41953009872518
195.01441892406402
176.73740883666432
133.98777003816696
188.60753240654287
160.4711124689295
150.4750052740231
193.14250934820876
19.6711407045427
13.836927444916327
20.548474083667834
27.549614988506896
22.508756531275317
16.593859336254226
29.080866071581262
16.561174780340195
16.663453016463748
26.195972786010937
26.151754222546543
23.576418782397077
15.949524275750235
25.66873485017229
34.74321609387111
32.03248129582257
21.318209734019185
35.15100249474183
30.364530500178343
20.92799566649198
16.283344612170797
24.527267012403545
14.410280083583151
14.04727621485216
28.557324457757076
19.11788665822872
32.90857001004517
35.51904470657977
26.35834630216393
21.66607633339384
20.390261936191706
18.69511086366649
20.539745526676285
21.086341353732873
30.677684166866175
15.889777715566481
31.76393876432828
20.470925749753306
15.71915709730127
30.246429213899223
35.58704254985006
23.62426167767559
29.152332002415577
33.804069026167426
29.758799513182538
34.409295514310244
17.643554227760653
36.951905417550805
29.40873735427038
22.59654059520573
36.69380196917762
23.950409662394463
31.116581647352085
25.20957003927027
16.16798126632773
15.81345189145907
19.438072951044358
32.55646948309626
30.906677669844534
13.870345686240919
33.77753683497854
14.922465096210065
25.232164919024992
29.31317999742075
19.27837634375352
26.585700967154256
22.179493825948477
31.53281720788736
27.237601420293334
20.477187472320043
18.05513062693131
30.836137483402286
24.805157639732723
21.032483721774813
20.386190523351182
31.996491477633104
14.595455274253917
36.38858423862593
18.63190069830152
33.7800925567854
33.298501857489086
21.498600567109698
22.753520919701064
41.32649286900276
97.50646493612629
99.13389899103238
52.9561402143749
106.27935094074435
50.074081874196665
42.85085390636056
82.71942592509076
111.42404336446356
62.37382983213249
83.89821744152269
43.13828805599084
56.538327317955115
84.06641617495292
92.89218962437111
81.65883790142158
76.3657952573021
69.245248331117
39.80523513321948
106.68924549247681
81.85354495014604
52.33340040849917
47.897096455205784
108.78897275811755
96.43908082681841
69.93425352779968
65.94767364226482
66.63601627669819
100.09371652199616
64.61779861478225
38.21686214093574
90.47513990567268
80.14518461133102
62.687454627521426
95.17655100749332
45.038082979328166
78.02037489342105
37.28554932966377
58.498275985058825
79.55333701909298
70.50438006630002
66.34783016083036
56.81554125710615
50.52848086072021
93.01858894131496
77.10286904906958
100.13234518613046
68.9863962131546
92.29619760968593
76.3811794489864
56.775137280411755
90.89101010870357
73.47793608076728
97.54577623360622
73.97332386078907
64.09904187269514
100.1923537402985
50.75043186218206
54.732401730856054
113.35553423460618
83.4388925631364
39.957987367279756
46.26817184904499
102.25254509726926
108.00239225557962
98.01644525369395
72.71585370520556
68.13193171926409
64.38360886706971
98.69812140611243
68.36901884629378
48.9094463727898
110.81768031709493
64.09571109899443
93.46995406550299
101.40933368988664
86.06229972847186
65.08155471223593
73.89205170273986
74.23912571925106
45.87363239963305
58.37955498923393
98.08346167129567
49.239903643817826
71.29482563578433
51.64520797904511
62.343686178945376
83.58316812766785
65.67023689735753
93.86640673265606
89.1409679474053
71.9121627744378
68.29910700941663
100.03741729532449
99.58641192447661
92.10830614632866
99.82028880543929
48.612771039211395
86.54921158855392
43.90973949009813
38.130662100427564
70.75069060294712
64.66031354668844
69.17443502391862
53.57343949884729
57.23789371521041
90.77454359061711
100.42626501967763
92.33699226469335
80.20558044101794
77.42434485144985
58.18753939675916
67.90979979153718
41.166034369349354
81.94687011737804
74.26622159726456
63.967129280655605
88.56696101232016
39.75817180997925
69.24603936308861
106.72538266220687
91.35904629047113
97.6237304088063
77.06600786124491
83.89678721040792
60.5874580067092
92.98749692407951
72.06816628534753
91.66971574372555
103.92677110521882
110.4847135076088
112.87959271071055
93.80457672449162
70.8185612812878
57.22785888662166
76.39865413855871
43.768884489816585
89.16535739623026
93.12014431462553
48.33502809218269
98.36903497872804
111.27498652696761
40.84087458135085
114.72592401068191
52.20835249185768
80.19740243076033
103.2150291739992
101.59554492699442
48.67058225740051
71.95659307312336
76.14167697097207
87.30145621481032
99.17534292496705
56.00648367498115
75.43566774960647
102.91938389048372
107.02493923311525
52.7900534038928
58.83500653588942
76.87726777242187
72.14217695385508
64.11441923270934
70.92305340576975
78.02190711808115
44.99252461437527
57.98319147344721
181.2313129706981
216.1239991915851
231.58996396185626
203.26215728023263
226.37431089943854
134.2620881157891
212.34565009730184
178.47206005016722
230.27397871089977
155.50573654588806
231.18395182780915
166.75838851125562
146.45828092505158
198.83346524217376
124.65573085479275
209.78884436248498
142.63654058891805
220.23064231551592
220.14358417224997
163.0941839427871
152.62428733806811
126.02761250796955
176.58802410846766
186.94645363761958
186.48214682355203
135.7974960240325
165.7400879159224
161.269430902389
198.58990791229863
168.09121363687356
195.35686666473777
147.04507416263388
164.60861621177406
182.98575470338375
132.1682803043821
219.89967558963002
194.0499507763934
208.63937332208886
129.49639256359842
212.29561699676412
188.41681298284936
121.58207717746457
127.8163463020212
228.0135265088092
153.3688636754937
146.03963710142332
198.06891313575568
167.15287254995218
165.31175553965315
204.69169987131892
211.95085129470016
144.89767721455524
205.06092354666276
181.11952850597842
153.54969527186097
177.3903410004686
204.93959869017795
171.33779906650167
182.7392035910021
183.44833166652953
230.34601106041353
169.09806375791524
182.0234044168362
188.36535603159314
228.7993243679487
207.76682817979344
134.64371897206905
175.20154342348326
144.70244375788928
142.31827614297384
172.94942456636628
154.56959689653564
144.6756961990328
151.81396916746797
175.51306394286843
185.16270971430976
150.1822205602143
183.23216353945116
193.28972552915945
187.32724647061576
213.68393599852146
128.67143579577046
197.61195352609036
200.1243632359784
210.8046087034957
181.30346702408661
135.10734455556369
169.26706269835242
151.42380309476525
163.48302817276158
118.33193266208576
219.12368690925103
208.81725802649376
157.50393252094176
197.82149998199134
148.88793708868803
190.8540261745366
215.59377998063619
220.52796214217338
128.26326921446176
119.36236508521613
179.58244039577755
188.38217387767602
184.52012568883774
183.66885102168038
182.90313835122353
187.53158515778387
171.93760336916552
145.80354797134035
170.24784977424508
162.09997712339432
116.04616196417419
172.78699068521524
178.31316392035302
185.19731402756693
155.7015814346982
209.29808382889678
204.96242081357735
121.60876985858224
132.82884968112714
188.98415642278349
166.22994717634316
197.08651537383864
189.18739332053897
179.6406510738911
225.72197045527602
197.35113443411564
135.49576047688012
175.0569575662857
147.19644839527402
118.44403991521614
231.48132892653982
227.9942098025643
121.92240201706309
190.32848552017907
195.26075980761118
150.5100748927369
155.83015380142595
120.17603557914518
152.11412242181058
146.98477049461752
171.52458311511373
121.4442570697708
129.82487747749062
160.07950846333847
127.99863539285103
170.5521473654141
136.4048708928774
195.10470379552197
162.4137557265437
151.35882458040734
165.66730941224046
177.94429451024308
142.73697411166287
209.78004300839544
140.45380952789156
192.57806690151523
157.91291771820718
198.442257510083
213.00843101621794
179.79892593877057
160.5852554285636
154.58945931475523
165.59505009550446
204.80920537644798
148.2840518354778
196.38627622883277
121.39373256406101
184.57021246253723
219.0850025923576
129.41451579781398
160.1000706294765
184.61207682840399
151.61860395375598
179.96190209296668
126.97807504996788
115.77025647631339
129.7462563210858
216.7981549682599
139.22068519403263
117.67931527006985
192.77390952310245
134.12574865478263
154.911257505911
174.2831782559782
163.43891033307733
132.99627912194836
182.97917837319903
128.43800201664004
118.26485684056419
202.6472119376205
203.0929810179155
211.54261464782826
190.62876668367943
194.74657934718005
163.68586007626683
174.31189325802652
185.7145469632817
140.3606978107349
119.95546069287457
183.551488024707
127.76461855377096
141.09138792742186
146.50579747006205
183.72106782928816
187.95745350215572
140.02515780325064
118.70041486502396
137.11130178446703
170.09403016772237
139.643731253355
160.71779142703107
157.99938830228697
219.04284059648322
199.97611231173119
178.3410398096636
197.5590950708336
130.55187732989916
153.5163514396301
195.02683697796067
198.5068501061234
210.4740789910585
199.5449117128482
156.9855321755834
201.39594010510734
148.9928102746365
120.3412284849415
205.85255961172578
183.36803587820674
216.63851664940898
148.84948391852078
167.13123591863004
197.31760125129577
163.60007038758744
188.0812141682961
182.68759622724338
167.8462512354598
204.1515381886775
169.68026364890883
132.54204395430864
137.5955468511212
220.2430286357441
173.06853048663763
149.30614098351887
158.45831171271922
220.9663364367716
231.30061423899696
196.67314819805082
116.42516461789981
216.08073314944718
