56.3308611975022
47.48944681028444
40.87999387263888
33.45272023594309
63.16087189927911
2.851125802604095
3.980409322684835
42.63025180861179
20.008822753082363
52.2854593601546
22.289884662430055
27.33145904346203
16.521441473819294
52.00185267063584
37.16880305875596
11.122841022591992
31.57766193151934
36.59226259520954
58.05173471701494
17.708589875878683
55.379272121238415
43.52133902390452
53.80462193874879
17.8836774883295
29.85236925881106
39.1038950937522
5.3359889394606235
60.03916808272852
33.783712875932316
29.054182223341115
16.552424643026544
39.03558901758148
39.56945481582392
31.969665500309638
36.19102410904055
35.36931036286917
3.596005981384394
41.67697418586102
22.58915023377391
25.69650813544716
37.846977133678365
20.212825574537955
26.360859474959785
48.122368182661276
34.621741298880195
50.444511865695475
13.64504396682798
16.933496519697584
12.712515762808664
25.677481885398443
17.078533066751042
22.366198048216933
7.017847765019717
57.25481397278513
26.697161404873338
16.844820399477605
62.76391092540765
38.64677183575687
49.59714843795785
16.06301376084261
7.8022792239130965
38.02229245501981
61.49609572814029
6.158803612034806
54.27639477635123
43.72003583140292
55.12150492893161
2.2670307481967527
29.092387868099493
18.11706968075777
41.19424914835489
33.279231245734984
44.17608227183413
11.9931918617905
53.67613106377086
44.376784887004185
6.332885042566364
8.63130931291639
56.9144261904307
37.3089769152231
40.6916287323563
38.49932330855373
24.37442673597629
5.01121387183689
49.958795637346405
21.554859193997366
28.679157194410717
59.04762945463929
13.737548452062189
39.65541942673781
44.90308740984167
27.913652961117815
63.24945841484944
17.787444570891232
56.946638129603045
6.8217216671770835
46.00938171304969
3.0825141809065464
37.72037010085291
49.24342607002571
60.79209654650316
45.67410758926695
59.68905132547141
26.482627651925107
39.61327271564319
23.892913202695233
14.228680883795526
10.441782857843169
56.4399782193735
10.785638773614604
34.88211747638711
54.14489323256124
58.086560151887895
14.174049556355964
47.07063160092291
44.33448004960332
62.04344664233349
47.26537725081367
39.01511264138411
20.826942246426746
4.786839792989312
55.66599672293646
13.262182792500052
31.584216519612692
52.93592397271317
2.9019107047389134
24.333890940155243
65.43377768122767
31.859488746468692
11.42414728576712
6.4345580855530535
52.88209510518848
30.187770865861125
59.02654613008256
64.70557419670641
33.89926915751523
20.799766747371002
51.5189506363364
27.028103276194877
4.939611702645042
39.94831526440675
18.271541899119157
40.32059228072488
57.252234851834416
50.8473803080051
12.51669128880047
65.70832363974392
43.019004846156705
25.846899236627323
30.84990638178987
48.73315857231192
57.34150707381035
2.0510322218811403
26.869906916175882
11.161365541913842
23.10099935787941
2.7059933556534794
35.83355520101109
57.9021788290743
16.6434799106393
57.531388079864854
58.61717853008419
33.17682111937347
17.403128414037415
25.41285902388539
27.516531694854017
21.848761763176107
22.59425775162098
42.587012070888136
56.57489360553786
36.963408954340665
12.973278503935738
20.481379441327505
62.248389120798464
33.52229155216246
52.89350363964533
12.352905982825945
14.60092033014357
16.111182218300687
58.98185279473558
29.36143390507625
31.612141460530392
23.283090865783123
19.949968043702548
42.018555434036664
37.31325942794237
45.33684755329261
14.186553141638164
50.25882909242773
60.21359882743275
28.43173779947231
8.5732588707132
37.38134384933011
51.374459319103494
62.27863148717174
24.75699072479857
45.74936230185236
34.146308443537436
59.75662165988226
27.08658650621291
58.65811373283694
10.049012606737705
54.48020672674338
48.90248155270884
60.263549986247895
44.808378726833304
30.92105529207441
54.33850934924241
63.44766354088513
30.104050727605664
23.99669637676179
52.19430617191969
31.77211699048758
36.901516723359826
29.269892960742965
28.893233015097262
28.410503021950884
23.858701563613728
29.80184553171609
8.527079885997821
40.87893682592978
19.314490262791573
44.97151456107554
19.253585833566582
8.896198679469563
29.825086623781402
29.507671318739355
14.069816048672294
21.828015560113805
11.434077144823675
22.131627074492677
58.759571305448475
11.062867327459681
62.74873833047609
59.857216039823406
12.38233398092381
32.864308314659134
5.542355663146296
38.16148048379106
47.35919599461483
30.838847418854
81.62097501045038
158.50862366577604
92.56706355186174
130.0343026923598
115.45991171459306
125.38844255420692
103.99691266271898
132.96452693911164
70.35258255681995
75.51616347046355
147.36179835623156
156.42349036911503
119.38523815686244
129.4965203694086
148.63242401782352
131.57549686107657
93.56162346948157
87.70681369125444
139.29197422626112
102.84946258002574
67.0833226475522
91.45987219347884
75.07223154480829
78.73903663854766
149.7721291881927
103.94871987796377
91.16073816241732
153.59153669464231
108.49278347097892
91.49412653153217
99.40571758522428
148.8131163321653
71.74813435845654
102.0823041490403
104.30409305236252
148.42562046549276
138.08771323618157
146.87007639696162
86.78455315117509
101.12453953646565
69.95421035429966
149.10878392921987
72.24371662802281
101.20689188587315
74.32443352343955
103.90240753662724
96.50000035341067
90.45415915185833
101.43432473056991
157.37952268965807
102.91236540768588
121.31763039585587
151.32499419352644
136.66578224195106
87.74097496478771
131.92199338164846
123.43321647579181
91.89718015972345
95.27842799189145
82.4659443333285
103.41352631976658
155.0667696039244
110.88773265697567
132.5952225188765
89.90736062661371
110.88089156354175
102.67487685293094
129.2407998648133
126.6870999992491
120.52679514011001
78.99856734119142
77.22491736484065
74.14242350747314
79.04293985238068
86.2582381328967
81.11288161218333
84.60586782798771
108.26523128061189
151.06335827354286
102.06610830525213
134.16688878837144
120.29381216283718
73.14790125497262
92.10998633479474
155.477037973075
155.982431694349
66.50178054775782
145.3051716018232
82.88382375442363
138.47419320081605
126.14749321274101
152.9000934436739
80.76490303881673
130.72741626747435
116.00950702295208
66.07571895436348
130.61333095945383
75.19562001608955
66.86577303839421
115.62457929335838
137.1590632195642
146.19899024756734
89.4227391978454
108.96660806796172
154.93613979289617
108.34127071673609
141.39490156947812
98.2352828528027
115.32457929904061
105.64637007869113
91.52824962385822
123.36106334054247
91.98762465283295
141.16732894600992
151.37471551906822
90.23002276810524
146.18210555088814
116.7296454615468
113.76053034611876
142.75024555701322
105.92056171314131
74.4218107965257
116.21385066998228
75.09869736240267
67.35183189980518
97.0965211518451
121.00032038933836
67.81227765113285
114.19065314487906
150.57754390737819
110.89614239068075
116.23769131285735
85.77852625412675
114.60160858457114
83.78983312028747
149.61195667748967
81.26711421229165
68.18696102737073
153.08134921378453
105.15277594326393
137.68304707244297
150.5094324490735
115.93016049351286
151.65169982174024
97.09608752588406
80.50806863382446
154.57340700175772
158.6197557224695
135.59892671907298
78.75034453223813
94.08623925868096
150.59484005437312
111.30877427533954
72.78232543854682
93.65677031990519
138.15995224629128
136.715194913576
144.46121787645907
131.24900520288267
75.00076284215751
66.8287232626536
111.40914648082257
92.50096289223873
76.55135225746956
98.74097260226098
151.91624964787124
150.49535508321605
146.89434065199754
83.52858827415588
94.45778262962982
87.45513237765459
125.71170523949999
127.66551845811026
144.40195852642793
124.08460399650347
96.20079743223003
101.81588882142238
94.99594340849718
78.89821762500125
155.29691962912398
143.42460774862963
136.19767722954987
132.0230091812653
122.14866019396786
139.36129369608318
128.6119225311636
104.81680478205989
152.9881772903782
108.00961591133596
114.02228578816407
100.21684929229158
99.62310296451427
75.56477799326873
120.48778152437816
130.81909974570445
101.76818930700188
132.11600060154686
126.81144977542041
129.68064644000137
110.65870969908269
137.33096137472958
119.65380122820002
145.36661569146906
157.08244667484422
126.4403091989916
81.40346717834312
78.23872101056106
106.03276965097425
111.09491655599614
79.49631642670812
157.0720536988656
139.35132841666103
90.51158945025776
151.7715861133182
115.90856937076816
83.48017767245958
78.81777989095714
70.93268337557822
108.39369925666571
119.02309601529886
72.43805918972589
152.6469697834596
142.8312079817931
131.42582185902643
137.23402220820645
92.8052463183509
98.90110854143288
94.27276605963499
86.61186268341719
111.95933024743073
128.73782604697473
150.61394404240926
113.95657227986612
103.07516541450613
126.89141666422888
80.32233225835608
98.99181010440655
151.77916547598093
123.08791562586516
156.9458215695687
123.70695594452968
296.65070328327783
294.9727080544611
263.26164052259423
253.9398452198405
316.620786916725
182.6493898562605
307.5439649115039
306.1595202330319
193.4519215216871
246.8130051120575
209.8986038202732
241.38965927406394
232.10516109221462
303.20727204019846
294.7267904986453
278.7309967114862
168.33546858431293
271.2506524119253
274.08154895007476
188.6115522869628
228.1299455111785
261.2194922615882
237.76644078775516
167.7000067697881
197.45897250678175
220.2574958327575
244.84913038023524
263.4453466319786
245.7391212957398
172.8746476701616
260.7159172559038
215.0062800416458
253.70759709029173
265.1405683152174
257.64067663584143
214.9628434359902
316.8290426181594
159.45980731079555
292.8862962505882
281.62948631757934
202.86414064920655
290.5979817048394
253.52509801711096
228.43558090054685
230.7331852016168
229.5034529987036
247.1296788333894
267.5366961293892
208.45081087246194
315.0960331058101
234.19694172956463
234.33601662922956
245.3829288146484
249.14777384579702
296.8442651221867
316.9861831603351
257.27332351289266
184.98887864469003
220.06100816554047
239.9197633800315
228.18146557428443
235.4221349095488
278.3334000968075
167.82094177259575
305.85785811680284
173.6934020546811
177.34936929232236
264.5873022261037
249.84261261905536
206.04861213682477
255.47437661333896
299.8579714402976
230.24845042681272
213.837253097353
231.53399365924903
235.07319951560612
172.66479806756467
289.1943047541562
246.4545844779888
173.37069062214744
239.0619974189686
318.87843493867723
286.0222586796574
164.37915438422996
215.29122372836244
181.07809550737812
238.33585871719447
240.88611236678506
301.7158388435802
161.47781679697124
264.6037967689535
188.83602646417592
261.3398096149437
213.13603411606516
271.70718431455026
252.8509419032782
195.17332909544763
271.21450770917926
258.12616752254127
218.8953084674415
259.26499407195854
193.50722274194408
275.31574180700403
280.23346360430435
215.07775344894793
219.10880164115088
180.47130073209644
255.02150415363036
232.2159980166848
291.0350343372057
240.33790081981064
176.74713819340715
308.530170506652
191.9191122686247
212.71729352557062
203.47210857941053
267.55940083988037
208.17097412147965
264.45751878676765
165.98921125038288
247.82428035020658
181.82587492760854
226.91594552043588
186.48991705907304
253.41309236256987
164.93282971672653
198.4049209965128
169.10075554863738
286.97674317520534
181.65938795815725
249.55651522687137
250.7029263160957
238.28753211568767
214.3789632271079
315.7400774644589
203.6281093734675
301.0683603802049
263.3496403585652
263.3981629658475
256.99216936531235
177.29680675877276
252.56254146476408
278.6237371701413
209.11052068823264
231.85295715373647
298.16077872297694
227.16203962206356
245.70414849720916
194.25713616923574
225.72890680004596
248.46763294083303
179.1139868960802
267.5846104026817
215.3599166359968
279.3228436762596
290.511466191611
291.6534569576684
197.80450572965262
215.88932978254013
216.38644783278454
207.8323151479479
287.99677956730983
199.0436539962338
291.2046739300231
211.19385509286664
226.4602847019749
255.9938367561607
257.5382817330672
279.409894072617
275.88809379785164
180.0452888060151
230.43474801068717
310.0028284505737
299.49815920916194
231.6975360182391
213.9777481302837
267.35345502398064
216.8106201413785
260.0746748072458
199.05614750892562
209.50650273731424
261.73257066166
178.5994377864693
211.97199002254277
210.55012520983104
242.75720838838092
222.68384507110596
310.07414561784356
212.27379301541396
260.13871354773045
170.1319266916447
290.10302991656397
267.80474576743234
165.45049512654975
186.33775317251835
164.9532181433733
247.7388028441746
260.4806503016707
167.6157161357196
298.53130535087627
219.53798257598402
265.19536136215726
276.00147182784906
266.4338902940968
278.46239942460977
232.1455661093545
218.64489573961504
189.6578201551402
262.45882982909876
234.55142736927897
263.2378672370838
191.88058485949495
198.61686439965513
270.3365169216455
176.9271972169751
312.4113718198451
258.38875215071914
297.3094649682557
227.70991592985854
206.79187215307755
254.29551220574703
181.4336472299968
295.8717910757452
210.7003679036597
255.48970966306018
271.4442446165724
299.3467589738266
239.00738742520164
230.46149022912238
182.03596430040128
301.2250627147073
171.431459200382
241.4094448115189
224.25004512807558
276.7675624403066
189.84030605081858
255.01256524572878
293.0563707290335
245.58082411089026
220.21287576223668
240.8601094228069
115.26807150545712
13.243893242654579
4.264134368604054
25.575974936320343
14.067798630036677
23.74092368760578
89.2419043827066
25.467286699283868
10.384492050767484
17.96047610258666
20.386340034524444
111.58036589067117
56.22085666979321
14.993837909932793
78.1365912414834
32.071782351185504
57.233037739414335
47.56701193540915
84.07717098386999
103.54863157137939
92.79273652274821
62.2152299838608
32.70606122737841
44.29817814497601
91.8430973662033
117.43232656410291
91.80848891574352
69.55641243333052
29.232470148665364
37.69592508474206
33.499458340780706
67.09228740354006
29.053893439799673
20.86294730236969
88.14137225039397
5.508439237450247
30.34210014644548
98.913450083109
40.81738402891612
61.192702699126315
31.97566400606739
66.5454665465008
83.02434007826042
109.08871107955443
43.11121063328521
41.88145501744377
42.37548340770908
33.95568162335188
74.10027065710055
87.45185615653068
112.92899302423137
39.6545617108906
85.2758170242855
98.58865091037988
100.01492107723928
50.43883045900387
120.88045551215728
32.20579958605856
84.13539708998867
47.17252187863495
10.759590851024925
53.65683376446707
60.661492142708035
62.928718330516915
95.53203170773342
95.06089267008227
59.816364240897514
31.375879960198226
85.96670820426495
27.280427463637864
63.170370907778135
41.76570446385466
3.2414826526979397
28.40711542625371
120.50866834872133
112.63128056315307
63.108758706930125
103.66976616454514
68.17113747108668
54.721308536850145
8.072399212980159
75.64094978089797
90.34382936926087
6.788389671464792
16.54717291255441
30.432783861503605
100.19837874496554
20.721225341244036
37.438554443622905
9.61774824613645
13.710182035994016
76.17027782915461
5.520444145532494
97.03022208402098
60.14325049023635
65.47350513559597
52.07278326320717
75.39880626596612
113.00282544616967
85.34390279852394
89.0712781273667
109.45524884446422
82.96627236120767
38.964695009879044
62.145836247743894
28.7956341767311
21.773720520735218
16.406790784664828
51.378096717945546
40.82367320867694
80.0684427504088
34.7286493934043
89.82743291652672
29.945454427002396
11.469343038232537
24.82741492514853
91.11621581863989
18.36805642591702
48.096815653764665
75.88699543259136
88.31936265027511
56.505020732638194
19.0183708587981
59.3427406761589
8.690703766951899
90.71300006663708
31.420035875668084
68.10189004548727
106.4077230920395
109.72140012400388
90.57830870485546
51.75028191321775
27.514001524388163
50.14763870799916
78.63405455242224
15.966059817477607
37.60166004879973
44.018591420358554
33.99564664799276
32.715542173985256
113.51447311891063
42.785704519772295
51.70883178070913
54.102721530078796
71.21043440989537
92.16729068322951
81.507652991151
38.94357147472036
16.52410857139271
69.11345956371464
85.2280883660861
50.14015789133829
25.561968281797036
71.99610155779438
62.40959795920331
43.05146816460141
73.62766199736589
51.95506785764853
11.66732048436846
34.31159703935211
57.84048414278794
105.40317477228092
45.36686002106965
9.780619532608469
43.423522830655884
26.302817708303444
96.69270996157599
61.98083476489578
53.23776475781503
19.120959418315202
39.03564774216963
69.30632368443881
96.62666036817188
99.42109333750778
111.25623753535316
62.910204385838476
58.50116129291628
94.2724229614109
108.91740613399101
53.11929553794711
87.06011571783554
10.207654090616586
51.66053271689401
40.85720974434888
74.69766943180011
79.51595537570458
30.09708586953512
37.56672445119354
24.061025174242808
111.42859472292639
105.65554168455132
22.340797599301304
37.1585938976323
69.48626989589013
64.02129429362209
18.4467509537105
5.524407441664813
95.03350835705584
88.48464045008373
54.925296309754096
13.824120652842929
38.892845719243745
105.883675584191
37.910934579032485
59.100669944811685
40.48402407371353
20.73025018698165
58.76647365072482
38.33070778837509
9.843292587214307
103.86859307512535
71.31410748108397
47.01022547929172
37.48311581427212
60.99993489733012
63.37390145153813
20.925222586753236
26.613745726843874
79.55585554650898
43.720969379315264
75.90215862371505
15.43093895535553
28.69625566795694
107.21058858853917
33.468048471251834
52.03567478275974
28.42228185854251
86.58880434363522
11.058027716035987
54.93434233257513
26.524790116439355
81.43808980506097
61.42998656301998
94.6108760440777
33.985371656973896
4.269360835272579
105.28340607829341
92.20091204968264
15.258992508885335
77.45782641186602
77.69971968067082
116.14859295123071
112.45574573626939
18.38755726762985
90.6793080270975
59.99267845164716
23.500934009930873
34.5790537670012
84.52296004191606
5.870790724918287
84.07036610786957
29.58286974059029
70.56864548531802
108.33592698667573
48.865585828479944
20.02843332927477
114.36513688629833
13.594460357320585
27.038713546739977
62.15365593375793
25.986905382952486
82.2319663810631
71.52164730053585
115.72425042325824
98.29452393316146
11.716457657668798
107.38423383596165
98.33748041679308
75.57936762552296
28.136290408379985
81.60005648711122
85.10593115097846
58.439954862761525
40.183334176379304
94.19694065909944
114.5402400429173
100.59563215059023
20.812635755494263
110.45347431117456
26.175308700070126
42.06136297447523
12.196443300039618
71.51971264890071
7.646275330862018
115.52305180073627
8.486942209850739
30.590140140544836
56.494814148768704
14.614763985745597
64.01392699152227
12.32479270292432
60.46622115845601
31.494150646619225
87.69393751572201
73.90907151233297
32.395097493852006
59.69702291868498
11.162171390069744
83.92755841641153
72.06665358660771
120.53538779043092
69.18255014307857
56.97668578069039
89.73557011440664
70.36696293130731
102.70727241622157
75.42095774337719
64.56646648189707
22.62391590107702
117.68565919126291
34.23932857405886
94.97161908580543
115.72202431810463
111.10136976652302
38.084423427153126
97.41851467428236
57.530781021518706
66.87998384682105
43.120270251751336
36.698851480306544
83.10409998502693
33.907121056143694
66.4858923601281
113.98203865646639
38.755590114198235
11.637581599366719
34.34393174094821
34.21372805528024
82.94050368324113
88.58070049290485
45.57929752707025
34.11351770452856
108.04731402895784
63.73853763308291
38.44039767109354
57.81824475239939
76.77086996074244
42.95385383667012
110.67296138626114
90.14176620702526
108.60820621968365
82.58722710874254
45.27500076940231
89.35517197844013
26.73833287165553
69.98552501424626
30.639702161389803
88.78040709772071
14.097598180499695
30.97471210771361
82.18243016457916
8.448643013604489
109.91724281430228
94.8092335780265
74.63726068440404
66.75957311210438
39.900268003733636
102.60038879714847
35.225352653084194
57.48789619837669
60.98726776682128
56.65851365085422
66.08750092774379
103.85262133559338
38.64904477340442
98.75475747620521
12.395546246410774
22.07034478735038
93.72726637072122
24.26568985104103
56.5038820863342
28.140932921894155
50.74829797037759
77.29172871746181
70.3435153786994
29.308231720523594
92.62184157862312
108.67042029455718
98.35640158443765
16.349585513671506
23.53833070434022
73.96838916349627
13.395464524631528
36.09085091288802
66.08586169586623
107.7403829524606
46.960896082306945
91.2249039942271
3.9218976689291623
56.836828644355705
44.78928823926455
86.72816301665844
26.159746290913162
32.54416654104434
48.00304527551592
20.341161148463783
113.13688836055772
26.09247766977269
97.81073421300118
77.67304685317266
70.33083497335082
30.245492040051715
24.43799866607641
16.128294106430253
96.03663655815322
32.50846404871279
36.191416744993106
52.17655750860913
72.9498699259277
111.23972096155677
115.51816170945213
57.37394061830025
73.76502665189199
95.23200473755479
40.249353985678894
70.63649133457321
12.636090678486887
12.51192361163649
104.94260305876205
83.09379113608477
28.4818311091649
42.793465125931895
80.42369360367978
38.76910656564009
60.32984097620442
118.57168794862756
30.36334971268058
53.42041200261964
75.37465198061867
37.837990749344016
53.636154094842716
6.826470517028277
73.82352079950962
20.587496183859294
100.22142979846791
58.82928166034205
58.46694170938905
86.33002207095387
61.0182136628328
73.11463738893178
118.08256618333846
68.70971639290983
25.87723014994082
19.619611629870114
76.5691903242643
70.44153978681909
120.29771080643809
100.58775100595511
31.427997478263123
29.380520804682973
85.1104300747455
9.845349165056355
51.66828245206651
79.5933069015923
92.97316448659917
54.695133715266564
92.839629111045
97.97192861326246
49.240021634504984
60.58842406458424
91.64106865437097
113.2308774465476
18.32115113245397
73.10632635841665
93.7884292111552
93.65395271495115
19.762010814010523
60.00817447335174
42.37020956969845
11.98716724137114
62.000864428228624
66.97418385531694
70.75301222449886
106.90882381758081
91.79891899418513
17.244644585419543
60.74567976892455
45.27823794347065
69.06377625187571
32.56945233589656
7.6227138556200345
101.48678167935483
54.12806911767674
3.626171556945053
10.617675524996102
101.98874672522146
58.57161515451242
87.79722962384015
7.23032584946003
78.40730996939496
7.228853491076464
72.14196334251773
49.24789781167183
5.935884506224006
112.14992879346023
83.68302354181044
18.974902787949738
62.85039174106907
34.681899265081526
20.197504831606217
24.21165653165349
95.36040692455953
35.282673120343375
84.31602314875931
45.99035879472198
80.37317574437917
49.73655202351913
13.86120964661611
46.643885429948604
98.92661507077916
35.26232382131562
11.681989889414112
70.34933626263395
39.74789455595561
109.52308153576453
49.592458707245854
20.69879647319231
47.50429761895391
101.7861821938709
20.308354520307688
74.64077961832535
84.10533153939815
7.536653895209049
109.30672103917853
29.21645494257796
101.37760053474197
102.93147851558902
72.50180905967572
62.96338170181745
52.75435051065042
36.35323654658219
78.40743592634658
11.850916443089332
58.34984732796379
7.997510822438592
117.77943919278889
60.31105994147509
87.81029560460563
108.1916404291118
41.712614278878775
71.62758702597245
30.942456523581875
25.5256066396502
30.032719273977243
35.59487363005561
57.5194250361969
82.96868603135545
7.638094076581545
35.763632763802164
84.17309854419906
99.25642661396657
64.12635780349918
83.69638097234194
115.84149091513011
86.87933420350339
18.741160310140117
77.2310233383606
39.14314061282356
33.78103468514226
34.79989053783862
78.47507397762388
88.22624844281587
48.457211885659675
39.724897544296326
113.77542984059016
98.8417824606225
65.46607064702292
56.641527914295864
60.81914764430497
84.16600663747076
97.85089952247726
29.03658248734665
19.632293939196487
57.078848837050614
53.723940509587365
64.93678378163641
52.29864295389041
41.91435644881605
33.084055160442674
7.362944951535148
41.76812580804129
45.76914981208988
61.454034337345796
115.91287676788481
65.79748203168933
22.376480183415964
13.199368166669785
27.724846497405444
22.554649322664957
70.23813728015085
42.432089990894845
30.55759804874154
9.945150978467659
115.52342397652419
27.22186465473895
6.093326566277192
15.877319488134958
76.1768542812865
65.15650760333267
36.26974305296511
84.26008373036544
63.359381083045676
38.560137627318056
67.70366686309174
22.02454229316833
104.27287293532086
89.32652826664211
35.82739058064077
85.0957323308206
23.012157543833162
54.69640046642978
21.8986330577034
30.071277140260598
33.96299953157026
47.24741455354366
35.96094411298755
85.25616173474009
58.48081118040752
47.445656010643965
114.21061114056042
46.04247204024504
105.20954009291745
113.10152583729874
80.78373234515325
110.40380878643467
38.53673522709005
56.557351923551124
70.23596394662388
81.26957957073273
90.05307942686964
4.787590280302545
54.376250645430844
53.37186146865737
93.72605806508606
24.61096908656158
95.08232927410484
26.964825160618553
50.095242208679096
32.130028907283595
96.76106984072942
22.996203346720797
29.31952933549713
13.915172074475912
55.00024762570926
115.6633555646422
44.8466888446368
73.93421641222652
3.749971804342408
81.1134618681527
3.468947222621914
25.924040366358525
89.86033902232438
64.19326672153737
115.61363776158235
119.2609887043296
48.39606004103436
86.51594515235227
17.454176114373666
117.6619403941119
98.80984891277635
10.955281701028184
81.36525172365104
29.534289671511978
26.314613016052782
7.888471684420331
39.52186768329941
16.93775420703618
106.70633795893959
42.319386613165264
104.35352479530195
28.2077992619392
79.04292792874804
78.98323724168095
63.86572216694853
13.275521705089659
17.741062017137452
95.50678907932326
48.51830647285923
56.0487623805257
29.135009027680134
19.278474596272325
86.55418710829525
63.84615933120599
53.96511682431367
34.64653806527147
5.068950444062246
72.07097541038681
41.90003922174358
13.9926603083414
17.211321831913757
17.529502124119993
35.82072869462837
53.80832053057119
17.008721197831974
112.42569190087403
28.85249996248958
117.3230625539801
63.198418464240326
63.21932061681341
28.250532960953485
80.52654064289995
40.77272061689319
75.32539643699249
65.23211802680257
28.77486740727832
80.70699195313905
9.131609100333932
111.07418406151888
21.75557929625952
12.307807377928683
94.06246933714431
12.627970392646162
75.3269874242408
83.43032541416899
111.64885523002911
86.03726618921561
15.349132587557321
51.48142537224717
14.085083366795665
105.97901527812672
27.2141401382451
71.31838619560808
29.812660463111747
108.82167888537822
119.12131860785395
100.04436506517041
107.20224959984856
33.047913056491936
52.50994317298499
28.94199573569454
53.81637319591969
41.34915301059043
54.07152867483731
19.844444921755752
102.90172746719333
113.93712073405797
3.358329287099423
101.52954829693545
23.254581449786947
69.29413123699686
67.02201266126366
59.97983101709145
34.36693650745971
30.90152681012007
88.55646485470433
117.01375817406552
87.70917807787856
70.09947805218934
82.67674243059629
27.04120291245436
37.03929664201847
48.604664489331796
109.45120819792339
38.30510233973574
70.60532246630719
56.54252660457792
82.54194551531059
76.88706345658346
24.884159162452946
108.41155228248198
76.09127872569123
75.86345955757885
26.204784739556885
57.107247444138906
15.328506715389707
43.897687259988444
37.165276045257336
49.08598030975543
102.74020118029068
58.18645663081989
33.56732756492217
62.70861198667834
40.07722276028289
37.18739435982539
57.78772853651795
92.75984854695741
50.85482733119905
35.2565219079015
117.33765184746747
7.194481172153594
6.776068020807614
115.66506383842719
33.97707493554162
68.47886072997892
97.74944277535967
65.3869915716479
87.83618703690709
25.067992831029002
53.72500229757932
43.8966944619256
11.909111596334704
18.34809581024455
54.21523746887048
27.552556645547234
32.43807332812918
81.05630568992731
104.41234186479852
22.79488794954132
104.38349894020358
106.94611943747003
26.729427924964597
12.574715105292903
38.705694036915105
26.594912465528843
113.08310351307304
23.57911086580888
49.82569495085104
42.34746238498815
88.07142941945142
17.83424103933934
18.008567384050615
58.05226896507479
55.66293108838346
45.825514614159836
98.40621477880335
17.349567975575027
32.44833139835481
35.409406255131735
35.29949269964118
59.57549965880153
13.7405897838986
6.912817421997197
67.25510241881814
80.37027153256867
54.77170350501476
14.236145329177596
54.75053877425358
94.83209025283098
50.764683519163
89.69474706663317
29.413036582134296
66.97283054243783
49.74899476467865
64.19137381063135
6.86839427908604
99.15055778531718
45.19395708296992
17.822402993463285
19.439162246106555
93.42924221604476
57.755587028503186
90.76027001951607
64.18017999557962
118.65912584942208
44.36316729912387
103.24552438441904
87.49457727117414
100.59978841162561
16.330953607783925
39.95452969733459
83.14700950862438
31.612763891857654
93.4168542685969
41.644802713488694
52.552253393198285
84.7065656538163
115.85302418554815
6.643636359501592
20.71905018825219
83.80749439355569
51.73436175922313
9.710707221647276
41.97255464415459
28.347330394618787
59.42719685702241
47.474362384941415
103.24325897620061
45.57938274530808
61.65636983935073
5.13366494173485
49.90382639015437
86.44070033748272
48.0638528815736
65.46454419639963
46.02695892606738
9.867251700876693
36.380839510797955
112.11823891346133
8.77035673973991
54.98170392074809
26.834966143533038
99.36099855976374
56.16904075109185
16.090973300533165
111.31987929298276
57.464894784172735
44.545370921071324
98.46900152757699
67.41354760240172
21.100406477826475
11.305164305639998
37.82357407933775
51.790791316035275
116.10794185746167
59.982016152470344
62.844584137706164
48.766619752796615
91.8770777340737
31.111999062156645
63.32490768207817
70.24755471068998
30.682812642244382
17.317729069886582
115.60815858586761
52.98410568570698
41.098461363044876
74.05799783262846
32.235094926093026
69.86213544328338
9.346036276790954
80.17487170494492
116.71941646413532
68.74559242965097
15.850731392040338
95.49492184751199
4.244421040598148
57.20242760195495
46.735407549585744
43.49312553236058
44.376485992081875
31.39089087802343
65.53239975537431
34.529194523205035
104.65018449163195
82.60857341911745
84.61839464024564
62.964639961324586
74.69823253371302
97.20426885987132
78.76501748113432
85.83965045281471
80.73950490433737
54.75866201349024
82.36975648728524
51.181024087667836
91.90916396685802
36.40242614947175
44.652359086736695
7.8292827435716745
75.54043115145458
41.287067166365496
104.74036670184793
21.50227613211075
12.003223790148766
112.45637914287332
27.283055274450625
33.4184345442567
71.9156866263323
105.48868636208994
80.96792488096585
42.70462038037359
32.921097171578324
92.91186663253184
97.6113820432719
4.35396192326715
96.62441941475791
111.84532121483407
47.29759732144947
57.41079757709149
62.73414735783645
99.77560932697045
82.24649073945581
99.52769067032611
25.375362836115826
101.23237671307423
107.63170452528527
52.469898685996625
19.734468840736803
48.2134130841543
111.48793334600776
53.96593505347895
39.19250079224562
83.61007423164446
12.08888302991545
106.96043164727914
19.19338854344707
35.07541139560111
9.160047019002079
116.42109146914538
120.60477785000441
13.361996980189069
6.119541518184086
13.620919827333068
84.94552924574651
53.81187412810762
57.631618139284626
32.78699820275821
75.14555852354523
46.76345318522631
40.086349068373444
104.29728293439123
116.3469647782455
23.544597656044182
90.76315842587675
3.4508988305185966
113.81613473385522
83.19701145449332
24.77618648653774
36.78232213254738
53.37394215592458
91.14612784485686
80.20083143370462
118.45061103551129
35.14103111812778
38.81948914638532
62.925631523057376
83.46411272458306
36.39463191688582
111.92535621642867
60.97007362158044
53.38735729176148
57.60665544865669
81.91323541186776
63.735771978984694
79.82233983279697
62.38764876753839
91.52943677399278
96.9358013106821
115.49486102832489
18.33036963753934
34.97686914958268
64.10720201352561
20.329758465354928
16.84826324106094
59.94795876242357
18.577270883194707
99.65909733644274
95.17565393546862
13.034156762925178
109.91519242219528
23.95495474720856
45.23402556510314
77.8058399251274
76.13115582687252
24.61607042014637
34.29093974176691
67.81776435935285
15.958687443948222
116.23445820959333
107.1579796925396
48.56767672898542
13.776434620710589
23.6689999527312
95.88802645667766
77.2866207292517
103.23194121299998
93.17949595540432
24.92083774464161
56.36666337560082
79.84725145907893
95.52966835941908
50.71713632484414
3.5732731636445934
53.06898739245352
64.1090202901775
83.77203251232824
71.47758899380963
110.28522879568351
57.36709142034001
19.65985252301077
58.18102110967935
50.362716511148776
89.220795113921
52.83126373927881
45.73361768774967
47.63744663128279
54.9730476349543
29.39421938487628
22.527801951461903
24.02049440424107
14.700479734168631
56.84646068158316
29.869852206423282
19.005709568044047
16.32246543739408
29.516590954150885
42.413353217801465
65.48521838261989
33.78206529049589
20.247486737206543
38.402246177177204
94.71050428230359
55.288262153943066
119.10963388370817
21.34870437055229
76.97274625417366
14.01743042709819
50.38929882161173
81.21620734662734
92.69968141487008
41.70766419314542
96.12142977417614
73.55864434783204
48.09552875146366
51.38151854926374
78.10361180142775
48.49556981269859
33.55039777995995
49.82229209858755
106.96182366733754
22.347423579576144
26.070523609300764
54.903692631588626
30.8071939964327
113.24009793820629
114.16840028514522
16.52377739624942
10.379915174091956
71.11472158259804
57.22098429375436
37.989122564683754
101.14308454280618
72.30998200596039
52.829183390552494
8.652647520609278
27.146082510116827
95.37091844172204
71.24507138504933
47.58808740565138
101.08491807993175
41.48299249414043
61.61107628890757
63.78960552758545
33.39980609851388
7.006607992374676
103.49991806074314
6.037767040368898
109.0711787303488
15.434620897678037
12.549254593234643
87.03916599023741
37.58147114014666
35.92861286716905
41.929738702910086
93.04816807817608
56.78720784161469
60.40433728567549
59.92495668451744
12.748135996312435
22.279040158364936
64.85233694797863
40.18876534289088
19.552691320159695
22.111262344509825
115.26505558983928
53.57961837851524
54.31423354109086
98.07177399076903
64.15737908901514
79.13370935083931
90.7386312817489
71.46190137926524
22.935811582405925
10.232969845002927
62.46424078591128
48.35377449123564
79.21711986391702
50.8330978344125
196.08491791723057
194.13733491846665
152.84810877560454
181.27576169357636
142.7168455197989
182.72658823867428
156.8128871335769
131.58552328622952
164.1210576751877
173.01308929071408
190.2353749030129
212.20521399316988
187.99420955872716
173.04199764852325
171.40937570528052
130.9227741052196
199.0610031709152
168.64099181678102
152.2846865058037
132.7627911732978
186.66142155359626
179.56546038797887
156.96897928644768
193.85324523815248
199.9638521583181
214.00653840444767
223.94698937591963
168.46115768356907
169.10986909242442
154.04635831118998
183.62514105442307
200.1395215209038
215.65058427605362
130.23888652992645
183.14185273480834
226.67307283784044
186.17155713105365
202.06904297640426
135.44390255309852
197.34301218011672
132.6070253325524
128.60171855051556
146.1597954255603
225.90582722549715
179.34487739155026
189.30856596222074
166.9539520644132
209.82136365961205
185.66450700024012
189.58936180618403
177.3101290660672
137.87804431874406
162.9437022137362
128.26034675002208
189.72542607061465
160.44017300447388
187.99047599774354
198.46566761645855
163.11098893626027
186.96959055781542
128.18794276496735
126.5257022035549
156.61137914940085
215.40297583471923
202.26050676164573
179.09614612893841
216.5985300476296
183.9717437176472
195.42900482018118
142.86027254335218
169.3380967520636
147.5898003971848
191.48665024634613
211.66969797705775
176.37143779181207
219.19091487230472
183.70752143116675
213.72210851956856
189.08942671661333
218.4251426092241
133.46021796257847
179.98065799371824
162.03020482709692
201.21821648525253
130.2998483154609
215.42906577238927
173.71953839279902
161.73574864051318
125.07568733954429
200.00115607748722
203.6188243612362
139.30890053040423
153.74737799106808
172.61092634234586
195.17701366413874
203.13731292158658
126.04312589330084
152.5054571812379
139.5604361766973
153.31388388526682
228.01609002546758
205.22541548313325
176.6508847298762
169.67116125960908
221.89745451388447
181.06998025822736
133.92019348584066
164.2053939725283
158.96283588129967
140.0114227232714
174.73268454844555
229.04259247898756
197.0260028810667
199.11127051412083
200.24728901008376
125.94763953386894
200.93025886089293
179.25766249888713
138.04001595467554
148.35650161046013
134.4766953660595
205.33066899984055
132.2786984299644
189.1493074424274
223.51474649229786
207.15818012129014
211.5408112802425
202.26268700799199
203.17778163305587
166.5650187378901
181.18239409619895
168.73965447879485
202.3360037502124
154.9505442653999
142.95579609272312
162.0418482546931
159.39641008297852
138.2106386371396
167.19804321576882
190.6084981360557
225.36730907738036
156.37086732512927
148.6211941882646
162.15798553587706
171.14320511862434
163.5272152887503
146.82137766449097
137.35064492978842
141.85449338403632
149.8406283326123
174.90200778712196
215.97171829758514
132.81011561434067
152.1440367798105
229.65770115639089
180.39440581066148
183.74428865022188
126.76223122473448
197.65812430833375
227.45484792851303
184.88039169854525
176.04909971900722
144.02350608322936
176.70150678205215
145.72323580535866
158.8757889785771
209.845634157761
142.6900583399964
162.6629002443714
153.6282879164069
153.75891522332495
149.3771298651568
133.51235543651475
167.3815551189732
177.6795881500199
127.54532176508513
142.66432220856694
228.99657826521252
156.35091715419088
154.1137086159864
164.37089525617827
176.91136930795912
211.0868701124158
184.30270126219028
166.2674685983561
225.62360541093938
131.9867933897791
177.17112091353263
153.3565161085475
224.1456516249405
167.27923626936484
180.15967173093978
164.1507120008974
158.20680057328056
153.01976190161795
154.08782986873544
150.4082299864575
163.99457150464
170.23444414971632
166.0622503255695
158.23438907366614
210.7265545991923
146.5489668639676
165.3110565987007
142.25369940449502
203.24024445417717
144.83042900761032
175.6812935766387
156.68555401512725
195.24472202180846
212.04832994016516
162.6253300232944
186.9073110190288
147.1111309040815
220.6547412216816
202.75691674872022
205.60414630631328
204.6778193365779
135.91024403604092
147.52132240302555
197.64099685411642
153.50461086405934
206.62462289020783
169.38602581384447
157.2082409688718
171.99136851387533
194.14553327322744
150.6376846542469
188.7889049347242
157.45122837212307
180.40205435955195
164.6607350320236
158.69157444280404
157.66695922982964
125.21840342623395
193.78251387877202
147.55977053771687
211.85907980550235
215.77999134789394
134.32043677924239
151.78665178819406
138.60077890460633
204.64955482079995
204.2151138808076
122.73319468349662
129.8552581576704
147.0139053376896
151.72717431928675
159.07109564423436
210.80241104380022
220.3338623346185
209.81401289740182
155.56807191103684
214.26455589076153
173.71708132949348
130.54706419636491
197.86399597913592
197.44128813062352
135.41962371231557
125.00348128957606
190.7209341010591
195.24581039586582
130.93271336057555
128.18583510917148
179.4604518290483
211.29938829088113
204.92828263863734
208.4181561632446
194.0614640719807
177.9108303228687
157.6484878693607
161.55152911751583
172.71036744072435
130.7003620082975
158.69449712890403
132.39620843750015
158.8046144356309
222.82414991787462
144.94147827455868
141.29101484037187
184.30674733834383
159.24743408649888
177.1745848953409
146.10995287908548
198.8548197439736
174.8385653949503
174.7678792094178
151.0599256685143
148.23655746059387
222.58769048893694
163.30366387393883
211.8364189706158
136.1350867748677
149.33077009101376
175.98491607639764
141.628937344642
215.17157956956152
162.98550309108956
178.13116865025924
182.1642721727269
128.47392835187833
148.38758371848104
148.32565076826327
154.4143299461943
221.08985718499298
121.5275537952906
196.9547650851059
169.82937923059848
201.42300634505406
170.93488118053156
214.90876681327433
229.37375677164908
124.71773407391822
183.8286066155993
218.83570318942083
188.55657307393298
141.39804766444414
213.98597732736283
201.53825854928982
160.51156862261035
193.89746891832067
199.79253662256662
196.78942868999565
133.85137628742046
129.75226417865252
202.7622478042758
148.06205743500286
221.1889803522481
155.1298273043627
209.8660268343557
169.79367161781744
215.2903770432031
152.7473342623017
174.14308578579207
175.09419516748218
220.05264468725494
141.61318372181148
202.0810851042443
170.31353156193612
186.12624321697416
185.24088939567355
134.0133130723089
181.39296221873897
157.45121234351365
182.18484733124774
131.81346812646552
187.7166906994403
163.58373498561699
157.40147942161266
200.60690863584267
191.1752036518648
206.57425897068805
145.48522970690212
155.50734618088998
143.5038964633195
144.03929499437714
188.71276209128436
153.0562315752757
185.96821441730887
228.09302186923753
169.61545940233248
160.95278052321575
139.43850000226044
192.69779700265642
173.76429625022982
135.24982568412955
180.11407237442415
173.80286947824533
154.54947168048048
135.19283514421898
125.65845175959397
154.2092231226377
147.69496132798943
150.75737828784077
176.4560587477014
226.25072459280182
194.16769630093873
164.78679661624523
192.66418899978973
197.76458960205142
156.29660927690003
226.16695979330717
191.07633921428385
148.0403364283174
228.51650397687638
193.9356205662603
160.90634412778647
211.698685373782
211.08510069135966
195.0393091064776
189.64507251492597
226.9758680151449
122.09881755137084
133.00320345198526
170.10684611503183
191.33919159596394
153.79806467547368
200.98893329710276
227.07822212948025
204.10601505287772
148.86184820593147
222.3575203491706
164.12768926059434
165.3892562682055
191.14927719335802
215.46218772792923
181.31402513357105
200.93898327969185
191.42266229113278
176.23762813997303
147.39205104923067
171.17380707660365
190.23008859237217
172.0709863023362
218.21571892509348
128.86573019738017
130.0099396670395
157.9378501504951
176.20345117159349
220.82415997832922
175.4188221250657
192.0941798296791
164.5594193377079
178.58258725062686
201.34669336669822
194.19262462656727
158.24973321992934
192.2150102537595
174.64350746437873
146.87732172493247
176.70350206999194
201.12909936527615
155.62908886910566
151.096436277331
153.2625912670888
157.3839739739851
207.03125821162433
134.5644799147716
139.99333401788087
157.4482689501342
155.83768408876864
125.14537497675451
168.37706747702867
167.44008240412717
216.71110919808837
176.2445255728393
206.57431159110138
158.8424158836391
199.48278214396373
160.43865572802216
174.30965239479346
169.5197058128883
177.4401580760547
138.0664496444327
209.2977009123041
165.9384441283553
125.56920117292519
216.17326041217822
192.281251797355
163.2292950094602
217.96094840808786
155.3568418904499
123.50955293516785
154.14667729229583
226.39707004534174
173.00539321132194
214.57846625593896
190.14500074583916
168.38198574233226
144.13518639762427
126.481170361956
188.41943333021578
221.00203418395813
191.78191346071225
143.4925531193597
207.20962032843164
204.10552590151372
180.26475243528063
171.54424247780133
148.93757692415318
163.04773627432868
128.9635213013059
221.79391750461633
190.695948963635
170.96449327831647
215.95420069635082
179.46585266388314
124.52283094201725
122.44105882490526
210.77116536534268
185.3059253676489
182.1250259026696
153.2350010147149
170.87651589603126
162.14416672433057
210.97206982609782
127.25304276492906
211.08101352429276
197.6726097641859
129.71632888220662
224.3688656054997
144.2358434917527
133.05989812863297
190.5201366800419
161.48767178180654
216.14126053452944
132.68825863851836
158.17780625497772
139.10437347738028
129.28284101190906
149.09862085389054
194.42139498269347
224.54654234766062
197.88750272133265
142.0074796490274
131.54415713129868
208.57987018141847
125.00159939164345
189.02170754849757
188.65071924188777
190.1718628508076
170.5696265714106
170.6941661816158
172.12281473654681
187.5482841481262
183.4430904146476
206.24798480729072
123.22945305514236
199.82964462412048
221.05535689794553
194.99949741155953
142.2539171405323
197.41651624644751
180.57212004254274
183.88545030977588
222.17396020775257
125.27941845182617
182.80290587036637
121.54166950549399
134.59815145508847
210.25476125210977
149.18600902176493
187.32597071096768
212.3917946045336
122.25116170648903
190.03965707916674
138.4839661801186
211.26312850185684
202.15089738816917
125.68429774373465
151.2689842324727
140.2086858497447
187.3582463712564
200.9306080659414
166.34853315357063
160.9501229108574
158.03269947980093
163.3023808002853
223.00453520174437
184.06375009677402
161.2401165296212
129.86537576992527
223.648492323499
148.83320998891674
214.43879573947083
202.72328812600028
160.3814585784177
183.2754931886958
154.5314683685992
222.31907490182493
144.67551556959052
128.4440494403413
139.09865867396695
196.9780693612315
203.7395660478128
152.28916693536777
136.04287587206497
223.51434036823713
181.8156349577325
311.92216378822644
291.14685434898473
251.43965862765697
303.4900001499792
270.5982211336172
248.3221547022358
313.5730136797051
244.9932852121316
272.6183746498482
285.6632990820196
258.8098195682729
290.419359405078
288.93265102858754
250.0395274571258
248.67663503895542
283.2395500194073
307.55466048847984
291.24524539677265
260.7181837749397
270.9339846782363
275.67459460278
283.7934421395764
243.81405894785144
265.75984601941315
299.2062304852201
258.55627480481763
276.07144273578655
238.84497594913302
299.10357013554653
258.2040722244236
231.17713220614579
286.7805242349605
273.0099699151305
291.71489949714004
265.2454475978951
259.60601117230306
292.31534708963636
231.7254838930989
321.07045437487966
279.17955310116645
253.09552348568576
311.248481707989
325.76607895105985
276.2588463992749
287.3452772210123
317.43096988652445
283.9723245204917
326.1228282585147
282.6232465195935
289.6778781806206
301.88598591544655
249.75790761957356
262.86890379967423
327.7539807859975
283.49604847561534
272.4400085520123
307.0424094092069
255.6291921354986
292.6938214321728
311.75185103782815
289.6676387142181
252.78452540089225
253.4193234824855
253.19916791878265
265.17072039346016
279.6232458339615
298.1437676904494
274.6344738903283
237.3186694487102
246.85743008500927
248.95451811295382
306.52824814939726
266.3379758626821
303.5333131717619
271.5010088312284
272.8070936885391
267.42364326120384
275.99945171096533
268.52333930534286
275.5269721506463
275.22722710826065
237.86747884684962
330.64708300970045
321.58471630413374
264.8834533164989
292.39041388508366
286.6367716101177
328.21419551443455
268.7014054413417
264.96531260054275
302.64793348171077
291.76627999144876
258.6821074651786
262.512834923684
271.612792004065
306.82661593346944
270.5571383186501
279.73574371272883
327.2235961199187
264.4922224698833
242.39730892926173
311.5709848688695
311.9023472296654
253.32691042735277
309.43196054001265
235.80306579215454
238.18619818132652
303.07426576808604
278.20897966118054
262.65110770992385
296.73376562130903
293.5611645303746
317.67677057671756
285.8513760901213
242.38867008479093
294.207759403269
330.99781988267085
282.81185299913136
263.5844269122251
304.17947752319196
257.0751842409612
277.90152917278004
299.6015367330358
321.55280288532094
291.11944576563013
311.57585139665764
267.7157234270428
307.5915187356202
288.0792980248812
330.70195073558085
268.46704009353687
296.9917780634352
299.0471507260025
266.3488408426441
266.19560296972634
248.1754094779461
290.30786893938983
295.85033296774003
285.37829457629755
279.80908322941804
235.10111806534314
325.78228548591096
256.7854463182368
318.60574705872335
307.38840999570516
320.9973538757873
309.2979615622959
248.3016799568069
302.88303251256434
264.4545643641667
243.44957447478419
246.63078244958626
271.53848571914307
250.2894924319565
269.73157629315983
308.423029364282
325.1365948316843
283.2615801805427
288.9442498482624
297.7362412001458
286.31336836988464
309.49336001220604
295.64233056195536
308.6578111031531
265.5083594548122
304.19785770473476
285.80957255444343
313.2960044148888
274.2448076425244
246.04996856444586
280.1172568375441
314.75941982431846
308.1828649958369
277.123819181378
266.4080889990292
302.9709931822964
244.4047334900545
246.0077295476853
315.5918781374594
294.4999996535654
322.6677690698733
284.5186684771437
270.8255692049663
264.2639169899105
302.3286757442784
251.6665949183377
307.3894643476232
274.1335571349013
275.8692260849354
261.3096496333534
297.4819784743727
271.5040412362579
292.2866338655479
249.9407080662631
290.39602822335877
256.67594415594914
275.29848569507703
284.5564348565215
314.3773202583119
285.2204432420349
306.5528446943709
313.9717350175734
258.4002997968369
303.1521932281863
230.21992166163966
307.7596143564387
249.89228747678703
282.4307737002587
244.4565040817925
266.041657986217
275.13701064501055
254.57791605569858
255.85948942892338
300.79451558007963
318.3533306651376
278.3256760039699
240.9212412268239
241.45344136243205
260.3680391679549
278.6558969542479
322.4803790854069
330.50071737442534
247.94190447811525
260.6125458853716
317.4532998162464
242.2049091891416
294.65267356586713
252.58483585932265
297.17931032563126
308.54505369796095
240.99269464420286
242.81053749422742
328.56790756535133
249.1614494773082
261.28734204351133
305.6819342073803
304.14705706428333
236.424698342713
258.6154384268445
269.3591222957647
322.68097780064625
321.05115541394025
318.3639852242337
280.1642001397022
250.91706722307123
249.1534982784274
281.9597450854475
314.87912045049507
324.8458093504218
313.321123834215
258.1487412169147
281.2016181424288
286.9563418929282
254.9530421612073
282.6646068783145
260.95607003962573
276.67343628562946
239.02211114090892
296.69700080640916
318.16837900614524
301.59107190465096
258.0217218275924
307.7905254546915
328.29910857345806
327.5154576835601
284.53603678959917
233.8739468851576
319.12815744294744
262.4578305021914
301.80008448498677
285.1204569364721
235.55833455394585
261.8654173546585
239.81382236906632
288.6371822719408
300.92166767045666
313.4597503164854
232.85551533089745
316.90373719966186
294.44657834017585
280.14987042028156
279.868006829827
277.9686670384748
278.72365349454213
288.22323965048435
298.23131663626
292.12462836530773
259.9740546385992
271.6870500866467
302.13662451185303
299.45782020433575
254.89558049495582
306.997183323597
262.6397658552667
309.5934626709932
272.44457656785835
255.82447502637382
251.0861746786844
277.7849088025331
275.41834699615464
247.7757943221357
279.1011630900999
291.70711007427224
243.34660822298554
273.6839000723463
270.98447562412923
301.8638790181153
241.62781178737876
231.71960220315063
287.9047546078932
284.01216594294254
279.795521611377
292.2497211835747
316.0502006360514
300.8956140111993
309.93446676610654
317.3543365628828
328.5453135904263
273.06007625234264
313.62800612349287
300.24370845445685
313.7752743674005
256.1199157676396
319.7592791867345
251.76290607434703
325.4901524022073
327.92664289035463
252.27318164993605
315.9193402172467
287.81064448196054
304.1014324258368
256.9243727251304
272.3428338460779
309.38828852235935
264.12875598343567
275.66614908609495
282.59915679275497
316.2888859748254
245.2575291463523
234.1655692525544
276.7444041694258
265.01954300453264
283.90618280364396
302.71279241843166
315.7058100769078
274.874490004601
282.00797631044884
273.90497971007096
274.4428511119952
247.6108818499622
322.0674440181712
288.84250210178817
277.377674180662
330.71134567826493
261.09003764378826
249.34277913337706
302.13713230585165
282.8931778644101
238.3691256149238
240.0507341385768
276.2303500413362
254.7129418478524
286.2505072056735
289.14699899083996
268.46597294961003
247.93812344147014
303.92330207107545
265.2919084641624
292.6505539743499
324.02665216853416
249.13941037471074
268.8417636411284
297.92288140705114
303.7096640458994
267.2612394143743
248.50281019587229
280.33070499061637
292.15044084481815
278.84893432592327
311.9384171602479
282.9170256465839
286.0917232059978
275.89025237755664
294.5786627960717
284.9412931339134
264.2150793616106
316.2764436884204
289.08196481296517
233.14600793774454
289.1550477686373
300.6394838732249
321.6220657032353
271.6366424404171
230.30056368322758
242.44653922919574
249.000884298405
247.81434696863306
315.4636615311164
253.01970636257414
231.43619145735187
317.9805256531057
298.332794014148
318.9144262929884
307.3424112077337
320.74226766628834
264.7949173647434
264.3601492800856
252.09860866520773
297.92922455944665
312.22652348775375
236.33030142645615
259.29239746680304
320.43465193587247
323.8170999653161
249.54606683640947
310.8027850953951
271.37983669529234
278.65139767064363
287.0017525477558
320.29666085890335
257.8626633307348
265.0625754248617
270.98723832095135
330.11812531367036
276.4996589680365
234.4134440702659
247.431170861724
324.1458394746934
301.5896257461291
280.6896254919772
259.84632817824036
311.96374735903123
302.4446025812844
259.138752161737
300.25235762860177
272.7779088936693
259.3819226061699
313.1807637464034
328.737602919275
297.66617351020426
267.04764178324587
326.12685032598
304.4682305882556
312.6949937601592
303.5489301978915
318.2110668641015
245.57012261153002
264.10142858113664
249.29572298112296
286.9906119223472
231.81195663267488
240.88800038353986
257.7309991577617
254.18180430965373
278.3366314863429
262.5359088973873
259.02759413203404
285.14466702293134
266.17060874424044
327.33284735354283
245.79254105579517
277.6528351571371
255.73435320487525
266.93622751829554
293.2672550711501
323.60952777460983
263.83462064315734
243.66489604417941
322.4021515465033
238.46933311180828
270.81139296447003
301.61349042037745
307.83695694424284
272.7894087099662
269.6404981508059
323.22527782235954
253.32749879386353
260.5359614267261
237.4052366200273
242.89426647130907
295.52690203077026
329.8982234456539
311.1372260694676
300.73109202740454
253.3180617844542
272.35311727563305
276.80154168348093
278.9836712929599
322.6228028512242
286.18853438545796
251.0337755647226
330.4200877675393
252.87327136190748
264.11779334999375
230.52648754992316
239.67576491717313
251.62768096699386
254.58526085203067
313.66953108913674
256.7216275747151
273.7206446109223
231.63068478627787
299.91620119855685
320.78928837139983
245.8542953260644
279.01537806342265
287.4053940193744
291.63791350799636
279.1543821343359
233.35304025329447
241.79529134566175
231.92963112852263
277.2167739516087
309.8588494279176
266.15594161874566
321.8053268865056
326.5736344608691
312.02060354770333
291.9128443723248
321.19742422889624
232.15808583391185
230.86235941335744
249.06885344008515
295.30557035268833
276.86748206056177
242.92607785363202
326.9488161311462
274.3213899556448
283.75761158284763
312.0510071316709
230.06087245659842
294.70824926303584
297.41335157322544
323.44869021077983
286.2009659116778
255.1863345510118
259.8311620256025
285.64199496289905
291.19290485692375
274.98395081926867
249.22501212281304
267.0501458184307
281.6952615150513
324.4748157204771
304.8666553488193
281.95294645618617
304.8633855730635
267.5120798530255
253.1627761427101
253.15658487839204
245.30640955344575
292.2008696555419
290.98840116300073
285.2949108431912
318.62472758318097
288.29005656654
297.46802921846603
303.4433645785509
305.13945203638747
287.4879042029663
274.9182505579408
242.42091268930295
313.4976607088855
283.03433782932024
317.92549123359
273.50027277153464
264.488800881877
312.12385648160205
288.82957253519584
272.1725473172129
323.54065514438076
255.57894097278754
324.2284195505549
259.5358085037496
290.4058550033298
276.32336241562524
309.4658230345617
268.5821203734426
273.42311656936863
