13.830319426470712
61.5256247512403
9.879518144400212
57.67526707945675
29.5096028068936
30.596878994896137
40.819076659003784
60.618589865028945
13.842455580804042
11.932178000516146
15.26977916319342
35.42349598988939
43.667338214330144
34.56096169711232
57.14266994637906
37.44520529258958
65.59086603489511
38.262980496705445
25.319218290988907
59.79242810737971
50.116392917077505
26.61219126864692
42.79819734607743
28.30611879129018
21.465181048220625
33.951573203227284
62.80439141684176
33.363038191738426
14.486774569144274
32.8902795341777
46.45403435670676
10.018418612315756
45.16127305738984
14.680384250597093
62.75485223022929
32.92449249775616
43.85000759898051
43.42951093388199
51.30906934218919
58.44462215125493
19.681588212415125
21.481347448039237
7.9084230296855225
54.646752510017166
46.670226276439124
10.193256803891515
63.32725239676303
37.15694903812628
58.53601909751433
43.05881400156862
47.67741442486015
20.49179390439607
38.568020509177316
46.323503866552706
42.7134418416676
45.94776394069592
49.361302872089496
37.61644677602071
52.68098973562909
47.958645685224475
58.41101146300906
12.31926120170527
37.83509148794155
6.977154436218626
61.67598991680319
38.5945975608365
43.804603476510536
46.926291358594575
26.68989868692891
17.499368160966355
19.706627590782887
50.63341672243899
33.89495802718536
52.139082426841355
20.513192738334773
36.378931687334074
31.32174551387132
14.240594669374921
25.40649494519017
33.64287383449448
56.6031872113704
17.69388071933747
37.47822308242903
65.25851436810652
5.06505117960128
57.59894249556464
38.56960598559021
37.081375477015015
59.14828952955307
36.598956902609196
25.955839798297696
32.42196617266178
2.4453867637906797
22.022028081494778
39.6540636129456
10.804733986637796
16.66398616250698
44.936867735076575
56.947142905178836
54.63829928263527
64.74123249233637
28.82750306006766
60.349606700943625
42.11266062074938
4.522173063586077
59.91932190806642
60.19508658473744
44.10547387339966
11.080077877411323
60.99768952792161
19.780531787847387
12.587639753695598
4.418931991101815
41.56099547612281
32.72142380024397
32.91510272169764
40.36363889047798
26.82427021043653
57.52304603330332
23.650058762821818
52.72918784401327
43.04947320105775
31.262185077029127
47.84205579741289
11.61679266735328
37.791566521686995
18.75552176483236
48.9660414605751
58.73650061804885
65.13399619916177
47.1541121629148
10.660975233121754
60.08899892219027
33.057173102808726
58.08615596935529
11.145893078378613
32.277169234524685
44.897793177031026
8.19295761817014
50.66540894084255
60.13070744976075
14.900410349519827
15.92018074524383
9.200412547241275
40.51057045684671
11.906143711063503
38.07521473904625
52.46243491403949
40.261773445627426
31.63537944017235
20.971864279751827
14.236197136532766
12.160799977218797
20.283543256767572
12.29062430507242
22.425069769602505
17.761929365588067
31.90344712540302
58.85927503928828
13.657912339297223
32.77725342342648
15.148399016858765
27.317526291251333
46.921858998699534
13.801411812477792
40.60714338850824
10.705277244354619
41.09751804305496
13.053309980737822
62.559417564683685
50.15725045964821
13.885441874554864
56.360510532611414
27.939023970600452
3.6271812706720112
6.753187762606565
52.94413750048362
34.29463992731339
49.934117360132866
23.16729930705346
8.723020140935368
34.087039843187405
10.08077569438105
49.152260524242045
26.180655439005527
31.1301087575474
43.58190834477387
56.03684242229335
60.727833644707715
53.34309118097155
15.338353575343689
57.051242887708035
27.11492254873828
49.66882237164609
37.53945571260642
2.443620221299863
48.51020808855091
58.82683160007798
20.90022524445977
44.73192839852598
44.53558325463802
56.23720274006842
12.14866926110751
31.380870469873116
4.061842520735961
17.84871891593704
43.79417047821416
41.4888681264533
47.584601118222054
60.31165226050208
23.64380169974915
41.3666109356457
14.620994690735511
33.2334054460456
34.04982604124419
29.918238971644673
57.50342126080167
61.01280793251141
24.26654541761784
41.28380000939907
21.291746525712938
28.84454611661657
44.58460626505329
22.203149469825473
18.234433451910917
39.32811668793706
56.78304311462034
16.30623095225881
37.686657749999924
49.24920371363483
31.271500374556528
13.578106321647578
18.128400439978364
61.855929831241696
32.41423191616317
24.39843437114412
40.907052007066646
46.16440915664772
13.291321346382894
51.656322413430246
51.18941946534052
90.5446921093882
79.8379717879065
96.31169620369855
100.5928138107402
67.01176338339793
81.60822053589507
111.75675522768346
120.5685282714002
128.23698865214575
88.90995444178179
90.22770617433632
82.51925037105805
74.26347356674142
92.68837717739405
143.19778953822768
126.45677134774586
127.27805541072209
138.72304413726974
150.20194582850024
133.29382719466278
126.73657720294831
153.73395193585867
125.19737345577296
117.18111696501037
83.8629737971919
111.71275779478857
66.60200672434519
102.35634236397505
118.97872907392266
85.66022369826231
82.81376106651501
123.90364723508631
157.61936568407455
87.03377897468528
75.02724426625149
104.87502965998323
79.65338051145834
129.82840960660013
150.5211434637138
75.85365417927531
100.08495861957532
110.17114019811335
122.65073179085871
137.27945958935484
124.58205844405549
109.79116452115066
155.01085278159923
108.13634382524198
123.3252785994159
78.98605546805807
107.28105155979766
149.9664729488324
112.50306220810414
119.49120118094068
139.58346192181287
154.23395588278595
79.38372701453693
126.05086625019317
72.98852840008058
73.4603922272662
115.29196030126555
102.2437395103057
88.59487573143304
100.59086180791081
111.60330539858612
93.9278638048474
132.27596500228037
107.30424819962604
107.52774909432777
86.27275004100916
115.63326722253835
97.06958091609688
134.8650211731168
118.11447086863066
135.04088187640298
122.8305505097079
111.308075704651
129.00223377549116
113.97054887633195
98.69310732413936
84.27872000029669
157.5262158206268
91.92749836433234
73.63068431803158
86.35568860771394
71.06736898253605
72.94072476910215
124.64931010254587
155.92166312303615
97.51548970025065
119.80527491937463
138.55740338407466
93.69264391041574
87.87630815506219
74.36826356183818
135.55478310310127
78.01818843023388
136.93928350017637
105.43907412922667
144.51455636759994
118.62739072191619
136.52685129189408
108.14698675199864
139.9898452898276
114.92413400478127
86.675787977468
108.0812750498125
81.0735817703347
127.10455534638709
98.56110678888612
131.59453528180495
116.52340533091824
83.8284358168595
71.11013952732982
93.81577672188313
79.55594501651362
101.6804780563561
82.12319774547456
130.22349531728563
80.55324708915978
146.95055305578103
77.72160619248729
142.05606029091376
73.51416996288839
79.85344406625185
95.25805728597197
95.98305632671585
68.99555881944423
91.00093340400088
86.2165744271459
93.80622698398471
131.34686559305516
120.26503416105294
68.9035687576809
98.66557675271517
141.0046942333046
73.63540677670676
74.82088681301988
124.42741536988441
73.4722169977363
141.8895437874128
109.94664352541312
81.02475869308793
83.53702336534126
106.56021869702904
154.30382502442518
104.60702694589895
138.2949610500251
114.89484452278019
144.2739476755241
127.58577549517477
117.31984909938376
140.63851384420923
80.37460331331243
95.5789389463801
158.28561111985795
104.4771424397877
149.47164405753114
122.23541422453101
86.03399861420908
118.33282801813674
96.56334180212936
149.28212432683318
80.60853086111952
72.67438486669484
133.3499874450304
75.27231678101788
79.57945324108795
68.49381458069061
115.10653025394703
74.59088372059071
103.37009637812172
150.25560393447904
149.8695717312476
123.84004118329766
126.31397087221562
107.39618662677849
124.9723389981189
89.76404290245274
132.263623374708
73.34430449015022
99.79743411327537
103.16082223674394
86.50134096767849
120.29887111877125
141.2929833233238
73.70505489086541
96.89396127899374
70.09785265158037
153.22572570981865
69.5861718012437
101.17597617341832
105.38901598702283
147.36306477421465
151.8828034452097
110.53257743725935
107.04731483534458
102.28169587078449
108.31216688111311
69.30895173437784
119.54334443793975
155.14925394128704
90.90785822936101
113.2146718913763
125.95333169746104
124.90408809853602
89.05421578211862
110.37975544367225
155.67819253501062
86.46906940884294
79.01751129826721
131.79243976772136
100.87670170346365
111.54162095894144
151.35324921302708
73.93827014627976
92.79642201443573
153.11817713374825
98.57443168494221
73.49624477696166
139.25236973911458
117.31064006385273
128.66113747878487
86.6924136576948
108.20435898644821
140.8101000205159
129.19950877909494
110.53814869429138
98.99284138331876
109.09790154025424
83.11522044491939
131.39827729177009
101.22897853270514
156.68074258143923
152.25814532725678
151.62161580932255
114.41806737441165
127.75005749029907
122.8553139814695
125.865962306189
133.29991236298548
172.22100705122278
248.27404488105483
169.54301687698313
295.1668720761255
301.30528762778954
270.50998691739414
207.95963433163178
203.98931142017344
177.86038376562055
233.9860125384536
273.70710588817457
296.67986916137545
233.58622808664344
221.4441247796579
283.64812459214977
255.92969462690212
282.6805460121119
250.4290658570954
162.6331225213741
259.7222790238381
204.36631840764926
183.35840862123712
187.07542921904195
160.11706974612008
297.03906679741476
192.89603965349943
210.82837758509518
239.65482775059363
299.26136987179564
182.12689181371738
290.16791019386744
215.72976799315987
282.46588181093443
234.03800321295677
264.24974593703064
265.6580670719246
264.0977203864995
262.43396600929805
217.51817684324095
229.77994566843404
304.5593605629273
256.2935450751846
180.81474090354334
235.73460931168242
240.36849197451863
241.28250865056444
253.99025602481237
205.91554977023648
305.2932753130307
238.78944555325208
235.43802109156016
180.20632233309206
173.2468729597171
214.14288339471534
197.91006446098044
311.4665546855875
170.9174784022893
204.42813444797946
314.9273719022734
223.05500217205184
168.677868374934
236.73518682822652
248.24184264375663
218.61750090537444
280.5436975096912
290.9215018031647
307.2654066465042
164.3543961169916
162.2834788490036
236.81169822600955
180.88316782484065
224.87746527870434
215.76944224896857
160.93961219885847
261.3507023469439
267.7020383029124
207.3738338757142
201.56196888399617
303.93185002808525
256.26818488058586
257.0136897870649
236.19714642305834
199.05551170427742
272.10466388632517
198.58349408849372
228.3673036405034
262.64626032364185
265.27892563544043
185.34118009889502
187.0454141649065
287.77324315196995
244.2841784363355
181.99481254337584
202.1549176755206
222.37293249333666
205.39582605374582
277.235453297383
245.85864087880717
281.0724060130074
279.69809257662973
289.2414361519131
310.595583703769
286.85580144620235
264.5398028265695
240.67434350107138
232.82312457164383
240.1778805108585
220.10587489428067
185.1254985148752
187.01276764845062
227.4933336999816
206.15235682130304
255.66093065008226
317.68752623147014
257.47534207427066
312.65544271537954
201.83971287240746
259.9380397507651
166.8422131186922
203.18726942354232
289.825182295956
182.89277482982283
287.9666210410188
236.08763855603928
281.5794260804127
199.66492866543757
177.39498953388718
194.96492223182264
197.57347309196976
316.5949524074215
276.60644001571615
204.28637042006517
237.1387876184977
214.20391099574525
161.75350436709385
238.61815360644124
204.43987702871914
256.76664033060877
177.08794415442327
244.12227510809498
215.72301228378774
310.6576348405641
301.05963991772694
190.25480471886584
196.50470858341617
298.06471912700874
274.75402286387344
182.20543982472424
173.45912594327118
263.00943421330334
199.11924753302813
188.7269839180939
226.50794533903226
170.90840200493176
231.70918526214322
208.81447482484614
220.6686250338166
178.20819885912098
289.8831559303687
179.92965779803887
257.5803137348115
231.72461616385604
217.22010522409624
309.9170375937041
239.38229803228
223.17046320929109
205.2531797024115
201.42792038912734
307.778330329597
251.7792619157977
290.39616951547197
304.2141894241861
239.07540983771682
216.00795822594182
187.94492489709955
253.24669608684906
296.7908418040014
247.02943573410752
262.2913544401788
251.28921549785508
246.64745140496802
255.23326577001637
247.42171063137863
239.97952595489326
306.4724766012358
270.16787892286345
214.2754608504846
260.2582110541961
181.95118692766954
260.62414286128796
177.78786870266356
219.0133023230441
248.62000882009158
295.767349909014
210.59172734488845
255.06583054955803
257.26569315758894
176.45098197281195
207.67272142954766
285.12393845672676
222.46768344920716
191.27885715448397
208.68447715245108
297.43380833116504
317.55894186594264
166.48486660845379
300.3331447096338
304.8154789755912
182.37967418038042
248.14033764212525
231.98358092657944
285.929696442762
196.61600967689301
216.9144740447454
272.49430685408385
253.33993224204568
308.6171426261012
316.46432399372185
212.04184359737224
296.66722859069023
314.78247764201114
208.00314424814374
277.71963026006415
244.15661333221644
305.53551352517053
176.06461383940888
210.2339249704451
220.58087338085397
197.92077867330173
169.19271702407858
298.0004395875242
264.5614817641246
212.31997703478456
312.3020709327308
267.85033208794925
309.16621232624743
242.35274565347046
224.80967419954993
194.6704961946266
314.5723899729041
219.23799460605977
90.2501202444403
87.61846552336596
43.41887828375856
51.593122029010146
102.85545142505734
47.03139846392287
77.83811428122368
70.72438262403821
89.29117310388027
106.79611677808884
65.68587757345894
45.146932980425376
92.39218093800538
95.37182669544319
22.62915041789747
113.84876909283493
91.93381800409016
96.3879405765943
58.994531149770374
85.49594094570301
50.85868228982304
44.21714343096143
93.543229572226
38.97849649120313
30.82654470117401
40.520917327865604
26.432134843100833
8.453691203125302
96.11061575525886
95.44509582730592
36.8033895033186
73.3688758269894
35.852880131171084
11.291071528054907
110.4438612113718
13.688782297185561
59.795033791197916
51.03492821282551
39.15324598574077
70.79517660412075
51.552929752763745
46.1153270123689
115.04512216056597
26.200125784373668
48.14427307419216
38.74120856121816
10.924501136000622
4.668769384878345
38.968118111877466
76.02208139841629
24.40891330316468
26.301766500350915
59.62070672517174
55.241349974037405
28.307581076609623
24.405557349139535
96.8832571751347
96.60441883447857
64.32166238275242
99.6628989359683
35.23880037233218
68.68819674906683
52.09424512503439
114.41666739100448
40.25334554761123
59.18737055417443
112.7100882820126
67.97533991850935
21.702587103796212
72.74333577872972
85.94974894932469
48.58971568441089
97.7824844447747
108.1714686439327
44.00031283948708
34.62813730993917
59.61043457304745
117.18518849285493
110.83970428673916
50.0465084584754
63.566574227180006
99.12908132913951
71.3898718477002
88.37108376880597
77.6457262204773
82.95575761035474
78.44110201124623
110.07952616564506
90.1497498763909
49.94732171655724
3.6875526905383467
28.720781012725944
48.77269460268146
32.40042767956601
74.7959961471343
45.56113027770287
44.21680604812236
33.454726673796685
31.4164291623644
108.43233456455962
55.461235473265326
79.94301946279109
72.15620083238704
32.24854197659494
44.9713497809724
36.970511251223535
63.99322419454322
42.78277414013037
67.50813423254152
94.89637468586199
5.637933672172643
98.16960305370398
22.302720147559526
59.401826432300005
91.2027609722356
78.89512843426712
87.14389397056894
74.0951277169883
50.960206258517
30.876669611418595
84.29465353076641
67.1680530445679
24.72999487881163
117.61465899553457
28.43706798571351
23.52430858128271
87.28748933756859
84.61692695444566
78.03735887418654
61.66078575875929
55.81938402459884
96.06627663234136
51.83408660938713
58.13460318226357
55.15058956114882
90.82543567258965
70.57372587611948
40.826127345347984
31.18328072978573
39.26326553283187
36.859913631674004
76.49246635444769
81.54087056123655
66.60809357061075
30.968319664344374
69.00503886313301
73.63050840727458
36.55718460226069
32.99834072831393
41.55214733378984
119.4752840930747
25.31640466719078
5.081181829130756
101.56623065056223
8.764886705471497
26.729579893956313
19.53593673185287
71.5146135322705
27.76872157130741
7.320915789085596
84.00186772256797
92.44657017174781
11.089210848789953
61.84242786927428
87.48266784017244
58.93385247615373
114.11173727873853
96.00065963553502
3.23667058411133
117.23366833391415
32.71665558090287
106.49692817581483
47.09125624818135
60.442353908119884
95.99523942656671
37.955904781832274
69.43742656870826
78.2945502013845
103.54662599446485
95.23280950914287
14.120027623808731
97.3657765578699
86.86887339959067
34.89583917592246
68.3897922837733
35.01006753719348
74.50027753105218
81.66167294715584
99.02665687477536
40.93671658951854
66.89146565841126
82.66962451405234
87.35515584006345
21.935814046093718
79.15733519756122
108.61615259288128
64.82332140421506
89.0910019212114
24.28600338597323
36.004817679537865
23.218738798022606
41.98690394432414
61.700983411004245
43.73860692767036
69.69726472684064
29.360440845274255
85.46620637117036
97.08131523410668
88.36902827836386
103.34201814903938
87.13437647748735
72.65618945439208
81.409788110132
89.98880256089159
29.312467192831917
24.789644187848964
30.56508008117591
33.01106362033454
8.831068723194399
74.89960498424193
93.18790481220336
53.37024455979633
11.924233283609226
81.30990703050438
26.000544114434504
110.21039134105744
87.16033615357264
101.01447305200202
113.9436884326086
85.73410917435918
7.508604146869189
60.723081521698994
24.44046692451854
47.793672952533385
14.785742395221533
70.69577452720435
84.49275006926995
49.14305306148773
23.529091410331816
47.21795016573542
62.84179392318512
55.77557217726264
102.47379045580067
75.608027024849
89.34905304470776
112.50593213140496
94.63047506172174
73.83617458979961
76.24869729736753
92.43643710901804
5.195307259771624
78.58778363796341
24.80700306595645
48.259937477380454
106.16441731454631
12.910460378198621
8.158799837185569
116.78789968622968
45.836482781125916
8.483029653022129
85.14182398983381
92.31722955317348
83.78865900456496
40.55824224529168
97.95655173790698
86.30790295985474
110.04431031233733
72.78993621672093
57.73219697014581
14.567240848782568
39.702360746728786
27.7919459732352
21.34946471509786
12.922967055988124
58.93462302431613
14.17318994289603
77.77999780378391
47.75449113405367
20.733007884707703
66.2741629472185
98.65882483597329
91.96353675810676
99.91353390548093
25.15379170495317
28.0689186028294
80.94085057788422
29.436391166318366
17.97015949217193
31.4413681380981
12.66060975096061
26.802487042931425
56.91171734846632
55.1953221385275
102.44581330625229
46.82067600882347
73.65393078304342
85.8873903299291
74.19965062574289
59.56767654297613
13.247917765141416
22.79965222290656
19.606982681222142
50.59610860896038
97.88898733808364
109.19298598458109
87.2016921305298
57.709761255489255
91.74647615456651
114.28182286527235
22.709309723041557
12.346164119965295
61.2628460599048
28.488269596223326
74.5878636989666
80.49742536093419
86.91506925708781
53.94238103034212
57.04070123081985
74.1695201474094
10.14507430580143
62.35131005111139
83.47229375971648
44.45521245554575
14.438144248603393
28.73646875136113
112.89893321284863
90.78663876440523
31.76049619288562
112.42901355804086
118.79119762639084
85.55756058041686
87.89707983209993
15.92760283652013
71.01772099286762
43.89995487034916
35.35434449472116
102.89809908720778
114.99267469396631
114.98026329140049
40.105519635699764
88.39648930299481
12.829696386177936
66.23960454304661
102.23675702867436
16.434383592973127
18.658067059973888
116.53074308885078
45.43909326640777
98.2899925673407
9.24554682844655
35.156196080827165
58.125639059526065
69.63354502768837
23.58876166476454
25.980229307488074
102.14481408266724
114.85488393667421
83.54631274846828
29.125714075744717
32.408338199032386
89.68260688840573
120.50118560850869
75.4933063096066
36.340319978190394
77.28533178108577
52.14526385404416
84.56377518125937
51.464685893843004
86.01689520099407
56.45945172221373
81.0680910045143
30.69312787500497
45.85065510553352
40.362893898533784
59.76887354072345
70.27082355580136
49.49014858329859
110.84436363869894
115.52999881556688
31.991853252042034
59.681919942778585
25.180871081171077
58.84262314853541
28.616748815150252
108.06797373877623
34.37275696547028
17.48530931835102
73.9002918071572
71.64028512583104
59.79267089480928
105.12805522574298
90.30482934310804
8.778872504075963
60.2679235557751
28.332970226773575
112.28052653712948
70.47186534763127
32.06601757319889
36.335853051796434
26.18144004096314
49.15760185562675
34.24801049447403
43.361153888382724
43.9074192284476
104.55158040602518
41.81274585391657
55.35765350508589
111.09001911888902
72.42143230882682
32.48206105238798
26.056660117930015
63.710267575340374
60.704344568951676
18.908112880270416
75.67520301082612
80.2134649025482
39.86670765003902
88.26685552761748
55.436823172660915
47.51699262726715
54.35713461643908
59.73917232306161
76.66412650791817
94.75007878818711
12.147499206027248
64.27465783788591
65.4166804764226
12.488843676439686
20.905201607529975
62.84819685875192
116.8306734738162
63.16595954778383
11.754853808299728
32.05680803998018
47.55116431167165
25.865019532093662
46.47998088834329
61.860197854678034
14.389878731148613
49.50534442107596
20.01183174635345
14.617280443165882
47.0585618458165
62.855449756932224
43.91475022468531
98.54108522415464
48.619730062915636
92.12230204359486
36.338918984014555
11.037988606961775
86.68609709224744
81.19590328503298
72.03519823529517
25.185406194036013
64.04149891415885
6.7054129796498145
56.42303950486472
94.17658052006831
94.20454383307981
76.95062116181552
50.252289415499064
79.7106525794496
82.94103450577916
42.47182065550423
97.4088154444778
60.708547023592836
115.977887737725
81.51255730699174
31.98869707446267
119.9998409774334
79.71728018277801
113.14670053938259
5.635793694106397
53.43582410810535
99.47085961147351
6.595237533445385
67.03970788604568
101.55118033896176
64.97755841934772
80.87569847253204
23.96895832587589
23.77197868103201
39.20602828972473
102.93429535118642
65.36373244105722
38.89353461447044
57.20427963652321
11.035286340911455
52.38663948018916
112.20436223278237
54.747789391528165
24.92768271881956
89.22080821817576
36.800323472893254
94.59413574059977
82.88429678023917
25.108609778683622
13.857143139754939
39.97660683031486
108.31872639759524
82.91059349546234
86.52189400456012
14.120591251647092
84.24578898259698
83.08733919095434
41.19203727742244
20.129791179701364
103.16003266844612
29.86959735077349
24.731049738413176
75.88467036268909
15.03658893829023
74.81272631925043
120.11058862753393
30.654886230520255
69.0632237140452
61.794171430347596
59.71382944474327
109.95375202063994
69.51259871233567
48.3992440115654
49.79572462356635
30.893127234544004
30.651534008281516
56.10720920120874
102.55922047919988
80.84065367609232
46.33319421118987
70.09352254456029
92.50415779306648
22.543905293252976
80.36620204341668
7.569779153140679
74.06863524192015
76.68435792785314
53.85778160712252
80.86054277221217
93.0176952081745
51.077136756928724
16.939795651005262
51.63770162507713
74.98777012573456
100.42090456876767
20.042945914065804
27.350102662607675
73.13995566020449
94.70511310723475
92.53976852280167
78.1177035325424
77.2566821905969
38.26773050036026
71.78813459043057
6.431943086884253
36.68712853014883
29.12857643735611
80.1916018145872
108.82155187374819
31.535421925388885
44.8388486899412
67.82256162432645
108.35537846087618
40.25731382575055
103.3034638053216
37.50292895510098
27.330233302119062
26.274283816420358
31.45969877804103
54.067675559889025
34.83409827427746
66.43319947728725
43.20475619592662
94.96194517143985
110.76268419376832
92.83463849654541
41.43297394909598
63.34064989487679
50.12590321772781
31.34915681221294
77.08513660806179
22.66929504173973
69.59828884912733
94.89939790167048
69.66463324462612
10.095353372472957
58.07280369102543
76.41596737808416
38.38578638471675
72.86263547233757
105.20316485919868
117.49524081508086
38.11199938305246
28.386888667368034
29.44122001608271
11.922526891983047
89.23414594904843
39.12549869991542
34.094363342769995
50.74151509070189
94.98193354818433
46.19768895533737
37.402503839737676
97.39707872111885
80.44513503854324
29.697741298912938
83.45506517111642
50.259751930782215
30.019126191294085
117.16723712572494
94.99747914593613
114.31819757543508
8.392982548319303
28.53911323738069
13.018002208846958
67.02136392075744
50.97934917022114
70.05091360037116
41.21263584303257
38.24724792185616
61.98113803633725
14.033871353988339
91.7927721283104
98.66600514247145
43.05920448981033
78.94955752053599
116.28532280260359
16.64069884816446
99.5525165669195
87.51638466029554
109.30663234748258
108.54198095630571
36.94278415425717
114.66670875796018
23.961056673123174
11.138847472495996
78.02018627334644
78.02511327808081
70.9428180534238
42.691663928576496
73.31996503563302
56.988306214073994
68.79277282362328
62.4544778311891
82.01918981413604
54.14733311867355
35.66467865221404
50.22921966084509
26.282030711834068
20.148778726168082
46.8736892688694
77.61254553141863
51.19244936664662
24.09554583602226
106.25036572689967
48.86974910329321
82.87175484258623
113.3463929335426
72.38102915848225
53.803067649004234
45.0193087248329
34.18201829338422
57.30106188021001
76.73879424452353
15.37755318189977
106.61970397285907
12.47028348189324
29.11623511460597
76.55296540765642
49.44885971532293
99.4393665434103
50.496942047436605
18.929109549170384
57.786977116893894
68.35965761305988
100.72474899065756
70.62082708189716
33.54776713583881
40.52508730529204
88.36023743356866
32.783063825113
113.42329406335838
59.53365653293996
39.79706709213739
44.089414112489564
78.12460349005015
107.61469671090265
38.04925091322691
48.536604985443844
23.730865652403786
29.612154015607636
113.20523324369265
34.34907417152708
110.73167339579076
57.07821714270246
68.46761444172228
46.57701481784761
23.92259554768399
68.26523892956374
9.942776336303865
78.1799963381492
110.23428764507219
15.1887911368189
58.16046425393088
86.9877279242658
57.90133798776361
82.61324391913209
57.5101084825624
49.1051503106383
4.254107154586372
118.5813512223203
84.886562429675
38.254045480811584
74.68763970946704
8.984514157910212
3.0074395656041375
78.6527047515864
30.997893379023818
83.4138508469477
88.76477110966097
35.50546303582779
66.1530578027482
101.3312350085435
49.72098838150513
4.446224601071513
105.89442094885266
96.95280767876773
21.5392433262152
44.7606947749928
4.4245850083400455
22.37110840709844
32.024297355325075
83.79804966911186
110.27710888692484
52.16052968536036
119.18559521014674
38.521772250047334
26.999122927726013
27.81887443459466
100.2830133081655
96.11194348340902
98.50006740041167
88.61720819284447
51.594828794799994
38.95823153385234
67.62514840725798
28.81963576645626
19.572169581788266
9.66881526696465
113.67387069233203
112.22039449287566
42.96809350821946
102.17822239998681
78.1140495667586
94.0866642614574
24.945344305946712
4.714357147810453
62.55745338921817
93.26933265519155
101.27455163942719
117.33101426684141
5.7390889876012
79.96886123682205
93.35206675084918
115.85213356449664
77.3759616717687
51.04673990822433
93.50265933491961
108.00775683686606
113.97241021495572
80.14275201644986
73.77934318139133
5.585948848330645
115.12096991426641
29.389269575930534
106.00351059560559
96.65411282124037
56.833137081142866
19.76970683242599
33.82212381127496
43.14254114008557
45.47943574763434
86.20897616482148
96.19084317544343
43.906125506510364
44.90738041683368
22.91270596106905
63.71522343903805
77.89347980354854
63.389935211703374
39.60737522694325
3.4819081487213097
68.93464604004681
70.19880794765425
32.931628501800645
91.72240909682827
39.58180599156398
101.87602087270534
119.74649080477991
60.32199929286378
101.46900449258175
37.03265457604712
89.62821876564784
94.7377731237313
42.55561388066261
43.77417267997329
80.61818962898272
47.5286919348072
50.59971193736862
100.53540995618634
22.827952392584358
15.156985855888543
80.04066502320133
59.17113075280725
66.3951304887704
52.192712471272834
46.190542959184086
59.00958970722411
100.69665656997257
9.73358403771762
16.279411626978778
7.9963588491392485
23.293340791881462
42.86122363756475
104.14334346923185
67.24144654790702
104.92910194928086
99.25133495921813
54.148818462392654
48.62609459800515
68.91496174554003
85.24532294751279
7.484705794174289
21.448753572326297
28.128736313778234
77.36422180570824
88.2985554618597
40.33846226291867
69.41630763278255
34.445963017853586
83.73683577498086
61.47127552734513
59.28292031391745
88.7191275593602
54.007197494445954
114.94466492202719
35.15066891054509
66.55837220352579
77.58278559766752
79.7448389553274
64.49491032754541
30.675852180029562
48.16190063192071
79.57396240829782
33.6261128680933
7.354612123552194
115.46659482425858
49.800232038898045
58.68245263750938
54.7818085911556
45.50104996555992
34.30907880195213
78.36147592879215
88.45304816155452
53.18812744074208
67.39535620150306
62.07003884311256
57.674652013778214
25.056199380501162
37.303198331065246
20.515433089912662
61.191294522174495
55.60924643890576
45.39982051016078
82.27660486849422
63.6738315360406
27.486108266631618
36.98311419140156
65.84507100230076
55.991542762211814
51.416115439502164
14.722986576397496
49.16946649973859
14.472464098867292
83.2267345780799
54.99067840027358
31.98390489572571
19.261154546950877
25.02713641418181
112.18679063880856
39.62845879343237
97.69713030986026
18.29093831538289
43.91070266098772
72.07572046758547
63.30368493608502
83.82688049818202
102.28231231815846
45.614420093669295
81.74401009677942
74.32425593938568
46.95922978082306
77.46372863458589
28.011646187447
91.66511709549437
62.858732980428506
83.69343008283873
112.44654048492987
51.90380975183554
118.24268508727653
8.623416029873098
40.523336474505996
83.67134424025244
27.060455064417148
52.75416970716668
67.03984756425905
52.13122726701267
49.65576649748658
76.38603355200812
90.4953128846569
82.36910257891708
70.6859900071604
21.516001926210883
75.48181613714763
28.038540526700835
59.24243703837584
71.63649571679443
103.45008327321563
107.6433205742748
16.57109061957938
84.14669515706939
103.00788066401341
23.98480752750121
49.539488081563256
78.30332783325174
97.83064265851706
12.173386806209301
8.037025094893785
29.494907527114464
17.11677969103797
94.65056223547651
41.633533162013904
69.52081829949307
89.68251648801973
49.64321689582832
89.30492638135816
77.52832605667426
11.727618801708637
36.693657216803246
48.914675417227215
51.90061880612926
99.69082053031048
10.74875102563729
91.11488282123972
113.43833813280487
54.359675532131035
33.555593654860786
17.778600494844085
20.18030805176292
81.10164094991045
61.469557278192916
12.201251907025366
110.97643561184896
46.622904600711166
32.68931888711866
103.8218599033911
59.685619427114695
71.14944068623092
101.63183389672179
19.69555725456459
109.36263460829471
12.835218081671542
69.78096038464189
108.42110492646148
117.33936448183731
115.71173062498156
10.74490642278797
30.299483457248773
54.23668807416854
80.3499773939178
93.65955953810044
40.487779981835644
60.899810622713154
79.52754182213326
81.5463784525482
74.67682604515635
10.93112339179337
90.87423136964046
70.33301760171412
26.45448668240757
50.08538754621183
90.96227208541829
94.43898634238793
85.08602564852762
61.809899102884515
60.77543624142524
105.65189181066462
67.4139913336661
84.75399744601705
82.86863830272921
44.05806202984005
12.516681667769774
34.332524807760876
48.11463580134566
98.81989299292104
30.75383897805469
52.332240398880856
68.35402626043566
120.93173414824113
76.56624006093114
8.918085955558084
11.69088030301262
95.96613491951699
94.8848199979866
116.96696015995582
41.01071821789886
5.471063945213899
61.99603611347314
34.526122680430255
66.99516915547399
104.74930279625451
85.45769188625889
100.19960749926352
112.8914490074861
99.42170789710205
49.20857136967076
59.68118115326501
102.01766363276711
73.20976391382925
25.86227281639257
65.13231140177578
49.73918288779275
50.3018389983806
53.167009411302985
22.202457065427566
73.56738098304466
72.8703068656892
101.2220881639019
82.36171740830582
47.73150094483962
55.439680264589676
93.24088850602601
12.565378902773922
43.03077786742334
77.5469800844762
84.79476080738718
64.36432134669839
112.6259509448733
108.40323135000952
85.06137241756473
29.56632394840571
29.49317425776725
55.955898197467604
44.96705156051753
20.24466006499756
88.73817206577026
28.82885230380812
80.58340795775757
19.802692622495016
86.58121197717875
76.42635765915273
107.42116801134364
100.02316505268763
114.1341332474982
7.069158283939139
76.59720933762654
16.081606140989017
116.21317731752634
77.24293848747263
21.81536120369273
114.87043748703525
58.01687609255599
18.13901231721313
67.0737786952881
44.40462671913588
95.76749582746521
79.0956740189509
40.85726701940965
94.39736065854817
11.878125611873898
74.41462910847184
108.6727883131201
65.99118643350096
7.532353993563632
40.838617040646646
119.12734860050126
113.78190015643187
77.35414983002794
72.4927292761447
92.8439059179855
53.919190704742356
56.202798938262156
5.094295761705126
55.71373278793142
107.12712295127122
94.77610827487675
44.499161872012905
46.92082988022377
69.53246755627768
108.39675477785543
72.7927555464028
84.6928427381434
28.587998710267307
60.53119225640909
82.67841236437403
64.78309009283426
63.95704053787382
46.89871247738492
24.631107024414376
30.40481343096831
73.61715436686164
44.10107608125118
53.223495073613016
85.7591386023661
61.470111677278084
88.50586981511998
59.405072254319485
14.189087908304316
10.262437447430308
28.422364839317595
83.69781505587709
40.07196412730839
55.29532393650855
83.27747388889644
48.36722298338414
73.9057753572559
25.018612205359226
80.33095445386355
60.61841988064001
69.98924209792875
29.049674306004803
18.887994008804185
16.720370524640764
57.89040093105411
33.35086610040284
62.5185102603869
27.484361289591668
110.2196826306186
72.97151208405414
83.67238237949586
110.35563063434239
110.2237383772654
44.26031325354353
105.73641416572647
56.81346917304151
33.201813815721216
54.05200177641479
44.00210198345956
50.96536391599518
56.89171096088819
33.447404671715816
96.14337459237635
80.77691189834322
47.470591746599204
11.813710833763245
116.2431110959576
56.66732216271255
13.282549109745446
78.72610919706001
22.781060991534964
172.10160833111098
144.3222481130218
152.70546291609935
208.63781190094716
141.29618258108707
193.84619000075847
176.6340526435677
184.27625084246864
181.76457095685038
209.77972114035504
145.16071197881422
164.84491216918823
135.83838517209344
170.38704664976007
178.59328474688715
128.73252641412037
185.99417334363773
196.18925374937933
121.31947470785647
210.5313582376637
161.56062675761137
179.25218178796766
172.94647458349516
190.42441464749956
135.2167926609485
163.250691147742
127.33266088086422
224.6030161096987
183.02437615932917
130.44226509064427
130.98073171267728
122.8755039155179
166.61581283476295
173.69460326931494
196.4994528707247
229.50459952472968
210.78097272776563
219.22581353227642
185.0973029142439
148.83335504918875
144.07497192154727
224.39331185659978
192.59700333424001
127.74850161888544
195.18218046280484
189.22400432009132
219.02568416633912
213.93106683052682
208.7642658822842
169.7591526434471
140.89368997878233
160.9225612319231
160.6416260175349
193.70279988466228
150.92537547451434
147.67805030984633
218.99189188626775
161.55060653083342
179.0281304984383
194.16433409551294
181.80274494469072
198.65258180688488
206.77904270229223
141.78614361118156
208.21330198505152
177.4694626753171
226.92686564069047
125.58464316234397
191.8170196580596
149.68605578772014
210.67697941463288
184.05001524810342
151.7588370301776
160.9826185817994
170.31053725257226
223.74539839258424
139.19759527740283
197.5117083676355
204.25078031225834
171.86811049724238
206.76600007328068
176.84652648532509
200.24363700202954
196.08062165216924
194.16157070879063
181.13911443245598
156.3105438368368
159.64200745988836
146.08884888446096
165.8784660486517
123.87884999631027
148.62913568600638
205.30777303251702
176.1746793946735
188.5744425491116
176.0302508456082
144.62310487074052
193.40209059346526
188.39664304001724
154.42406485128828
161.57455664962072
210.73941579158316
172.86972933453515
123.57903266827066
191.40963471304923
168.90104238922402
159.3119068125389
125.16422831114879
195.4229310915128
173.6062537410426
182.23950790528076
131.63251637267587
167.2810766707674
159.60124830107952
205.27855963927095
156.0539505510128
139.15726012938055
210.44993079282384
187.83899775908827
154.11468300276485
157.9586513220541
143.59443234464482
130.20021586437707
130.55476813829873
172.74042918393533
199.8265447505185
131.58973692474387
140.14735694987831
163.5758715516086
200.22357431248943
186.84764018656534
130.28777081058468
165.82672163999257
206.800270363943
176.29557659307787
195.43751895098828
189.2063138207182
201.06709209989668
170.7191099421878
168.30666724966804
218.04396329816598
128.43788501208536
121.45411763453944
137.12243253797925
219.66840238170852
141.5599830643395
131.43628823506947
128.8135885315612
132.24153030951194
148.27352829435688
210.59380027009075
183.40348269763527
171.88988543280334
161.8027978936177
151.44976558634406
208.67780816426227
176.11066437837104
157.41378890072053
201.36321582648804
177.16679062187495
190.4413004923895
157.7614251233988
129.90750328947445
225.5816040220679
197.94972872799426
199.5735094286843
208.31777653840044
194.1925651571558
163.82846552152103
129.4607233571586
187.96710392770046
154.74430403425
227.2952223741214
212.78406028036648
130.96453296246753
181.1516227100532
210.22681511750844
154.6500643543396
122.9174789964278
171.01398678441427
141.61494662095382
173.27490435527224
150.9746056147679
218.6060726651155
160.64592273054214
189.46117452328147
193.51688475654615
190.41643195317633
182.2691827479805
166.90058753440317
197.59506364837392
171.35544134021416
204.2963924245056
194.71213201856452
198.8882838304297
148.91543376401788
138.82766656515707
180.18447203730656
167.7580251733993
212.06683280009315
175.53047180474138
181.04732429323332
153.32134696155484
161.7649593122295
198.11828005808707
135.62798599967346
226.30222175552097
170.34138039029932
184.68263806710934
136.8949424804672
189.30667877525696
154.36917755934357
226.94061905305756
166.89394326567486
135.8606488257156
155.90357834069377
229.73733270729792
130.50143694450662
200.002105143727
178.40841711417974
221.44405778597917
148.2679716009632
139.81443833838432
164.76063894425826
142.31214162581932
153.8314134185884
146.38539172232993
159.26943946988575
127.18005723975786
161.3786289043424
207.0280839571555
196.37995611047774
129.3509733822943
171.61749265524352
152.6029148739223
205.62537390777354
152.0331250736062
219.85856421841774
169.74367650055734
162.1260883021179
159.89613369385643
151.62340492913808
194.53954735382294
169.68043863450413
165.8227995049229
223.66003818421854
209.97453709651737
176.19339372986508
189.788269195127
142.35741270928827
180.4061199413912
217.07320115893307
158.6650743786025
171.90046907195628
129.71773095513322
152.87145711314108
183.41641723002414
205.12391240955208
145.8743764157931
225.93258760091877
211.10796731474292
151.75168801113418
178.79822403361868
212.3119930868969
222.33699356624584
150.9659751181381
180.51289297363698
227.90258238527358
212.2004358248165
140.57364410873413
162.97390539830224
221.2680989017144
199.06648256735133
195.23098111779183
166.1551285960631
179.15541262713558
211.62397178725905
144.65454153441422
144.66953822079842
165.32566385518618
165.23528931179985
150.3683857881496
226.54121592893705
161.342480419552
203.85078358642224
224.82902619876347
130.5661534884954
192.0249639400342
165.24521524958098
149.84092314560962
202.24643666122915
209.37850279664877
194.8639705096876
229.80679337129052
170.53991572271823
134.88672329136807
155.13108220031702
146.41487452239488
204.82442526643644
167.97494738607813
194.13049977841976
216.65631756648062
180.79502068023393
172.21955138701713
126.17381358661672
145.4277072012584
147.50267162075536
144.91057669463765
219.515071161828
202.0155470468407
150.2328777080596
147.24841923627537
142.41721987062994
193.30778198554813
147.32200632014636
174.18404186269674
175.39826930307484
194.4150300139013
146.37480322221484
206.05782276515427
178.04111634055164
190.03342318931476
178.3053052249239
187.0226711923107
138.88283765067416
191.2404548506592
181.56789289253436
148.06471636692908
130.37914657671732
172.26837771399636
192.06792446506756
131.8597927213275
168.13517436245962
141.58658504763676
169.4176227600378
157.02127231856886
203.1617771538109
169.38626396734895
175.73501181262682
142.02497295610817
203.5873044422665
148.62098346473897
185.8916064399445
157.79867328512128
204.6529267327829
192.50489938414995
152.59643240433329
134.23985155763506
151.5322306280405
144.48691285078164
219.65006168462446
150.71466126925196
189.46609898302682
184.39526349477202
178.79431111143282
141.53053495886877
195.46467291863732
167.28587090089076
208.68698315213848
146.82289517417686
200.9804157207642
155.67765105900855
229.6642262706665
137.88672168836257
223.57085192986335
160.252605994218
138.47845181881848
178.5933315626942
147.76984814073526
143.18263618377128
162.46722506207539
166.14281556431015
215.04437462461377
148.25681473453247
128.54545399911268
225.5670053732
226.65272809801456
176.72538538648598
229.22616303634356
225.82486219038014
179.89334915087915
208.9291566642077
164.22004036206977
201.9694175520635
202.5392936718801
141.03057977707547
127.24052652374203
121.2920447255514
198.40830039288056
154.91754607837282
154.91152024906768
217.13894885790253
220.42336296253504
177.9236896627723
130.2846189706292
205.12837860302722
212.97319983095733
219.9472244348339
205.73758322348655
184.21432770845294
135.66243479309531
123.27155875310413
143.1262927526559
204.2699244388397
171.77201810616359
179.2142924801641
178.68639266503095
224.50345587478785
155.5812057827595
207.1819750485022
192.45625168623346
205.9811445913845
204.8762529154505
210.68743074069025
171.14596705382706
225.25615688533642
142.73214126349433
200.1128291177528
123.74353655581785
223.00947258022947
185.41210724171933
127.86968864695166
177.30427339073626
198.61438542723323
159.32563031922865
144.4963603766686
186.34013601533988
186.52154057171535
143.21525596484497
150.90023274426554
195.62694492717
156.2539376910253
208.0002765462734
169.67881553149755
202.92026229317537
142.15451230939073
207.03451921130994
166.92454064201758
153.27080230918853
133.74483931997187
161.12421456179658
159.1082548408564
184.7654527529199
223.6510227821321
136.75503810456146
151.03268335797443
216.43140554255766
183.8770695745593
197.5528074991155
194.89791441285595
149.15906930091904
209.22586180067032
206.07539584651101
147.78201780142058
181.50156324557807
129.98873740871176
187.73706572146494
215.47446538256634
133.61229592579218
142.77466450786295
152.78120811637615
181.2140444494286
196.0695908150343
210.16015480068262
170.27132366939054
148.9793815334287
216.23347120290396
179.10916513759335
148.64737239415666
222.35618818789473
167.20955323822375
202.36819831174762
163.02100588276954
145.2946286410677
186.7896453781533
158.24294263386426
159.84704925556804
176.9336286420995
169.3267040467377
147.15199812003004
208.53134919554037
138.2413527416235
136.1769459538545
141.7481207772669
178.00500662346442
155.09147334786758
164.79314790258067
175.89881408302043
143.2443744203948
158.1836476026941
142.17579160352892
211.25068191705586
221.3396219419307
175.13398593590856
171.3425196369642
165.3241898949517
207.04455478797513
153.9368463372383
151.0639793018584
170.8656558065111
175.97451850671683
181.76359257872653
136.11860072294888
202.60014406982944
186.9550582114553
196.5396561043484
156.86607125481692
189.2284388610564
153.85784278652733
226.05902898667097
139.44107567860306
200.00241358014955
184.57073393469744
187.2346449957598
123.1087898036002
195.2574144583931
186.43374228622426
204.30915704977724
206.00049319646877
156.38012702250316
228.84461223768542
138.36503953471646
158.94890198994514
170.0784299929835
222.8319184437458
180.47697865420392
199.6034403580956
185.12120533588785
168.9772106702672
210.1659883170892
218.40801274900917
155.86911662318641
142.22568328667592
121.55647902063478
183.1462888647027
174.90026970055948
175.63311288967327
185.62451260858137
200.25988895008064
178.31506225189844
150.2742404548821
172.54498430675184
135.91204517149907
221.58199666310122
214.54203324147085
203.61751401816434
165.84357123557118
169.07547086302935
158.80771299454256
174.31384656160066
171.44159293324472
203.87216372446926
132.81571081095265
189.57611861663008
144.67342182467775
181.43720029408755
130.83241723385808
130.0940838968787
194.4931035787641
153.22027797336273
134.58714490874945
211.61448868619766
152.15135378400845
158.3196529463556
206.75620215586295
153.28975761978634
191.23555116615253
172.28766786905072
154.0516031177282
169.6528443921994
187.6707969613842
184.2781180531196
172.22362041384133
185.7852523332412
175.2107767848765
201.9766968156386
158.4330892775585
186.41154471188526
128.3671677800271
278.7878587230667
287.6546146800603
269.4917694123298
255.11655496867186
278.7716152115969
255.4433756730337
314.05923727036185
248.47663888699833
269.668903458856
269.1449105584467
235.95462368843715
261.8135183808175
271.992401384838
271.0634710549774
282.1285728341181
289.2735223161619
300.45619654385496
277.23782670505886
256.17573824999425
316.04295580247805
241.2065531451101
303.5676289051024
303.84048429156053
281.02431855085
297.14836909054543
288.9552219460544
239.65596312885944
246.79570452748322
317.3033741965049
254.94496073395004
232.43164791048875
322.7535533771035
268.30393575761536
248.72317490453918
272.9167686413176
308.75732851148393
252.10013520315258
283.64452206179254
265.3036164717863
310.5928521897853
262.25721536381644
325.65005822830875
253.49776723983638
313.7521057055582
278.7318756224158
279.78009340321364
294.1637657945062
256.8521296873912
323.7901758282107
314.815699234471
270.8914419775285
251.86729620591032
249.9267539598566
293.5267655456475
274.20136258544153
279.3313612314921
308.97374148302765
246.16848278781225
258.32225414788877
280.3373442126795
232.26967410129762
275.8501513354486
280.86169893653044
264.6327826106599
309.09136119917605
247.32921659330046
264.55637194938146
259.9109951861252
288.8959881750288
253.03104433676498
267.6273271766842
256.6574277946955
322.81653399301183
287.174687655567
263.66347061354435
323.7004571013233
236.09298634555918
287.39161522364145
329.15068348338696
244.73457216339156
274.67333281137303
271.48526694759124
324.1377951125458
286.2237152272724
297.1428443784397
269.1408032313584
310.31779950313427
290.2671464752442
275.0597445979887
289.86596244527385
253.26730745747886
288.837257334608
250.08853715844327
299.51974792616573
270.09575051960775
318.0005970084949
261.1982637816148
234.706331185142
298.8027145110375
277.78848441840853
302.40507958439815
272.14143946439526
299.95306714290575
270.8184553465191
305.5881736104591
307.3101341328309
255.3584977266488
315.8415804032282
283.9342770587131
316.2685807618062
242.99801326931868
269.2689291663875
294.44674490339645
283.4126710296295
288.1117469139777
251.35366766918085
296.4262551473075
240.09979846550004
277.076348212156
237.90175622104704
246.1128690650658
300.6584605327654
303.09190172065814
254.82327504440565
312.75972233348244
307.3945289313906
234.7739328281684
292.1030078342319
265.8624331004364
330.89852046015585
256.1495236495212
271.48566749916614
292.37016904278914
310.65025507257445
254.69771552782782
282.46186569274295
259.796868959996
295.79373812255034
278.83208167717333
297.38094753975446
260.82913861585763
313.13837345936315
262.1120103693818
231.40484140241296
238.08081277993097
284.6352496682629
241.48284180036532
298.8749604494346
263.15243479176445
251.01822497257447
271.7207901063773
263.3945159942804
300.0049564495271
241.17975376119287
293.5563360134846
317.0500990152472
325.8766877299946
230.62465061057506
231.71323801026261
264.53189678689387
255.3368482062385
257.64811816869775
270.7073693076601
317.4810719458235
260.7667499515916
251.82790010645866
231.3969683974459
278.1186317661909
292.531645807804
265.1347680932156
325.3788817443009
299.82905139383075
248.46290194554854
244.5835220853956
264.35454767697667
296.90883545602236
304.67046721367404
269.18969095163806
316.82690395042937
323.53224662332786
246.38322101145295
307.52143002424987
251.56836117812787
246.6286247297318
296.4179455850325
285.83762496273476
277.23354471532855
230.12193939515515
315.49347445934677
315.69043283128843
291.24242341147544
266.1380123392156
283.6432581027531
274.3655634011549
279.97221299354953
255.07031879996794
247.34824986262493
294.0159020551791
250.21049580904383
317.45520873535264
330.8328291444841
285.8058506285831
269.1945499646354
313.0162334162677
289.36678171864605
256.77549323691227
313.74944539916567
277.0246299047889
296.3953174617068
232.36297962923712
308.04510796104717
297.4496472515448
297.9793472470698
279.9056088890788
317.49416489063645
271.3659955333882
263.41411844584195
252.3956201371727
251.44231166497434
329.9200578405597
245.9236644666162
261.95324731034566
298.6627803019878
235.33898123051483
321.16986037649434
240.19024782674882
315.9978817028391
269.89631884129295
269.6843332726366
268.17818755122966
230.01069832260606
231.23745361855615
271.8477346912972
310.46054069017634
234.93360706543584
276.2199959232192
308.87457860932295
297.54236735934404
248.61707495433816
251.75253799400932
329.2768718420899
291.1318260454593
242.2026599494813
256.74490605228533
315.808567767176
288.6264567062168
239.67583735492096
330.1645462346436
297.0412686795722
252.39135480671717
312.1506225162848
293.92362223165406
253.89083651215435
317.93005617609856
298.0922042299063
298.05365469230856
303.5815789539193
287.65100704475253
240.11572025909982
251.54715980832822
255.29044984893633
322.3151667922389
280.0664368062235
253.00386511100808
282.21944253527334
271.9384792706905
251.892693138164
314.0915925145431
230.61702113501644
316.41005520207574
325.56030391113
255.1791966704436
239.14162986556715
242.1245954692321
311.00957418993613
313.9005209528634
282.2892601203511
293.3765577065788
231.3744743854009
266.81960209663504
289.3151619939687
258.705730462217
274.3622555890844
273.3862338757289
276.9282352169634
255.0025922279227
292.25879254851236
281.6074155680195
235.85738560412864
283.49758924531005
313.5659170429657
238.10618895660355
306.41947417223344
250.94459209153686
309.8451071323019
279.0633661740479
269.1520795016862
305.1193938450403
322.02042411178576
241.48058260583423
310.5206606308817
300.9784507478531
274.67598286902967
238.23771094357232
315.23533746974215
273.40182204897127
302.1229880618786
315.2112873634392
237.08224446620326
295.86438217193233
303.5838334905082
282.4985317807545
274.94851217896655
245.1013941843928
245.84129846427533
330.3940331670444
324.67981975363676
249.77663170360665
249.6241660536458
265.4128610463111
295.3913167843067
274.05960782463313
247.03078547008084
293.2883262181259
330.95858626702824
312.5783884629388
243.68730331276765
307.10576253209393
306.10648384322513
302.21189300679333
292.29464323039986
329.12985963605854
315.54978031558835
289.36049091688
281.229816009351
319.62933310088454
322.0105067524477
288.6000275638713
304.2700216247067
326.2161120763175
297.9252436119649
301.31080998732267
278.22337208699844
290.7776037641729
244.7956643541945
277.5634395382728
263.6023631231754
293.9070099045887
310.988490541599
255.65725582577872
241.4877579902938
265.6299288304649
266.72884055130004
249.139639305379
283.551211755636
254.8617464686869
302.8029860069445
278.54994880067807
294.1776593267911
263.9462621518407
275.1353135741419
295.2617593582281
254.0343557393478
319.7494968382555
269.3223490404914
288.03944954709056
296.4801407376534
311.16505078963115
239.26012860201203
307.0879038284679
292.5519985961341
267.61851889252887
258.40085850354546
237.49505278781672
234.68873988715944
308.67056495942177
259.06468598683915
314.3853816422569
245.49031896683942
264.90545905232796
276.4585141009439
232.4744548062731
233.62323019876163
308.78903868461674
324.7095019652034
324.645709239092
237.9038698964086
303.8506141254512
294.23678667516214
306.9550057505558
260.0198369060457
325.934824229698
297.58858067306676
253.18302726316708
287.01566814418254
301.244710443652
234.4645439078098
286.53460579297274
306.94196296438736
330.2326638238608
278.7675948532421
260.3250865289731
241.53527352410939
280.32782122662076
272.11835742018116
326.0895414682351
255.38806279312183
269.4250851637826
305.1159130195188
289.49907962957184
231.03399085759716
323.3157475517116
310.5937949171953
305.078424331155
315.6259776640347
241.17430064569575
292.272208441579
274.7987642371994
293.7714548945605
258.72388726275375
320.0297255842723
296.586401415553
240.57260478828738
303.5996929446809
258.3558738999403
244.37392480183814
306.46238510412337
268.2145103705929
239.63660151561055
328.81103852666575
326.31175508017793
295.955290417724
290.57930589325554
328.4651537447056
291.6367469074131
316.2260416015919
278.78552445271777
248.28386248455314
249.22901369149952
312.0741417298497
330.6385105441793
266.7608134950935
302.84640997556784
287.205237479757
279.22175685607874
270.7307627715819
235.40373833945722
290.6965803624762
286.30220428064473
323.52240953587983
247.13687253939213
242.01179869495093
248.91773932851078
260.17387243986394
328.4571109474107
293.8108627110853
295.0063881991645
282.6333321571602
273.36604956227063
296.92391247391106
276.3317621926792
257.7150648919167
283.72694571051426
270.77530459617486
306.92036002988084
327.3864488841629
251.32498030776333
261.0425887084943
309.21700331388115
319.67740696105545
286.81989543298687
312.71937741325144
243.51786203190866
305.4011293835613
306.79937435827827
300.5155454519676
283.2349073008017
252.5844076430992
241.88230417854612
309.44245986620473
268.9787081177565
313.23496744388495
231.74561241811534
305.8561778879548
313.70623835356616
241.73794873286994
261.693822699006
266.6372383826546
319.9442166518901
291.3395139542839
308.54649416956295
329.49800779761
287.39504702309586
279.8720663399108
279.19459317772265
307.10413480699526
233.98416180459446
289.7192587472914
273.73922789556235
235.98737908312938
304.07236429906754
250.2088876200784
252.31306317995592
259.7579846966004
276.50021646043484
294.9033295923056
312.04462898628725
235.44841344432524
289.95596102040616
292.89002950743543
241.9695158335077
280.46679715445276
314.2802609011734
237.2809964984058
315.02818030043267
311.5082729215311
304.8668974216187
281.583144416475
245.99345470227126
305.97008620985
284.315969044406
313.8779625065761
299.28081295298165
292.79268276493485
306.55007077109394
265.54825627743236
285.60863659960825
300.1323670047474
307.54915976066263
259.50104277637837
249.4648749283345
238.73869194942225
254.71311733453098
304.8307872073549
308.79848583539984
283.7279429404672
326.0836954806956
236.23905403298232
230.3653138160476
268.04067701363874
231.57651831449667
250.8356603491913
246.15426096656563
306.4405594078126
260.6038654574208
251.3609797159204
252.15635809060345
289.23180574839813
244.42462935390765
306.9749144209269
244.81680460958353
295.46000398656315
296.60155084084124
320.6679544772765
276.3940209965628
258.72985769517885
293.491869032317
313.94715417721676
315.2395730389044
264.8221497539251
296.5680377865472
285.02241472847754
283.51003207393245
294.18852363994176
319.75213163864106
271.33330825373207
254.5512012472268
244.43339941521702
305.71261031283
330.0310029348556
267.96088176615854
283.13385857635245
286.0994704697464
231.71154905540493
317.10926454058165
253.34748167881614
244.4589795176041
325.2963387914151
314.55087676204863
