12.049337670430916
1.346992458679651
11.302207727638875
17.204456637504954
1.9910938259394184
5.0227056357108815
2.353150072856643
9.326490893523378
1.9046702232836088
13.49206242609531
14.262682558196492
5.161589664069859
17.88126110009543
3.5023840874723113
14.358225735173834
10.995750142835815
12.721966923950536
9.49293279909536
11.082591962788102
17.514678978530597
6.896785047704242
5.135223035567939
11.286984880774675
13.943149569043348
13.924682743719412
11.386063041714348
17.02578458874865
6.277796180758147
5.418817877203907
9.713732455442171
17.868391938422644
4.21327986670863
17.314303969751332
8.08594660289863
16.070523658447932
12.89941419458319
26.444620015421048
19.527855273793243
31.13559746398963
35.635260330518115
31.93209225208503
19.856651751303406
18.209949184286696
38.878855730138824
23.316064311201632
19.328930408352065
20.31344336195229
24.0015713790649
35.016991057008376
24.845945529458685
23.250868817256976
26.78911964188834
22.675563430478604
31.784241250691977
40.68638092770125
18.79246266058699
40.446474740558976
35.26624626202347
19.144517998203387
24.326421017614216
45.7715479745587
57.47107488669885
46.54271540721692
66.12649411823438
68.59137699945427
67.06622254956687
52.94056127211627
65.98400848865403
71.58084753758204
59.57814554994996
69.32277399568034
49.948514349335014
