39.195426294484875
29.573862615748943
3.9152070135864037
24.358136470676936
5.083020805452424
24.929525299954417
31.009755408077424
28.22366162107318
44.49044026366634
12.704112738997328
8.60285827237979
25.382545891037747
13.680318391467798
22.4970240364551
25.54635539991429
16.11336581325994
3.1490451669034414
43.14409779970543
29.80305492227094
8.235800290562292
26.957293038378747
29.547947878760272
6.504430493490851
5.527047244170969
36.472313625556595
1.489676711427709
19.928280980150006
19.071109063498735
35.45297071146876
31.501470779933857
23.090711645886906
39.41565916191058
17.104958783612723
4.583318511478041
16.18542256160915
44.90656188279775
33.09507911026062
16.38570378148013
12.012021865094907
1.8463931109703502
6.81042456998296
15.779688366041245
27.37055342906318
19.421540007946817
14.713791506068075
39.64568947410873
43.91055492850912
33.63257199597859
30.488183252463035
12.987328415009484
41.70112530939204
43.32673296188891
15.507017527462796
24.731173069589598
11.20571077625826
22.173761489149424
14.01682829119559
14.635885714343878
19.50372791562514
25.199974768637627
1.846723564029773
23.824579199495407
93.16411513963452
93.11087516957123
51.06400498573318
81.12419586363104
87.62478751358147
73.70944122409108
48.743846204834384
51.306244703603134
88.5150825814371
85.97761768177735
96.81666986158113
68.73322932849304
92.50796629519337
87.4551288842703
81.5054814861232
66.14260231763114
83.19930592654917
75.23743036161179
84.7621040162389
68.64745531623063
66.93029508534346
61.28171849974106
54.49241483715957
104.02427695216255
59.996949745730745
79.89956137392132
70.76665811467133
53.268062298381935
84.38590403315709
87.94121823904851
59.11121591413642
81.62083163611642
104.62798730607189
78.83335728455947
108.61517364402428
89.91139916143806
73.04493706194792
106.29037707897
80.75505573928224
103.67068534090274
61.43458532284118
69.17649646171012
51.60205019658863
77.35034478551049
109.42238494894235
56.280427851975375
78.01282756086762
96.32480492813798
71.47079884540622
83.37673897298549
56.267644793558134
49.88826620092709
57.281870717790774
78.32013356265406
74.43260023395521
113.78987990827915
92.42529466264608
56.13217440187728
98.63093717550672
104.27956806238001
103.39493523930005
85.79050113472879
145.20697910556348
160.90108996059087
139.09160750713616
172.21427017707538
184.76137044635186
178.0206026086421
156.3312886614533
232.23336254751052
127.10350721047308
189.246910353838
178.01574054092092
124.25517426596923
226.68141017508046
194.9697520851795
179.6195726731499
231.2679476166437
161.63534860160647
167.17920788360652
201.00059043114382
144.11560917795853
143.39677972173894
166.91008789744205
150.35477039471542
181.03360570659316
140.1030947860338
183.13639160905285
232.90349405053053
182.88834404211332
226.77029303841368
219.97863144090067
135.22431465875425
216.61500331206804
163.0991839147194
231.40065927357682
164.97693451964003
183.98465882218395
229.6319835828193
170.00757934463985
181.205521170394
130.8271321135087
178.59255966794885
163.40035778973726
232.27009896363074
189.11864134239738
172.95797404340928
210.00603084346804
145.88630580243534
204.9492497933987
142.410123276854
161.94640723721673
199.72301474502876
197.76810925483028
208.27245372751014
135.54919365313702
136.20855871428478
135.61772218514815
117.75058682364366
184.39959164827542
128.15477125964793
184.65183034180552
166.6464477598297
170.60907492712542
97.47742406374019
41.96160308354445
32.2319234020256
28.897432253289537
50.5594807578359
94.09514135367742
67.11726048358182
74.58209496694573
17.473585016271386
24.26832814165033
17.02142243145579
19.151890682374457
22.044121676184577
45.17128183931277
31.921311714366063
96.30320247556631
97.20988597473954
51.925099222098446
20.344836423351857
76.01147920203171
66.12177148175832
85.20015786026195
18.52584717215624
26.05976010956135
66.33189206217675
47.42776219060218
52.25618842319481
93.31137748738696
45.76598743735563
71.68904845024879
83.55684576585286
31.32376123087889
68.68643781185781
53.688553764737456
22.33065961020204
44.77609417731258
48.24361858430445
99.31798524940919
18.833561422293833
47.90002091576942
80.34975629840712
87.39357898993137
44.10893882775173
81.12547798025604
23.277454226354283
63.306212003806635
14.046134820116123
24.91020435187703
79.05078711076683
84.91519536423952
40.3702590529062
72.27328914835189
49.24679125300786
25.60761365357842
64.67898296755618
17.520590197613963
59.42573252181077
73.72390209987023
20.95379460228758
24.441674117185332
34.42997990007087
63.854473880199755
12.478581295812546
44.934602341556115
34.60099323118679
30.165857862818307
86.76500711838756
39.55097994130871
50.840389676066714
36.296434006209424
48.99933384831029
30.201498333513793
7.842279563497939
49.49269257155927
9.375601527089856
41.696991822129206
34.87345889487928
84.13389554284723
33.7248518242416
85.73262190125972
50.72489785582585
63.76418439747043
94.64887679004775
58.54884612559686
10.808444720649476
23.545577596166833
100.1823630029696
82.40299652212485
80.53178339377988
18.563838893752944
71.82976189996877
21.87814645315902
23.364797125379887
143.90443854063284
112.80269150815309
132.25399344884664
119.61629079456152
104.1111163657577
131.83090131152022
123.15882753657166
113.59445426704794
111.75676004738632
118.79863958925091
116.86129190848717
135.90244965274812
105.88116059568993
126.92097427376066
103.9631115256094
114.37503455509976
145.10957967298168
120.91088551813654
144.58171431996925
146.78501436532534
125.43567248905399
103.18975609597223
139.39104670690048
123.53525323516028
131.6861168487084
104.13341959946024
115.68234815303207
137.7166110203707
141.0366413669082
137.45426684453133
116.23549548522728
135.79158116279046
130.0224632041221
121.15792173933608
122.4897033170935
144.5274877753486
131.21685132032346
119.749829901045
127.47332452553628
130.5892621582105
117.07271731129299
134.63346574235587
147.9552423726965
112.39320243202096
103.50015238509522
115.79907365662858
117.17021751557454
110.88389234815989
144.04798237944408
123.00049766182586
110.62412217652715
139.94637245339084
128.47658236664736
124.0078328298563
128.41488296979972
122.92194453344658
139.1115458562906
136.2288935132219
145.5037658135366
101.72051500837708
111.8951041558916
110.07733226831127
106.35184052612901
124.1135930517367
122.54080214137957
123.80164750575493
101.69670029580982
142.91282994459638
139.15350175205683
130.37413855109583
110.08081718873294
126.0537864387381
123.97134002190785
127.64849867864493
121.87022935200794
146.31891485518835
102.75066495259767
126.88628982592434
142.01107652805146
143.38656318901488
121.67371400313394
129.2571399093913
111.98641388283855
117.98632542538365
131.12712869419013
138.60244087146464
118.28657921459822
102.60243083674108
146.20221502203705
146.48083304638058
107.84620074137965
143.4971241809185
134.3630600676161
157.61374659339657
163.3703619053916
169.51031693896306
167.0287219254153
168.57706948625957
170.56917456214455
168.80959606477674
156.91338400497278
163.23809636790068
150.54446024330878
151.92621216667783
150.5234228617995
170.6741246024865
155.3935682259715
149.69861376618016
167.57945067070153
163.19975666131214
150.0256010724675
153.26907471745125
163.80610687033277
166.1817638304812
155.54502464471298
160.86748143200612
159.0321913517592
151.05430354843656
157.61111762573861
154.56249798980073
168.17951391551892
169.24918191615137
155.0367413062772
152.95819728660865
158.87995399456977
161.68006144359157
156.7280305414605
154.73799761216773
150.88986291025302
150.88975716436957
150.05493838583678
158.72051145040632
159.28121425114736
166.97121665763166
161.54009587247998
153.2140133904906
160.39933802018936
160.18039074590678
165.36095713314967
151.76205204812922
162.28457614417385
170.1217109878329
153.0491617342227
162.63849587965598
163.52486440027
170.0354657430215
168.20463601772605
152.29547878211142
166.26503309345065
165.60801045700703
149.42488336902065
153.9191757383576
166.73326995387686
161.94794213465934
168.8908599120997
169.46316011088086
165.52260163565617
169.0947923547334
155.96390545006443
156.85349772877257
150.78254093939032
166.34434974629022
168.4230804346791
161.57744087623388
166.9688565579438
163.64730000677446
150.1455489351296
165.2055253209989
149.0067126465115
161.29872530424328
161.1772607263098
166.71128820630457
170.86370136659886
164.1599688433532
170.38776430326186
161.0082734234874
162.53754776637481
162.2516783297648
163.0799404087599
168.4283011597074
155.7914778224637
169.45654579068093
169.008538051013
151.84261644639307
170.55833019788568
162.57989481520877
211.57076661472533
204.6317671723413
198.96543618113097
219.1560717416626
213.75811032111068
192.59904633388788
180.17184781986796
171.97709710155883
173.47552198979753
204.89350797947066
215.34651436775872
220.00606937656823
180.7459620392824
180.07855965439737
190.39910448735037
208.48274964819953
178.6440652124889
214.21181821225443
195.41403468627942
193.97384216094588
222.7409640179011
205.84731700943664
191.22645432134385
190.07065031983853
197.7875894548154
178.35930793722434
201.5222955224924
191.74599202409686
189.94117525806058
203.35067108020883
200.5812656317694
173.0321433987438
229.7275548213472
174.74581341208386
174.93475708863312
186.71646353129373
209.57767935273543
204.67140308931332
231.92665406655686
179.0358019200361
175.07115706157526
211.04577084425944
205.85759933862155
178.12221283350328
200.93902254760386
186.26705288916298
213.47599056768212
228.75237336543907
228.4089902592737
171.06280205491788
175.9825033305566
221.10066354755483
196.30125463549925
176.0696568289928
205.24177726370243
177.74665008209138
171.04807847935166
212.34842236070966
183.52281448468202
208.4544302857283
211.82162890405203
232.0039674338457
171.3009541535185
227.9333606477593
195.79273896200664
219.1799956730456
213.1365660044428
200.54395037171568
218.1847051749395
193.48736259308444
218.1738048367315
189.34603580225848
203.6715944184892
184.10219811888203
190.36063481907462
227.2815848249541
180.69266951180035
191.0949740717507
184.06065551911354
218.81574642129092
183.07009093107666
193.4802346724645
213.71944440520446
201.15939089313173
172.64128360653842
189.09758516602574
228.84702030840532
210.23640521313956
187.51346154475394
221.640591810756
177.40371553878802
227.21291642354896
206.96678964806475
177.27451362799843
211.8133463553216
215.33635296553035
208.29376423376004
188.26163496241105
201.51539730833218
184.813542268942
185.94202843776645
177.70056668220178
180.53267249148314
210.8263695402974
226.95760236463707
221.54510219039346
171.02392540340722
207.50272700084204
205.02496837477176
219.4719133906956
202.91387165173612
223.98400743970964
229.60560958956907
198.84851942439602
223.25760470542048
180.26427250334987
176.33132033706323
202.80286122127185
205.3018988889974
199.34862535924364
228.70481708585385
226.26424649055292
188.52718628810987
199.88120442682742
206.08069920274448
220.36347412471903
200.3261684122017
193.46519869340403
225.95573396560243
211.9237071234433
212.67696340384822
203.39428474316068
182.7240915284565
210.67956786972664
205.00468338639806
223.15875935305226
226.01530676723218
190.15193802353159
190.82098667479386
179.593433831639
207.0797607742239
203.61058270849296
202.24471877559003
211.58023146698952
185.58258641918277
203.49251988095673
222.60752087597558
199.88169029128986
219.81924717680215
197.28467810215363
223.86971166009226
196.80296531056493
217.52715610226886
207.0342540727787
201.44361375538986
180.6335275022144
199.63414267673542
201.6852557834357
196.8071032624761
195.2459224718211
176.66494299387134
172.24914892233312
193.56912275864235
172.61849753543498
183.49517307490794
228.8246305700276
193.30111102443104
195.6413687001045
221.99295611543658
193.0666934678576
203.47376343474235
214.7806200080808
179.88691950682204
211.56518095287677
198.8029853885833
230.18561304818508
220.3706287364521
212.08562743816825
214.69881860703276
198.26858744531052
230.88544245933323
214.12638442221098
198.27504297366147
182.160792184845
215.28831690432708
201.4103970785963
191.71253113415037
207.79860813430244
222.67957725389283
206.2083370948973
179.83113156653553
230.8848280106765
189.29784816198872
182.3733034509681
204.43814022161666
221.7911210462796
208.49648942844448
190.87144690383107
191.91221354213886
188.66345086363927
213.17037183571543
195.72952085682448
180.38702014002428
208.64379364682574
226.29165976012501
183.53640795601876
172.5393409450354
231.8005516970989
213.42583310452142
198.3784287422538
227.5648077777027
211.8652368454986
182.93180187345044
208.411310729931
208.31406032877769
227.88453455395484
193.5677245425759
232.93664377457173
211.1696922962392
211.8408579665682
223.3398111199915
180.29173394465528
208.84106278680835
207.21630658480544
189.58787222459057
194.83050238776556
213.02008173255564
228.44204533813954
202.78110263421698
180.05679796750323
218.1549648464682
174.24948454847652
211.72733440749283
217.80396400619847
180.70703564051848
180.14814403751177
232.5056058291047
177.16656001160553
223.196357522839
194.5428173095216
227.83800018295958
211.2764966572866
181.5597658340068
224.19752655005186
176.0671795590051
202.26561579383934
201.8950089672015
175.62947481164818
183.28208925379909
212.9101192385177
217.7072740776297
196.8604826762002
201.35616321704128
208.90398409703792
194.45935224735751
191.99791404782607
220.40786793584627
220.7291659775235
188.86722057021083
191.29449783662128
198.25528322137308
181.1734959640801
188.2610228525403
183.78003860348224
225.5502989184945
171.95253028041049
196.02347362129228
187.65482564954374
196.9951105846472
189.05172631101615
194.44381909712646
201.8510603524138
211.83721677717975
190.17299718343395
192.69586530598065
224.6195194057242
183.63443251682264
220.45324688925547
191.5066679781865
173.16591821741355
197.07426842210418
226.9027570509999
219.54439966637565
219.99549088286201
196.5865824675865
191.24174539126747
225.3456663932578
188.17382595303974
182.87901459587619
230.20468579377763
181.678168251905
211.8097460415033
171.12805815184407
182.12660896567013
179.7830342487214
180.05846723992266
214.0479300610751
178.21404934692023
179.67391253410952
202.74555267769952
196.83198241699924
220.26253227906747
177.25794603508155
200.37308846669157
208.30020507602234
220.67557567672205
200.17414867443347
174.5466457332936
178.5437907707586
202.61319955990308
202.04488326596797
224.7727331591025
198.47583850611244
188.00496035475814
201.17714820918607
210.04132458955016
220.01793859980344
195.21604704948606
214.8722879118195
203.96419663330954
177.50699696336008
189.65049390984083
219.5755402350709
211.30425922953722
227.92442469382385
197.04145882507083
198.78031831773157
232.7907489098602
228.08519768226137
192.2514393274597
183.83931739790302
207.79901057690506
226.17778778318112
211.87372495886297
197.23702129698162
211.07405182739637
179.16353825319035
192.07019783019723
219.26811362758139
171.31767748381242
205.31771403672403
173.37183493618886
232.53529007700274
202.46908388068456
177.38049913620654
200.9646737531808
199.1682403044676
206.98724535984735
218.65098997816102
193.2049639958228
221.80844777196873
211.43584851581136
173.94706097598058
175.98503635292516
225.7100699048152
196.30038339044725
177.20267285951223
193.78943605565877
207.89361047709843
197.18524340897153
197.12311003178203
199.89626592052184
193.42718213699007
208.35011666166469
216.28397645884658
231.70151252498897
214.24470407494252
181.96603153546633
225.9154717140943
194.12370092379956
200.351007721983
204.98680734187113
220.7923182383488
222.8575854776767
232.43183560646693
