5.573714075517739
38.35454570746486
36.26862270377056
52.54755327489572
9.342606234395234
7.585951793035953
12.816655333411125
34.71641931444435
7.6349152025091165
12.596812996022534
39.20973155287135
8.446303371675604
16.943085357041596
7.788788560103953
39.29243598417915
31.085343747286196
9.423978571428176
47.4190601457245
13.689988954345306
41.44074639409191
44.8267406496462
10.690652401554434
42.85353509063848
27.403242444056072
45.5538321730579
32.44036667750562
19.736458946135066
51.83841292084935
52.19262756258124
12.17502228285636
28.432642278541806
32.99618679504789
47.88269091879301
47.18509910780462
15.548182636319478
18.053777880403644
1.8518866253075004
3.056799518134568
32.283122169535666
52.4148263828661
26.003223601845836
53.328666819293794
34.033759322695765
44.905474552800804
23.234031530100243
10.855399538143061
44.4656562036933
13.699244525488393
29.40452052055447
33.27268124230168
7.198642050340364
50.85373548739943
26.773667747316104
16.18035744635997
24.120955284921017
23.059885023381185
27.751230566314934
5.167109807055301
40.03308479951071
12.465430822834616
34.70648900716122
51.988773712222496
79.00162635061233
123.12777486449977
116.29780109204214
63.83519264841631
94.09257195120493
65.06676952993794
101.51823656799152
90.06774068845958
69.18496875856121
118.67142521283935
118.90537751416298
66.67728784559094
65.55905429108307
110.06784987843557
97.98685872563013
107.94839978346631
98.38201826870068
111.85463000680832
75.46117438747136
101.36382833253123
74.42164628901497
115.29240566198467
105.94892803183075
88.46122730853901
127.3026363303494
62.03382938976073
61.41839940502058
114.98767672083159
80.84464326299855
126.12817125702217
84.09990397620493
76.33131484007667
59.515554722349115
100.61243911026799
81.4166216003167
111.34719336018178
96.79992173828171
87.49727592507975
75.12412168396678
102.69880113713187
82.45321518534988
112.13720956469673
117.2741215988362
119.55607288037643
107.46886631575853
72.23439100055674
64.07994962003764
90.4164990929221
59.89388516613145
109.79264503440905
114.77202051132814
78.36541314221161
84.53111591936668
79.7384292573243
115.57254976280879
104.40995066013829
117.84114523209688
83.07043809877646
108.61726624425245
64.24563983564677
116.32551496166506
96.4260361807333
144.87517652992318
192.14851456653727
177.56599444267835
141.7788245232694
208.92464483241255
220.17340547535304
134.01718826882706
161.2402184601217
147.65219376667983
207.73730642620114
206.52488558122155
195.59272574969816
133.25517185121367
191.84288004216006
176.78543235567315
191.50936359335483
212.572848724062
139.52324851247647
167.32767525126368
162.88181568894552
168.48905360295225
207.1377092076927
178.32290300458652
200.33532380878276
134.35058789801957
194.9699423304903
204.3488792341822
193.14840036661352
171.16534686844503
191.60691129741647
158.71005244263415
170.72320633941368
212.99867687329822
148.39614361194305
213.67674655589727
176.47877010045895
190.62223930291944
204.72906269282535
171.79633816101804
190.23919089739474
142.84586161613927
162.3647258458297
151.27395282439525
143.34027097358526
189.21628124219527
208.67000824345797
179.2680106758704
226.65981634932206
151.59563799966398
137.00057786418506
178.9446511638923
168.55274129868164
153.32231826015465
161.0735123599426
205.33096582221623
219.93689144192186
133.74955680237582
138.48544301550953
187.3398920071578
202.05347919820863
193.10751299267767
178.92666867152388
36.38620692348192
25.331956584577025
35.91431874825136
24.690088993655404
35.34412421622074
23.246904099889186
25.138721466536616
14.125122127513515
19.147535027854232
29.268626612583958
24.679457680806316
15.032043002324306
14.800763611615611
20.780135270313885
20.830157298418637
33.694900230254774
24.055575875104385
22.173552697775285
20.91436444727988
20.79768962523585
27.568927478361474
35.53597995802255
26.122843080169392
17.22156600508892
32.45156159445027
13.322233588656637
35.29785840031896
19.951393269402285
15.106772078431174
35.40422339443553
32.293101133477656
16.333685529032167
23.417715901040108
36.636943061868195
19.077568599465735
27.55043959805915
23.57591885424572
27.978214565292586
26.583292825779353
17.234505612483574
34.66342651225858
34.542678334624355
23.30760029813242
32.9837420071213
35.899971969737535
26.067880866347437
23.40453984133707
20.259589279646214
23.862168146222196
18.73733723577001
25.950942283545174
18.378505493070488
22.682679023119068
30.424252299406028
23.162796365141467
29.170859759850014
22.304524926589682
17.73199241556508
31.440785775634943
15.191223583057642
36.365419025985624
25.363189254483263
31.813899092299067
36.845687614774086
17.037076868479076
22.750927660670794
33.7098482406936
17.814996666090295
27.41489038010843
14.50659345267869
26.254664330886683
28.562375025903105
16.38292183753994
16.04362063437953
24.252214971083006
16.6105103120629
33.94938515240028
17.11241111116946
19.449278902824425
32.36666462729516
33.46440701079676
22.05280793184291
34.24005297114343
28.37101079960357
28.2680100134618
32.36510582671453
31.229435068348515
27.265842956636998
27.645303856012347
36.55217172895963
30.407035773732126
20.05641530474574
22.514484693036056
23.300477739995987
22.356963924711906
31.712520001966194
35.028353222735184
27.156999091171294
15.872785763701792
26.763776687610676
16.12071303655791
27.485449860455848
21.15493146871116
16.236009254679164
34.429917148965494
23.057340251456914
34.98811139128722
31.229643232158317
23.08378385740062
30.423561043837815
15.363550446265842
20.00884534102341
26.576874611169895
18.557869008596505
19.34702749359407
26.3451790888127
18.501539002413065
24.782740620402112
25.54823966747546
25.67548943843823
34.26610270300637
25.32149317520416
15.168724816912249
36.09105637632277
22.1080986562681
36.62940731377236
14.556725675674464
28.586469385865822
30.00848488317058
23.394039149344202
28.104590450504077
34.50372817278222
28.471720455498257
25.52105757820186
13.676395055868305
15.172854425191604
20.52391307184815
24.023862468473737
22.76620624468837
24.883735164615672
14.198073217131851
24.817990668166594
20.64773333265332
14.302172401500304
17.377746661274724
27.995525403501084
22.843442127859646
31.392267932271896
14.432293689231596
33.803906521215445
61.124646605815634
112.47971536011076
55.378864242703344
44.56309080953309
70.82937186463919
42.58860399206115
54.190626150233534
101.9585660666959
61.601983062800265
88.37950599827347
94.03174249431231
48.25428619036364
85.35141277711432
44.47241350366167
97.72616745174025
45.41512055222543
61.187641304952464
38.87540995454004
51.891914490051704
108.78314427558232
59.078762045607725
101.8665056391682
59.201108028912294
42.10511649361358
44.18456758324058
73.92552713405867
74.01713657494788
74.17030597761457
60.21501296323638
105.50265821245682
53.448213013848395
62.88798607306579
100.15527186121321
91.81025597773082
97.66051852135172
71.79526923087006
58.645265488125006
79.7480269696911
113.03733285798404
61.69193105398868
47.84990812359841
38.79827085055638
50.20017275327261
87.98137771306256
75.52823185595774
58.035752309262406
57.54068622012109
81.48551877433907
44.34411892802005
58.666111708716116
76.26097980439393
56.47351882571647
88.9935680293329
59.252191719508
70.27522821898212
101.57546996032931
57.710447364997066
91.0222270509376
80.80743169053495
94.5377139584501
41.78764253292901
111.60397633667043
75.58669128279786
63.55276560766439
103.01674665405913
60.5985880395522
49.177984932273205
105.89230933707518
80.87912351947277
64.71773509935525
50.97132030461298
48.51456181711272
79.5415422136961
85.43126143274004
85.32475250174527
76.98833381260494
53.41209940783324
78.94051432013023
63.17347686759252
50.96582885637824
76.52188172881203
98.8293762085078
77.15762050732039
54.88962747681484
107.01624722610414
53.64892135335575
107.67088565789277
46.92940951693311
83.5908321399568
82.91998311965145
62.55926106109708
62.9222365414892
61.69489004079091
62.600338190425916
69.00154552486337
113.72899483474069
73.07108774060687
70.26178772123428
94.47148252750486
93.78936187198548
83.46770788378431
51.68992499284805
50.242891432502134
71.66147300643793
84.96156599557786
40.554710006485614
94.76813085187788
71.5508695879615
82.05310184367066
44.97769214500778
94.92730883173884
58.09466041034915
91.15425735477734
98.84387948317487
111.09803323347244
107.80875049055379
84.70844491831994
64.36110775774816
100.91820732709894
43.51203606095375
70.51307216079488
59.385598866607275
71.27099380563438
109.53322479392807
106.65110186649147
59.82173938927451
70.26213244580548
67.44830301420366
63.243078140784625
75.52065916099029
88.86513776784668
78.14497414005432
93.81571258874887
61.4961642278274
66.79636345821666
83.63484325386331
74.7091043034863
83.65547281379443
103.51442763157067
38.23280196985134
83.42210898830895
44.818950490068346
58.981944796789406
74.6419987409589
97.65799927472551
114.26749894310957
80.9902497449791
53.076389038785855
67.44384532349136
58.542002983424595
222.0139090639879
161.04266602990978
226.79067120639417
170.4370211938727
226.8549979340608
154.42101687126856
206.27475116721524
189.6769284770786
185.44561406236258
152.3501081259747
164.81792753486064
224.94283565195428
134.68021838320044
144.86889379835446
157.3021354908007
197.34064996148703
221.94877289321028
163.70756280827172
144.59484521320385
137.79044802586395
223.82856900517953
122.67157070101234
171.27270197097835
122.05228828650223
210.22849317665592
200.85296604024896
217.47768640890743
224.82350654584928
207.47096529276
216.74588803040183
219.6233257428725
172.9393192884393
224.5660968815138
228.82704373796759
149.2520912256383
199.28948672959257
218.22377865233548
223.6750685279168
231.47047900525223
189.70259108715118
206.71690508974922
167.72222924709752
130.1878167047202
182.3184813747364
206.7012047644769
142.52123032161398
207.10479285586445
136.30519027679892
141.9353572397973
140.3185870217122
131.8362197604011
188.77442562048137
176.13501121899301
125.10494420559823
147.7667981932592
196.8817231136281
134.45463724740358
164.58380071709695
202.89062646993332
183.64947937028398
205.36755130066635
230.01468431480043
158.7326258129828
141.0815165056915
155.78288762297285
136.41829416470557
185.3188573965787
166.74765676183293
126.65982924449352
165.6047255409104
228.09972620369055
160.62951337637458
166.31519937792012
223.57823219619536
205.42184796667956
195.98801033090334
130.34226749685803
196.03239059597212
153.66286069559177
203.51777606822031
189.88891725880134
214.75689916452293
126.55867612781287
122.96707650005453
149.4691967792926
138.0113067529852
127.40980994673828
115.73388545024635
121.84859145078934
122.958175932595
142.76491097672553
167.55602257877482
208.63596213984493
143.14018992906296
142.17113681612892
187.30819256482076
206.03002949079547
183.94907689576115
149.45514582993707
179.9566258320083
138.88912072089707
122.61622796336644
179.3688126561102
209.90209566030694
128.78523112459007
163.181566461587
181.22783946130812
116.57779304518505
204.97246010885763
173.83095875334317
188.62318172742872
226.97812524200003
143.25803992667977
152.8988565198849
147.55059589368238
175.8997951453397
193.60966118423025
206.69947980901185
177.8325309772369
169.97112768537949
208.91632241470418
119.73660658239615
192.48913658154785
170.26210496757778
218.29419215211948
212.54615465947367
219.02781090287783
193.03602245565546
225.8683066633514
132.92126271403572
161.6125233437896
217.06241103673716
155.9239391337038
193.7406626528479
127.66596830283959
225.92688265693795
126.08097676188233
131.97760750775092
191.9097109731068
216.30248654317694
181.18697002279652
193.40311115554718
169.56442832612262
211.08741678929067
179.31147799222515
204.9856222231555
193.1796728081635
187.23839816386675
171.4907915444687
152.21846784578932
