8.515737106073717
6.870801409676871
2.388437805530571
9.126491454858256
5.672548742214023
10.014343140818422
7.476644041540006
3.5317205053192127
1.3621571730309245
0.7288576097985242
9.578183585482956
5.9123478398357685
4.704895446013732
5.873421591907092
6.941013098014963
9.884394665596579
1.1144818499528384
10.116046609265524
11.412164561447348
0.8396603278557668
6.388780694332763
6.822961146256608
5.7786153096619595
0.20266667348371392
8.238589778765755
6.713936325355508
9.269153309584018
8.726251554491887
8.243606289946886
5.372811467633495
11.120006255404299
4.322006573421826
0.3981314343525586
7.142181170047067
2.2477141751335497
3.943352554548639
10.105622864344411
3.6003175309806794
6.1953151656319
2.132690565040927
5.629739820337691
2.456070871978592
4.515061055316113
4.493391487886411
5.030927124779368
6.786019763575229
9.407341115089832
5.591656081376877
6.236583341440466
1.942859662687952
4.469406647893694
2.267145400399759
4.829985537124742
17.82441400372982
20.312873894326604
14.550707396865299
18.473351090985243
23.43951662077847
20.489004387386828
19.02517730706238
25.046675292459593
22.156488204558393
23.3610184565051
16.92075993173982
18.94054948142246
28.374793498626783
13.75868758901061
20.77762637544919
12.938192366537324
26.001737990312066
15.694518845725272
16.97206121372161
14.614408494494644
27.335390799309423
25.356431146681793
24.304619352620318
26.251313500858533
22.732037411365624
17.920733649781596
15.742133105382706
21.768801710028825
18.431256202043155
22.27523256438167
12.470062114278392
24.956520600512775
20.35748737515555
21.454591639790586
13.861179668427797
15.165840261399
17.145533951934123
27.153251647196697
18.820193530162044
18.252909354808825
26.37413924267834
23.66230940500928
22.806543775092102
14.157239618305889
12.36113600320153
26.492465243730553
16.273374400233536
27.53914373623094
41.12197801835636
46.2565559000829
37.62817139445297
33.112034481849285
43.819426996194295
50.11229334144729
50.168446045354784
46.128488226453484
49.27387300858504
46.324721110239295
41.182358023063614
45.63045061819626
40.306258252647076
41.46275341152285
30.295794760589274
48.05746285929972
44.279424026585865
33.78367141653472
44.620203249816726
31.325264190145766
37.12390211758755
40.05779483900491
6.630130765119167
3.0905961898594225
5.051614183016342
3.6430364898965646
4.745544107516741
6.568231353509233
7.876192742289687
6.396026089157756
7.071839180461502
10.196625955557632
9.363522341782142
3.4039363518389143
4.771927348273875
5.0322714230836265
7.0319300818273485
18.443413410686293
17.576945224263543
16.66164247836022
12.388528628439634
17.731967311963817
13.689045230122677
14.528574042420239
16.116009316384265
15.896066474574631
16.248287765134048
11.860021742046726
17.48462640784722
14.777715765552758
16.3471207343017
12.659107044990922
18.82097353735881
11.201452766325463
16.776197366894646
18.08639516210804
15.854663257368735
11.98810143114984
12.903821260431675
16.14772696184573
12.575373081640773
19.13314948336793
20.33181929461294
13.93750753389343
18.33296222801602
20.950097592339166
16.93841933739791
12.551930010928164
13.205899140131285
11.784258053375837
12.190623780542243
13.707950477380468
13.123860589319595
19.975986067622678
25.782593194532907
26.287377764270992
24.028207563775176
23.649229179878972
27.743752228625276
21.997161332276576
25.90338721679677
28.23503073250419
25.85771179467124
26.282260803290963
27.188227716668393
30.132349981824106
24.473405419574764
23.094952906203304
28.42753690480185
21.01401202472622
24.365520083661085
21.392414679860174
28.89478808817404
27.887725051139544
27.24567831193789
24.78748448894251
25.28095371153062
23.749480206493583
29.260758312706994
29.102181475362208
27.20782743065295
30.575081691203692
26.028350012894325
30.372919084387075
37.112533476332985
31.679229903496264
38.80988772772577
41.303321360995845
40.49033897486127
33.17391154171412
35.27464081624819
34.60511154047374
37.7622620379976
39.45484735484739
40.20595840677154
47.79977761572136
49.370338554284174
52.22107996533239
44.435955139704056
42.93469944324872
42.15718781352804
51.70524854412673
44.00611165067037
49.364168949015166
45.72486991046286
42.66791562198092
44.630608942664914
49.6814566131738
46.47061181250314
46.009773120479615
50.37399319101239
48.87446478142874
52.94406949503038
44.48478399059423
45.030018509864895
46.9124872307644
52.876498744346335
47.52314127661119
51.46715890929296
47.85904033761748
52.50205278552309
5.269297650047697
9.523402649108263
1.870175012222885
7.982167893657428
3.1230252614715845
0.3466820126065455
1.6844868847603793
6.645599703984133
8.657139682263214
7.3872622317098475
5.366936331700723
0.23248048272495758
3.3701612685701106
0.5560904054348041
3.1578492476897377
3.1820795506621655
7.808431382110141
4.763306433777555
10.89968686806079
7.9686896645357965
6.892766473586679
5.039362806153449
7.28206555121743
3.8694513818259306
7.699310802820426
5.351118894801406
9.584660959494073
9.484068630655916
6.504016748705514
6.0185902703570475
6.971255223601526
0.2427383786150381
5.735318637854242
6.334818537782425
2.1905776324666846
10.126336451074174
2.0612852431400226
8.499735588432486
6.909911570231655
6.8653546877373905
9.604459002956864
3.5103061177745642
0.8617413778224678
2.6898265837117865
7.641082454256202
2.7941420179772303
1.4546476260420613
3.9374744252255653
9.196312952046718
9.09008547401333
8.923575126605245
0.967565796304271
4.238343183067603
10.092256604120964
0.47623164599002976
4.84585464951336
3.9341985701469775
3.6195576326707597
5.628851352852462
1.8352659765117703
1.2727816053292598
0.14520573372685597
3.745926176192813
3.129500920546877
7.497036400235568
8.400744383447037
2.4748280122371087
4.192255245632007
6.148481842436111
3.472418972495447
7.754422608044182
9.44709853532424
17.072207976602176
19.553381958744062
16.936626116738864
19.713078823723116
15.605120092275152
12.960290794284763
20.103382647070063
15.167112396233334
22.438856720859988
12.647766140513873
16.883431844355673
13.697749656487721
14.658883094785736
18.686348869885755
14.595418951021273
13.125904578322267
12.897331848682926
16.158081285450287
20.951637320736342
13.503486915003387
20.015026601070442
20.509461959155082
19.20765879205291
20.213798282767577
16.732014528063704
21.66244447984792
22.450576304806305
16.93833634312013
15.347210982515232
17.507358381416495
21.488067905551635
17.722454681504203
18.803056153471722
13.327063363619583
15.531215916233336
16.597856002189744
12.758743098390841
15.809042440051885
20.534131323277272
14.521225553183683
21.42831134611973
21.221330023112714
16.84597115907312
12.461476381914812
13.811206283910312
21.889655093713916
20.506716898583367
20.27535575249604
15.187796287649466
14.248915528332777
15.832784540947777
21.044669897237732
16.255629987321296
14.102906684916878
16.276452737734385
18.51750761069752
15.520828537348981
22.64736541496045
18.828361111159502
13.703654385777224
14.48794043444176
22.605636550501494
15.088697639667918
16.64564939220906
19.96799307140334
9.629897203632062
8.020253634013418
4.579096667115985
7.807600106691351
5.056516904952865
8.108599603824155
10.589346788407939
6.035150393151272
5.809387871416173
10.48079797850371
11.231678305111526
3.42531404602793
9.982338078279728
8.921508494460006
5.9250926698356325
3.285809468163173
9.360380697083178
9.44049769627259
13.271668607547266
3.738346962443441
9.542807313901106
9.387178748593435
11.597035681445957
10.14258901212799
4.9026177704198
12.561716151942269
13.857162462934154
9.148632571032866
8.71450813868142
0.4179187083067539
0.8444775368408486
2.8432803461652982
1.160766838829633
4.621013951866932
7.555694405180325
12.571465861983981
3.4161980381243855
13.64285048515457
8.746262556327226
7.476140038489873
7.505087070247652
7.687471859154012
6.28532230007478
7.120267144901178
2.0327201275163267
5.06631424755898
1.8881944378727988
3.232053651162132
2.25701758537266
8.376412437858663
1.3743398988451476
6.151040003492405
10.953948683320842
11.875846167906909
9.158734988063937
12.437422571516024
10.224504367320831
7.8913765557853885
9.92637952339695
1.324501399353582
12.87661943501858
5.166972138020491
11.433504702900253
5.625390596391724
0.9176888521695012
1.6057325988195004
10.57110590017626
13.204553266183696
3.8455653492720856
1.6778486963274064
12.013186445076574
7.384747388652328
2.7593124207491666
21.014001075825206
27.656016027558664
20.863777800981925
14.574997084287745
22.865692058417512
24.95655776270557
25.900632252968744
15.93793156933734
14.783041821772066
16.023814488345458
19.23453055607317
15.227182874273092
24.391560092434958
23.12460297512349
21.147573890708344
26.298479518778556
16.521753337719122
21.738717404547977
24.56316980514599
15.299048529241535
14.078915320621402
24.080607966265944
18.86195328286157
19.281428903763263
25.569948670734036
27.97170659669225
20.57520097114516
24.54225940327678
24.16211628742424
19.23768731271171
23.85428116377819
15.569284699139429
16.475790568210037
21.732902399016474
24.359159523150296
20.60672805193008
23.274806156155613
24.420363641543673
20.629962749065957
16.378578100869532
18.53682800913521
20.85503755850802
24.12270465849968
14.963408610320148
17.160963973489928
16.040293153720242
17.861684802530377
21.757043245921196
19.72878931116906
21.384181269779614
21.43970217829321
14.761543300804322
27.886054422403532
25.691741515088868
24.581735835976147
25.52844932921225
21.01667891760138
