47.93985471263737
40.44779646883541
37.367136528674365
12.027681908603924
7.882816391954929
11.57788984451607
37.72270615162823
16.086716564090597
40.313092544918135
15.92974132607002
1.4938460485476597
5.674452380511667
26.31339032962787
40.14412028560399
15.08924147115443
22.13687813737821
21.852866422578984
47.89717011543412
27.264134961968406
8.80478569911002
9.253780190757848
19.713285443585207
2.0170139437164245
22.064551602877195
3.5258081578646276
38.94738494056375
8.476561195760137
35.824588456244626
11.660622999737745
45.34998275849636
35.278561966252894
31.022300609881587
23.39057064177578
24.910553988888402
39.82919842793329
10.85549689515493
23.280622147201704
27.870858156290435
1.4300629765747246
41.0064814251248
19.12251908696267
18.841241084081577
32.19962276909435
35.46758212664756
22.78790148776059
17.317032228908225
24.814301504679026
41.69023702553105
27.479224546334535
24.409705434433445
25.332350915615354
36.528264360931615
38.720504768426295
1.111121406388122
16.52293238766451
5.265346152574679
21.19906504758336
34.28462792980913
31.801411107094687
21.73926039161075
14.72272109611668
27.014212520278193
3.8426560256206024
27.759155756169765
28.92172575402863
22.894745992116274
37.90949875412179
10.81978187523334
14.710029109139812
15.82317739444904
44.281153847218036
5.8632408447993
40.89403743209386
19.094069820605537
6.329843398628896
42.62933708866365
34.163361949582395
26.440961714094108
9.05745779256635
39.73462820128999
18.895411058253906
14.345002816138384
32.40519345669691
35.88445261600457
42.10613590413382
25.156775469469437
24.157503107280636
40.63840775168575
6.329930896938915
27.900804254191748
38.27521893453915
12.850951593038458
34.262991399472014
41.364384367274724
10.630386727605833
16.66831581125085
39.2675409394291
16.99532233813853
9.267785953090428
29.065878135240446
2.449489460355899
3.274697245966326
27.972897260179558
16.154964895260477
17.714680456728452
30.014773515596453
25.559243512852273
85.16121953693951
67.89923696765534
52.82241588799574
98.11051641941756
78.55970923759332
84.6244289489371
63.0004342442893
68.57912021526468
97.42688227218038
68.9962545094388
86.00462961709572
96.46230819672786
72.49276180935964
51.90858606289861
96.73142383290795
96.50634812698627
77.39057186873701
85.84943298964343
88.6530486642053
84.41569567564763
83.12964637282289
72.25342586301481
63.30390458216185
80.94606382813107
76.10420242712527
53.52971466742852
60.5609103797198
70.0770337643068
65.27583366911706
60.318507195844205
86.44265706188031
74.85143278283951
75.70309917276664
58.270361623633434
80.37964947977412
75.30120024547068
68.79845277327621
74.36173698273014
68.68785811463042
70.14739660199535
84.36845105508085
83.5610597119732
62.17204069680701
75.70775916113075
74.86249323193726
61.359599580434654
80.81904478015966
74.5033969543378
87.60533188156022
73.92665755465431
91.9443232375937
61.497403500650634
83.10608582205705
83.6221764471878
99.04187626637848
82.2508186536995
84.95298618068927
77.93314599255037
56.115493366591366
90.8836220866196
72.77475532136894
75.80731243436882
85.57325629902597
84.72371994522597
68.81167552110188
99.34973476257316
99.91132016993393
69.92601289900843
75.60604477409281
68.32599007803634
74.95126976439175
113.4292708664326
145.91851636831063
122.16954543199309
152.75630483121657
103.3839682331385
143.2771060584119
132.40317335877205
134.62795968086576
126.31544012798709
132.37628780910558
146.2403894161871
125.24077386873441
146.22924192114667
150.5948774390738
118.85621219972911
119.6181738763865
151.6142042728543
122.66393589128941
113.75480788168943
107.0071910666662
119.20631901484079
105.44290767281564
153.22581182853196
105.16534698168712
107.82002768500911
113.34953709317286
114.75379022193371
142.85235850790863
127.6379965055387
118.78539278188622
138.5495604449118
117.13758153108984
119.2131512950027
152.7296583183994
140.0882662178264
