5.159398338985643
17.290266189058595
26.440148172114814
45.24745017907741
57.175738182075875
19.97237521749914
65.95232326540476
53.050635678827135
62.34288702344762
1.7296661928355874
30.310423651126197
35.887961647701445
39.48062994425629
42.52911718441044
26.999991937537853
39.7497418174247
49.47775658997302
38.899666486260294
40.45532998137689
25.76710750991973
63.95217116335819
51.24642213592655
21.175269670886003
58.90028233598114
37.4668741482118
49.96860635274518
57.82553532834565
60.13800348982846
51.87717384032807
32.83476930605661
49.348037675305065
58.331955178779964
52.25079707712602
41.0688860916384
40.43390270480702
33.991784589322876
51.5869409340081
24.31004072560047
12.391414639346035
17.928792180167008
21.92582245693557
19.8916205399446
55.667161913317386
19.198105945695218
17.85114723389952
46.93938512424071
20.993948966523796
42.93566576812791
8.815267112866682
20.903158839438888
19.192669044920983
25.177674909801553
63.78855324822669
1.0685422954159307
36.53709102269334
46.71233237914371
19.76716080808057
41.879012396001855
28.451264989515252
44.62461541410335
7.982469751074664
37.0289498661853
100.97491042296096
70.3423379933422
104.14971205743586
156.05125453624373
95.7392046093266
103.5676676546683
162.40777510642218
142.05423783398504
162.84191852866593
85.5289175594192
148.43917570769545
95.36860291927141
121.9545121569651
125.74495535299415
128.26765199849368
119.17405083975245
103.19418321354019
98.9492942464761
117.62328906085969
131.21387039593932
83.60883875394217
93.31932241922533
142.58825861193955
95.7483264358659
120.3504033421221
148.0960360549747
164.20346286530628
118.16554086721732
169.7769090768823
167.74553829012564
125.95246398071875
132.10766418768333
156.32347269146265
148.7684034783563
142.22127281805626
166.16718644541768
153.3376768009048
125.28087092117738
117.13013506498942
156.34092391685346
151.25252195140305
122.84909799139795
170.41660079411778
102.41713883564735
156.31417204563985
69.18263456906743
105.09688443266671
119.07271279341376
84.13077318487831
67.68837099830674
136.01714456724383
105.99116021316189
131.09448205502792
107.2567494239437
131.11764570266024
153.45485021018717
145.39898288992566
92.13186255604134
91.86575424403547
134.41900462841312
149.58572553608428
126.1980134227146
233.59221299662946
250.9485377095594
175.4361931801327
341.9828191299994
215.94876637422234
299.44888553173337
220.29185058741103
334.20534014812006
271.44890061634135
332.4290685460237
247.94012635942062
176.7411407341107
352.4042167949286
213.2753936316036
271.3407133183767
292.9256695935133
271.94441073881086
275.5116364728151
223.38488205316992
209.49124815933848
286.8463620684148
233.01377023461197
358.6508679641068
266.17690124241744
328.0809426189967
305.7633224547549
321.9150182652808
229.49898701950306
182.41179335014667
261.98080464641123
364.9181184952688
227.65698414386688
297.26410303106024
203.96412864538036
234.8637603067235
193.54436048673077
371.17452401536684
338.81462471568966
327.88136430815103
216.6219045548016
315.7999836075966
330.08893103079754
274.9867354742008
215.19876296318387
255.83542755710317
316.3487354924843
207.65371842579253
335.96244537335707
293.1441179532604
265.5961631484187
272.5920481929289
305.72885668642056
302.92821888978517
296.3144909819209
246.9877851396257
367.54915407088623
334.25375564577774
186.79895518463854
330.4947557329778
192.50895792477928
345.5163528889349
225.38685443632068
45.62150888303987
125.67103020264307
128.7340029263051
73.52633614588376
91.1410316073899
146.13307322191355
21.284966474087312
108.55617731477211
40.78644928372002
21.496916139138307
148.64527133105847
97.58764871660858
34.16223334265759
118.36036628648229
169.75412163414086
121.33481668798055
72.65311069495333
133.04977320894633
29.66911741792724
130.74300813512238
92.35260522021034
121.99275114062101
17.033780932732412
94.04944858827082
123.28732054976594
170.0034537807777
149.20721620699396
81.62273255287641
149.2474132542006
37.89663334825081
117.53173005855723
146.5907995651979
63.04983036727165
121.74304232382886
104.91153871157134
44.73018047391045
158.92530568854278
125.558806687201
75.92522550785856
101.10969148115255
64.72381588017026
170.85955523625836
43.84932453862999
63.97603895126581
29.500659534035478
120.49262031675723
37.645321636657016
112.84309457392654
148.04336859538768
167.24405268426221
164.80182757892095
108.15935261874269
154.28642293027315
103.06399223432922
65.99863445920185
174.20994337194134
159.92750766224657
125.88235364583498
24.66630358955844
55.23803844972038
76.49738481710105
164.42808611668244
23.473859973529812
70.9132893146151
101.91525146325172
167.17151876207936
74.8207846695795
92.09368145713908
56.172875040434334
103.16002821045844
145.7797708831374
109.60867026323535
72.40009261893773
72.6781001172882
98.327241225367
105.89938151862127
144.47759456982806
41.63197524829709
50.88922622703338
160.69135767940614
133.22480076683593
17.755003947467046
62.74361474842505
94.81180176710602
72.24528894948716
127.62185883392323
63.763000780175325
60.85123976126631
97.6120087520899
118.74317067767095
92.87335149137334
154.92571805999467
94.46660453010053
128.6234319566088
94.86681087790987
133.23835498709184
13.166618068123455
168.89193572331422
163.80595469439533
94.498574576841
172.78055808754226
94.58634140235289
149.7090240243243
42.4431955762759
77.20945086223794
130.1964083335331
130.59777376717508
22.76401864443713
115.74705396536979
77.1067286897041
62.91776420463174
123.37030226393887
27.664237377415603
148.80177268693456
139.39053416747473
135.09134217889343
82.33406233697072
78.82926920418878
37.656488410666874
89.72406425879097
107.81012286300052
121.4624915974208
154.83129558635886
32.95850374062002
176.14949366624836
118.75026741045687
60.3420549035298
62.26317616874996
105.88983316495005
64.15063823258316
100.88099108300108
125.26118065236189
159.50214195945944
105.33705546687781
172.8042086061195
70.44301982416486
30.75241001772463
106.75186805687585
46.14682385428651
9.897616139598469
23.48076816435949
148.4861399191353
63.62260374992431
141.78277184381687
29.841706675772024
77.7017249096826
73.87988176386496
82.67475138568417
119.29481311604333
119.93918682263168
114.0614471388965
35.852692523832644
23.25985114236927
123.63832195727159
120.54058908590288
93.96403150146006
137.40399867690928
136.41929974341616
73.21201833156339
82.89938191552568
33.59544170438979
143.97785525686868
131.15734352056268
46.96794252096835
76.82466769555901
134.41216490412194
10.756570557461018
49.72293029498728
19.418727633499813
171.91630340963837
48.792132126731374
172.69757354902515
89.03636207823892
71.23661523509743
170.64794639440706
158.7362142073493
109.15141944527164
136.4767348328534
66.69105994567977
165.12595144258418
120.27932629999242
121.21444106870958
73.78688642492281
75.47888173979192
94.2030427610305
130.975436946629
69.3380934335134
39.396635953901054
78.19032086222552
49.75286517496384
135.34961191819744
9.388362255488857
169.53432015661713
46.73371966943549
37.277829907299726
80.79989696764345
141.15652637863468
102.4534921177974
142.53024369101985
164.98130317332127
171.5813588558463
153.01018080314424
118.45511829931411
151.9846658320057
69.34315498489028
129.22707091687263
110.18392969152657
58.72284307908669
71.29430883449098
56.738437189099
70.87571315078851
45.32188137482573
109.03028068680871
124.93109639699527
116.33374112531989
125.0341149371261
13.130893610356921
129.19144412939576
93.48368689248261
138.2840727590289
34.87114892734308
141.28794793670787
162.28611618814858
139.8835080558409
123.97913875583637
151.69509788273177
74.01208282016958
43.64107646280837
162.19024861898862
70.72509916672158
109.3957861866645
50.15241647725419
177.70676127379437
174.18524101719757
12.106718475266604
111.88872340285877
174.07235456788948
95.16657477996164
170.52290584126132
125.35188328888754
140.7845423454486
89.25114729597495
27.398373971382057
164.16664249950088
73.40124736374224
39.13967846020511
96.47966507697758
37.83544585119693
28.85224087379666
13.972407850260879
367.9135996321285
226.84318824821833
269.6733953003918
332.6741467242953
225.15784108512733
196.13001036736213
243.4371364533503
320.4426667383609
203.1862125752379
193.75564887771134
252.87001369914248
264.831040579407
313.1452346198787
224.44955727789124
250.67589394337108
286.47578774818714
199.45202828930528
201.90646440264342
299.82794476263285
280.9376887488744
320.2017781531261
211.69196505477527
331.28213447343785
201.66502667711129
318.508765235036
266.1950032738671
204.2137598320549
303.6251073683682
210.70640196431904
357.82083979855065
304.63378983592554
187.08038788249388
298.22934683203766
302.8310224883418
355.2127212156426
264.93469494453626
276.4032458152574
315.5262934009031
226.95360752247745
235.15067690668306
241.50748487823714
186.71168943473526
215.04884718644058
293.9588397437177
327.9417414927363
306.14438736952604
212.38364246258055
301.7219490825166
314.45790151769955
242.76868137206583
307.26144497426765
268.7281579258194
234.82664627059182
209.89289939170794
215.75899227653497
277.30769614556027
279.7188462236074
233.06623105334182
205.63086257279582
318.5845860674763
325.3159840309396
210.887804227331
271.5092912407446
288.5820075755969
340.6551849743343
228.12876789646634
245.97143358187233
247.59654856245373
205.05064139787902
345.6929925230455
290.0085829060317
246.27818455417082
328.46896075733844
288.5574128832922
367.42045038939654
272.32257292840944
297.03291856428297
320.0368207476643
284.00805745382115
240.44032382277857
322.30229129477834
229.7985333585972
307.0169179663686
252.78321260937093
288.58463709037443
306.71974827349914
222.38786764198508
267.8949798472112
232.5816582353463
309.9351157689111
338.18088358645826
224.95261497422382
211.13459164146735
258.88910662361775
229.9495935305752
208.8837572221007
183.76353390686282
328.09345924249254
305.3338242530078
289.8457123835354
260.42718492457766
271.822880067953
345.7199144872171
212.08987891224956
313.5354097686892
184.975660618282
263.9048049784804
206.21338305480975
244.06925727132634
330.0623022799985
292.8932846418379
348.77483861340625
325.77662104754694
237.1373925364679
365.07504302852055
291.47517014020985
333.43096197304885
315.27391273230484
359.6660447622327
356.0834083348898
349.2999232384476
227.09815561599092
307.52162314672387
255.13189842076264
182.69745024731566
346.8013428206319
208.14144425827496
258.6104755105461
346.51774246600746
284.3518601760917
372.61780175568
284.23371798794176
300.3401851009233
275.29194704179565
240.70418704318462
206.40315281434812
314.7450623559026
187.223209104035
283.2342348181562
230.67165519757924
360.70012157163745
256.37294240166904
362.46684109833575
275.17536188653986
318.4413588482824
305.3880214704284
343.29811249041387
243.27556042036758
319.2639331078535
248.83650074722584
199.19416194616986
254.6068456144888
352.7477164105046
218.4997294808688
331.29076545175053
224.1455489304205
181.8781952762129
203.02576027018614
269.65933995973734
351.2809491120014
289.22936822421747
300.74250684651594
296.21755321504736
288.6050898831842
321.26758746369387
308.44192912693296
182.6745030761818
227.6461161442203
206.1574431734409
297.9211559163291
266.5419781674704
301.46570371070254
324.84819200615595
346.7256262524108
264.0209716660153
206.49283793024384
355.4366233638999
317.0565050056124
244.46839119926096
291.1231710864316
329.5047115797178
199.4089106109608
352.6610089649373
298.36677542236015
271.31562817264415
331.726193799263
249.6309888059572
351.45926143795964
287.8040350859749
354.83302447749645
275.08274467220747
318.6955095485558
370.70892376283444
198.67696256105327
250.0064431735525
242.7156996238011
235.55776726061697
268.029881692454
257.7831786288093
240.34518985012411
233.3158484343661
191.820863172792
225.33916162499108
265.32498244877723
317.91024530106426
189.7205769188526
315.72321108066143
314.46059287785494
303.79834843074383
360.7401929668636
227.11369996456705
242.4285925662075
333.15636040592295
349.4785524748225
236.85224377729884
338.8319792032494
195.70759416830847
288.43837187478164
312.8911928664175
270.70857093994596
306.1662407373931
218.42284976654977
301.60988324739674
240.27318158231475
207.41341129831937
349.46235702076046
237.0438522878817
209.75063375142008
225.4210432904027
314.33316969808845
219.84797151350523
311.40755650794
185.98533203987023
180.95815877437644
348.8409988548983
303.6445722633688
302.5965879425369
323.81321615648335
209.34368162888808
295.63968463182914
344.17822681042327
258.2848997566306
259.1867626243787
305.1645488048007
313.6723757457888
320.93563137261486
206.15553733790858
289.65725609988823
229.16910844126247
310.55686042263176
