69.72568290662272
78.11310937450148
74.81952579570547
52.49990016523544
57.305320927691284
61.598685524201656
5.228247476157854
20.804434420694754
63.261872648613334
60.67807901593076
63.61414260099617
56.67867932172923
76.06611899907858
46.27444242618952
59.66420399527773
52.94733049919468
38.65492460928545
28.949412636952943
64.2174638928764
24.615865043258196
8.159230648766648
45.4843518131362
47.76566307339034
27.367078589988402
34.160697080665955
22.466819226474705
11.91489477868716
21.991510440638546
38.82016861336903
46.586480628703875
71.45243089727168
42.86761152184488
66.00522107884619
47.80649461774275
46.715694879870505
42.65082787552167
62.70159727573365
33.11816130390839
34.501098723885235
59.09463678556551
77.72809870653539
20.507427015427144
40.99235367453191
68.47429085984444
69.99174708384139
33.761096209129754
33.018464259059144
18.640054012774584
71.47467221936125
26.166759241507307
44.35710392650822
46.55155608496293
36.550750021944154
14.495920196889433
56.27897669815989
48.34044326118247
3.1139158679744128
33.242688348908835
19.592027224679843
10.992720242230881
78.06671628940674
48.7542624814336
116.36506474149795
172.0347220903593
178.1115759922225
87.09754836661637
194.41705631402334
202.01525053397688
173.50925335658584
157.0644470404769
87.4214528471129
179.35399300180748
96.68808305395322
129.5942324230663
138.16348250691163
98.86440482958054
115.89216485319159
174.39899959248478
155.6490867579339
195.67743912073246
138.36345611809037
108.5563049571345
140.71813118072882
124.02616391908721
89.84570085778714
200.4146215691349
206.14612062876463
132.80559061750424
143.1899220021604
141.08456100420614
200.00709497068362
95.4563648057666
157.91405035458172
103.14431928790786
137.64931533061633
106.28504929827497
190.11323270861098
173.14734849289528
119.53742018738163
147.16836127401484
157.80095164562596
99.43882506490918
193.97425658909447
120.99201141574979
145.2753214306572
166.26747905932345
105.97470427372491
147.86441095982434
156.67530233319042
132.83837491152298
176.24954784358565
99.61651157575753
106.15791859242236
144.40093216386057
88.50051695579833
135.38778535888508
154.20371964321743
140.11209260545675
152.82301373618762
152.38379719371292
189.10822589227425
131.05077727567337
144.76394014677157
179.5974407865743
229.14821012410584
292.2340717693584
264.0840789130156
370.44944865258117
265.46167087879036
355.19427858982385
320.5101338314319
266.50876721676735
350.1200914954823
360.1126684458987
244.488144667479
305.98376768616123
238.5972984499562
222.03248038524612
289.78183261084894
239.93420093819498
225.83620917044067
228.70361765701756
329.7553888949958
243.95443431318927
265.61620760025744
214.21672518561962
281.63141527895004
286.81276256625847
317.1179857026058
243.59225530796934
215.24672849706883
222.1161217921124
263.92894900319726
270.51911001836805
276.46186411724915
239.60214544834517
319.84503019695165
246.87769690554376
277.0335423335228
303.2233948858353
256.988116033962
220.79600783083504
227.57369424814678
231.37524025004222
368.2696411838772
340.430098843031
313.14239995079913
237.93798160744905
308.50276126071617
281.1806670103946
288.0924792088986
233.26487689996605
233.1405475279882
335.90626888231697
266.9136259191943
230.72668642330785
321.4095511038207
323.1708705746029
265.9933818807245
219.31439398144488
342.5336079721591
273.1585220056126
324.13049478818334
271.1155071773462
255.42807365748314
335.5174214879156
38.38680646465867
122.60499986572093
91.61939881187143
177.53484988389562
127.41421617375727
57.24367323440798
26.326789389847704
173.86572116146613
100.48282420305611
31.92743398509782
139.71424026005292
170.10839869788998
44.435297040934415
59.03235201588316
50.622477712654835
118.11607282403769
88.02332134187348
102.05403636239572
163.7300048431237
32.08489257965345
168.11522298412768
119.41820310150536
118.32364123616473
168.28932501050886
140.1701348800421
40.76626868219075
55.38677620521799
87.55665292907753
69.63565662620297
52.83607546116772
52.79776586027349
99.82580919624742
128.9259647204876
120.19030891602085
83.40081281223833
100.14699320859566
69.84359833771207
137.2630599145334
78.44403958684703
63.26887761329728
152.2898072354487
138.51707594204703
172.48211482560848
144.05768369386033
54.009122949248344
133.54459899451876
73.11127702847597
38.84311167511419
31.53009829697305
101.49953807367035
104.1100165905327
30.89910796937911
124.55790277640901
47.86739788754601
137.14205560411042
134.45274077287624
16.722588236025203
99.93614935935496
87.26988670187563
138.90841255715372
113.67190793158673
20.193932791816337
163.33584280729576
121.45758403439955
101.30589773257759
122.62585229090134
16.019843948487562
167.1105127826524
158.26540998133905
99.78514210121115
71.4202083178792
18.907052430605077
152.00300734926617
124.20865882274703
96.69421335818981
141.8249164792232
111.19931513249743
43.18535677613794
104.75197422783114
67.18903130987206
122.88872723677453
44.90940896803391
101.72229615701829
157.08104151582847
137.2531818049112
122.70078799612199
100.212142603388
24.252181045295302
90.30312972644509
101.8086795294878
97.56137154639939
113.8576889991219
46.893677359351145
15.481437519897796
128.04809937913848
87.02516741500344
166.51109627340088
55.332311457218466
87.39840678831563
34.557473353920265
153.61693141338688
46.88873544394339
128.10626304117184
133.3814494006696
145.78662536172286
64.62986511411869
146.5286768969817
53.235174436593496
112.53156320225811
167.89319596541318
72.88879025345975
101.60164345599124
89.60623142978334
146.3619356701156
110.09255190581992
129.1884817812071
46.511222175743704
45.81924033116696
95.90998221890999
111.62730890010076
68.60939241761605
87.80308075607677
9.737571099983896
21.550416124771118
148.32407683346645
76.55684011849473
162.26299038469614
98.55712130326481
45.690784394310676
81.77062542965264
174.55123322619522
77.4685535056049
145.56009109736547
159.53933366507198
110.22694682445388
51.732989961333644
134.6056132474337
89.03628865578315
79.2860851192004
135.22891548319384
156.77639723048878
39.10667304369756
99.82868296556894
164.3873413964438
109.96925440950835
136.85052937635075
132.98844136196172
140.47897910539075
38.285946523525475
140.7176451166124
29.917914533842975
137.6479753916406
150.49089625315273
47.35133624281712
97.4322732482306
130.5206369649245
133.76611615449332
60.41158499365206
59.480801987548894
86.85884633930998
112.67352629862323
152.109967075533
80.99399115216866
128.97045109783633
59.3374799382944
74.02863199041724
56.35890331958834
165.2958992090035
72.08282250980184
85.37614793803468
128.9455231352244
108.76358398941646
164.15503540620017
122.39406891756101
82.44663227771082
139.5975378527442
161.14089737203872
137.29390196773286
73.10430100171884
160.32661418465764
14.857830235245814
40.34582416838294
147.47279071624462
91.72853096347062
102.85693836166891
57.78459166157444
61.62410889571606
81.35792163056466
139.24074276446856
125.0429055635524
58.72503312603669
94.85868348468344
93.90536016318025
84.4584246836915
72.40297209348931
51.34916629252852
80.59291347063309
60.678714176342616
99.23757474494548
50.39250855919884
48.49701668634668
21.59126581097533
73.79340244926573
165.27158172416298
71.4042713501813
50.71281000929828
49.161134087664124
71.37649070347513
136.26313384772172
16.854195920845882
48.885806530490896
133.73212616774086
48.563589488975424
75.63503296364286
144.40570722204262
21.46860444698312
144.69237763498307
37.35241683301116
147.74523405781775
153.7189740884798
147.9757896700212
19.815361533178887
148.35649536322197
163.28822050827978
131.8271309088164
138.60997911392857
70.63704209250653
11.324996855082617
33.57324021106743
100.5310805469439
83.14255523996418
92.66635587084001
132.7743353510429
96.39658736764721
14.407313573343899
39.49763282833406
103.8865988105948
13.740608761135917
52.14025967148908
42.53950054439111
115.25111505649917
80.44506680221473
94.82224506217814
98.3621621802769
95.30974313562241
88.55173616982388
27.569016050389905
173.96335581114974
142.27586467382258
41.81496770581135
30.046383994524177
28.323844007784558
142.21392210561203
57.20710571786536
108.67680776935121
22.423497876006934
26.047932955242842
131.8901429761632
136.71186402650397
121.75399090466462
90.37724853400428
69.44208512441858
92.03998549737773
29.939917206413092
122.86338249780964
63.675160612287435
58.95252717558331
119.68849891436558
41.379559615241014
31.13101971774755
65.16144941934225
91.87578688021304
78.73174362796381
29.175100648915986
96.95266077090953
59.776638094409776
10.336048245013046
66.34762284164773
51.29692849190124
67.93337908557027
100.59970631974849
43.1123014462806
18.630065698354798
61.00676542649863
141.1426369938271
26.967054563685082
28.8951168759466
75.73948530546618
128.6789345622816
85.48993161683927
38.66674536923343
54.170378837163234
155.21975641876347
160.0254485830671
115.59463639004086
60.61125496491068
68.22908377903121
119.35887952629913
112.5366764055857
50.04281672629489
57.03688366219835
153.18697534019444
17.53420454446092
102.10799432522997
74.26900689094435
66.81489959440172
84.97436631685106
10.940882672064618
125.12043560852776
42.26892077120186
13.148292873731847
79.33940469393838
133.41192379075622
150.60742728856331
92.13696972431114
108.32013716990689
109.91048906643123
170.80850301886903
108.57990207677474
167.35810485223953
126.39509093463099
95.21159979186216
47.48497082180547
9.777986197423829
131.09147185285877
46.52695423314681
48.8242539572117
68.95034437755584
122.19473745756436
131.99700966852674
61.25017900994758
45.6366306357303
82.01699568743697
78.41956207917907
120.21744799063171
112.3855156158784
52.54432328745303
154.69565842257572
89.13055466425368
100.22439465524272
76.69587608512069
121.3015430518792
60.931499054716156
32.65794766008921
162.2834239976757
140.28865752272807
126.73867673166689
86.1100976494126
112.20950162004965
33.35278762571227
48.9186885848945
120.01157398417243
160.4942996212717
16.741188246646004
136.19744969796653
53.33879661015178
150.80918360620728
66.35653763619004
108.33833422076843
83.05546152217397
13.65186124429681
36.32502635317163
152.5485781716941
19.460176818526776
91.03645968186623
137.8768511055045
124.77028385909009
46.36013481190114
64.48339873121785
156.89487015854195
79.4490004557062
144.47713622632753
43.2372775858169
50.18044337644776
33.96566811474012
276.83007148535603
256.97739917806757
298.75314404520134
268.2176757888605
318.5151498759437
297.60545762856276
321.1675317825383
181.80834255053207
207.9852419403967
364.18139965858074
349.7374473775345
213.15531045677085
238.92624743663208
186.87780313594425
243.35192893931242
190.430588870446
340.49071891469515
236.38455226679756
339.16543812085536
242.2888950158355
237.16503254848482
308.75896793852746
290.5293628504542
338.66005346828416
290.75930619079304
321.66042749060676
225.24434190155375
287.2375144751815
242.93926850825477
312.51143327295216
323.0944708432288
296.24889735035896
300.94535065074905
301.43277441102276
231.1392920640837
345.2156815212827
259.9992384659631
306.79791314326616
178.66091207556357
254.83739239711963
330.3395551000099
302.15150582073545
252.1587370602154
348.54238023101726
288.80579890692053
206.5370494679351
322.34540072284835
262.4694956376766
190.3409051494683
220.49788883233376
361.470668459071
304.7050570908337
283.9388937795274
342.5893979032036
271.76727497481454
211.3862452134515
361.64170412356987
224.37137407237213
332.2333417944294
350.5361376119997
297.90103066557367
330.3979742130059
351.2277771965046
269.8663359897991
335.1467391066683
253.2047610532661
356.36540782214854
287.53742065344835
245.01852732965358
238.40869720107935
295.47874164675864
293.6650688448635
349.0221727418125
317.8275246658328
293.0357934083
363.9920488897865
345.22285549394917
315.1725959536734
293.72091418772504
325.86367056473324
348.6487472259553
184.08733638012586
222.98033321885663
271.91554459541305
306.55218754620637
311.91299945068687
327.40286431925136
361.48549110534043
214.01208485070848
239.21105370507476
271.3493697359473
359.4103155442775
202.5424103656792
188.039653644515
195.57010519987853
251.421597374908
302.31309800392654
247.66569290140515
371.64275148642037
365.18721426466664
250.62081803423635
372.9018883550782
187.1001448162778
360.1270613309031
367.501614878752
288.9332996859058
238.26486333481145
305.37152456376174
352.81941776327324
305.62043856743844
283.98328170671215
298.313398303238
275.4670453105853
201.0157124333227
198.19437950959644
317.0110542103875
295.46483946472824
190.63770017132586
281.12309143000886
319.2864030069019
192.52755445960534
332.8038963171587
308.83947633974094
346.85786827087134
256.41541602641695
201.59818434986525
358.184785797739
284.0603486060664
368.3422322257136
250.39593845476642
241.34242644222692
226.15560918910649
249.298510409172
341.38825029772374
357.43403509866823
314.592101868105
269.0849311017142
198.95718207897886
287.73773313228037
292.6473277738571
211.7458086494923
226.16039019086298
331.242900210111
344.7382149846891
218.57931102292463
262.2009778789657
318.45598611138007
335.29173648279715
250.79335256996714
291.7899087067419
208.35114859090908
255.29768786489979
335.4371527235964
256.1239167229851
316.90695804344955
245.92316043572012
180.24845930269328
330.68082489686503
289.9133486448239
223.52092303953384
370.57026290384215
289.505548891025
262.61957134376235
247.42345127548995
334.64612391986736
239.39034714452174
300.11025227596963
238.7597186043934
372.81436294304865
280.4813692296671
365.3005336745056
321.7798485916305
285.7184453566795
227.38260220521744
202.83611472433162
179.9672601274698
319.96888576558763
366.66192973765703
307.38566416877904
238.43382137040686
350.2246738564564
325.51072974637384
268.79915885869315
233.19697440509273
230.30218329326658
196.99854250763283
347.00286682656866
