18.433494546666324
27.352346995252773
13.973771171436852
16.01039107728095
31.72224766038728
37.59365535043826
29.921809513678305
34.602473207655514
8.1213817354122
10.739353632996794
7.171784493592689
46.87254734209751
16.26068461453687
46.65100426830496
19.67107749918542
7.305721957279172
41.343916637164774
24.506552341736295
24.876045320676358
40.63913447678066
22.42083336699249
35.18613677850047
16.809182954308106
45.94865411992162
38.359820665433716
16.976142450985275
30.68166664670526
26.298339052003275
15.647011740824754
88.29182198344552
89.95105031199385
70.18961829786684
91.56157763445825
68.30221874061064
56.004782718172265
94.25060516414534
79.56712414409871
57.836252762779424
90.91342459975412
52.38224057218226
81.19711031782079
72.07562997303866
90.48728093708759
55.44772938101677
81.53127058279
92.45274379130528
81.5562924291008
93.46139677475597
101.08952672666499
73.6057221253175
68.85765321958257
55.64997259391841
53.56549005528875
49.95102636207898
77.00123060264589
95.27957300816833
101.08257960759629
53.41967859260404
50.45659148131538
81.3145190919757
54.826458900809925
138.1356575598798
136.67359200064132
127.14097065376009
116.65489834735143
148.56512643038212
128.54307725605338
134.95257699829
120.67113207412392
