15.332569789846902
34.016587238567965
10.488323274953672
12.58824798519682
24.20226166543967
19.206352845605572
18.743688184661963
25.485048046743735
10.667946786309106
27.4912241188228
5.708655415624548
14.149998864088989
33.20759441280384
44.09187447561075
42.815171081458594
35.04020470824354
28.653818498203556
29.24818873168548
40.65167220303659
34.55082167302895
21.829828335120258
45.24437616714145
42.099875105048284
7.423947478366717
18.13121323656633
20.56509819582873
38.127934978511504
24.42327071255143
18.191852974743085
34.04459099485399
15.746817947358787
20.52540664170994
5.027715237833991
15.040628147863242
52.87150340835285
25.451011824527026
41.84904506616253
23.882482276615132
51.349463267298454
10.103690405076751
6.570236376971209
10.034034230037378
32.72330666086194
16.19403346319821
21.742634324647344
17.60413028355152
41.79633322553208
16.323370595093916
24.301998263523746
29.466242751999197
31.557698619250264
29.35568820308226
22.60894037922212
26.20166806165159
28.252082765173835
7.518691933414701
46.91626177090731
31.972013539463163
46.79426081781997
37.92576925850811
45.53949159293624
32.0592886187786
136.11877766448805
70.68021242378352
98.33369915443116
126.08097818196339
77.19640517487554
56.8154977501695
110.61708224368837
120.63755927334894
80.80763577569422
96.11694975574262
81.32745175658918
100.34986245420835
128.94919954327239
96.8756110370405
111.77886426591739
115.99953064366936
101.99686734112811
66.24795967695465
136.29347061042017
110.52020926403688
90.63447048817193
72.14813511543124
125.3016251297662
76.1125191646087
120.91090492955136
66.05194257433416
83.18035758497419
68.73051325799605
77.24210347141226
136.7391285149186
111.71696776074555
66.02878353897424
58.870700255786595
60.95683647163697
129.75513494438738
90.44438547734707
112.61666297089857
83.88534479403161
70.23159874440731
93.301617478039
131.21925238213356
81.15435856390857
57.82748861584718
69.42136118597011
73.95731597939731
132.22777630142392
87.88693330849966
68.59832898676241
54.752846706030965
116.06230490624799
98.29582142495465
56.460702913876545
105.22844655292195
94.33655705742116
101.72391848330648
103.10262222873747
85.88372186939607
133.58790960396308
104.04593755545969
57.90299099519529
66.75537800906659
90.2214912140583
244.78851804677925
323.9761430429208
319.8604442725041
227.91907879655287
208.1740303017557
245.40824890946857
160.92482174851523
229.40911997357813
200.04711422957348
212.8695451189964
150.17951245412513
139.36696362667792
278.4676627440724
288.71805671335756
259.34003060088884
246.36378747116427
157.8261263384282
209.07452498949976
259.8017848515619
171.43097942344696
292.243785688652
299.47968613809144
271.8219329238198
263.5342623490749
287.10115633209585
317.8779536696032
303.0878506187681
188.08832081095056
176.7034621320255
162.3589382680522
299.00118894796174
295.919915445616
212.2655549646308
300.5599768133635
152.66608318108962
281.92409335699074
154.94166373318166
155.0466745438764
192.41674834822274
302.99100628389897
305.2905847141577
330.4121065745877
239.72766283728518
252.70290717106474
243.7479976786968
187.753563842678
265.10504964876674
199.2658909365924
204.57602867050434
235.01595094493499
306.59177380127636
232.1773016823047
152.23090447872949
245.85956299525367
319.2301496883576
235.2794248433105
302.5052518394072
155.0687679441661
325.0320283284976
152.78278402624323
221.76859219629836
180.4051141187
75.20197753643248
102.61165812463625
102.85293172832363
28.371578108775235
97.46851956986671
98.70821216512103
29.96613691045962
104.17581182544554
105.43709423782934
80.26922272847766
44.57526072470146
76.80567461074416
60.87089534446983
32.369779899172926
33.57255151657672
74.64912976089492
26.38608569414471
95.0772645192759
5.501318133256561
108.39812084247168
5.7383704371449085
102.25677526673007
82.8052786014999
27.078866248109538
62.740611557406936
46.36047740962443
30.847273473044606
8.897360143379764
35.59202087840815
25.018067515078446
86.66650078665498
69.42626616926799
79.56526340697866
37.10793763722119
45.664781379276405
71.48839657709371
35.99748481180779
43.377439253040926
6.810866467224386
4.545260130945103
86.99066991733643
80.82109710086084
92.82563431564586
66.09593111467913
85.75357720142443
78.60289441763281
64.19285384065324
88.03392663922322
62.86595050369873
79.49151381388423
57.41815226316587
69.23069791720847
50.01775600197795
51.123438998398385
57.007112101932414
75.34877223627765
48.48339556433935
87.9980246763686
59.99820543366498
46.00382231898506
18.369211325501354
11.869727163293284
83.94351853036306
30.682174877476058
36.868159049882394
24.064779689654287
62.51780070794546
22.844162406075284
9.25182008144381
4.475289703129697
43.42521917820784
7.296969285385444
44.16789945865368
51.34211418886815
46.02483434444052
47.66368611975129
72.88408377629044
30.201595448741532
83.04466380725594
33.28409442051503
14.90443849884516
82.6438609588424
79.19233821312541
88.0184985071294
70.11715580773549
63.808607679909294
43.15104554270384
92.93866884298384
34.39909073457531
62.03922789507727
62.19548396993928
41.28697649397025
48.76671626562816
33.70081505581567
4.956659400806025
92.87441018229202
39.48741780922864
70.90405640553128
91.00961009853137
72.19252334510688
30.92939136013009
54.98004054977103
95.95910616840283
90.89968509005178
87.85515663543588
85.12395277902544
47.03684362371247
36.25102252185684
53.740531502891386
97.05456194535115
47.3261631906765
72.58275101896338
82.63967668756597
42.0378467605133
106.11344392257519
26.050935773763207
43.04841949685182
32.420328687841426
76.64158591462498
4.1675384032608065
29.58719483864414
25.506299751644914
79.02877806116308
33.28658956376168
104.77819379631066
86.69835770360825
12.186616229350797
44.188618560499826
36.440406081722685
39.02241935221713
61.308513902173466
14.41694798201523
75.4806935055871
81.7289963372654
86.02941603672562
20.075954888713348
57.7738356713029
56.49639493710531
12.703635556669525
71.43622562130659
6.3944070347535416
50.44901194728831
89.45183230075877
39.435763325922494
39.46824865596541
84.6607987981645
109.55825378474073
108.46451982087727
49.23218526604163
52.336206689846904
63.508086402006555
82.63791231872912
81.75795370512837
69.3637522795692
7.305901228918998
52.531975398815916
101.7209778606024
74.30470504646566
66.01586702299315
39.4977827572443
75.26168096100022
42.08488410753927
35.47889197085961
92.80020950603839
52.51306009782606
32.79472335104368
39.13697811868143
61.08331646068897
62.91333413933523
25.205472655004126
30.045148611343464
86.12587680870851
54.38375295894673
73.55873970536807
96.43492921157764
48.45200546641158
90.09194175457259
35.45758777836344
34.64642440950318
21.12253464861707
78.34677511528989
59.44992874403648
95.31120522921526
38.23447094974815
23.210112669353535
106.0355488018856
73.97979126856973
174.10000694917042
220.92390645908836
144.52919825995053
172.01291257628498
147.36942330075726
169.42808444627246
164.27747226438774
182.69688340220273
117.41466774767876
161.53846473846187
137.7114569134692
212.7144607544337
172.0622606185243
193.59579699866765
118.05166667993936
211.31111935702455
125.19864823175584
186.93385716875613
206.21090465879672
174.9054111569825
130.80368259478178
219.26302731908785
115.9378248219711
189.58141466319398
167.63535440692132
204.12239852277017
197.49120002811105
214.87765997252998
203.38029268939638
187.7597627728436
177.43308066347612
111.37470627952322
142.04485898590826
151.05950486373544
200.3521207354567
206.83411536143953
204.04272020199488
221.15537049145456
176.70237315753067
121.16980594215809
170.22077782481048
191.3592901702376
132.46131539839038
208.5070391533301
129.09014816214807
153.91781707498453
174.25551782849078
111.67665908148209
121.60561636805751
154.76376084797516
186.6082310206088
203.21630238534493
168.51322433214773
152.10540132792175
207.67053969756813
119.021084283037
136.11262233757537
215.57386519627295
229.9880272196716
142.72006233902533
131.45658796356366
215.0398153746143
214.60124742072918
142.44712949826683
140.08753406781983
133.93199044200168
185.1337252283052
202.23558836342684
176.1449960584931
166.21038968962088
154.62387060997347
194.72270559652395
136.13848897809837
222.37928185096578
222.2254833276491
215.2161618995471
163.56664980663012
175.1038058806575
198.48142350928322
173.328302837045
176.5201077610421
156.81374142331745
133.357260154885
216.24961601164387
169.93869055417352
145.6442325812112
227.26372284270448
197.4097911077863
196.09337167104488
224.49880863770636
196.0897909942885
167.48370815152344
224.53939196496964
132.23484063366104
134.29386820025567
220.51004997576578
142.50204406166247
174.03316747965545
175.24422979976993
117.54606522795434
161.90889905565368
223.08256717678609
216.17222723820402
185.7176288733313
118.04667562279106
177.64551230704453
187.85947586831287
186.33538281287497
208.82229455344313
144.24419213642958
178.75073525561479
131.5310947427091
228.15308178579545
142.19196424216173
138.29519900231475
195.18801700884268
184.06123741718187
171.58964163036438
159.1707573756747
156.04104082298306
168.77407067324933
188.7842737350899
118.10665639434825
198.80702543226482
171.91834049737412
226.9306448814089
215.5466128892033
116.38128415427565
126.55282373551466
209.0402415614663
154.4706790219628
166.62348690196634
170.1992494890039
201.28652026257566
150.58129945760038
135.2316593172376
167.1179756278425
217.4446396714304
123.2657250025625
129.0114124082362
180.11244002886448
146.86284314135423
186.6639314756218
205.13600369680412
222.78108684292175
228.78215372053296
217.45888316352364
202.55232369400915
201.3284064825856
200.19498685795458
176.42109360005185
206.1452481062151
115.05562645139167
229.57870057775142
154.7592712230147
214.89333964007494
119.67068327931808
213.99939877332184
189.05259690610558
126.30143600933201
189.84660767796552
112.47130909743893
140.199757999931
194.43428493539906
174.6352262801796
207.45396296063484
208.21974134890436
209.03455749518906
197.49206285398827
218.6915901382332
214.28143602741022
161.19099365623777
202.49415095856455
217.24771621036317
124.63944302133595
174.16440587976373
188.9588312801084
172.98929364971534
153.98152830610107
210.62388060016423
132.5484964075875
145.27345524439957
219.76331321284772
179.95671785503816
140.5354235601839
142.54756127307698
221.34928105216974
271.61793696709054
265.9514496629323
256.53749251473613
302.5334912318633
297.78820335761765
279.03249773083087
291.76128408749145
274.4842256142859
271.12743877409736
264.12891138429757
297.12638760211945
255.43946991880563
243.1547277501083
332.2188941225648
254.01083609436637
251.74114640877374
254.8449153725926
310.1223440214355
318.90817936843854
321.36834971354284
279.9758245838219
311.0403455773101
253.75358530731253
307.9543066648508
286.3204604333981
333.04845058419687
309.25462872094187
275.48991228909097
277.3673148964316
305.76343255811963
266.58359186176057
260.25177238271243
306.8967168414507
231.26921661554914
284.2997857296524
245.9221839231705
255.06758070129885
331.1676782736705
310.03905678502593
275.7805170979754
278.4773594052583
322.6864020997027
283.74519747140704
261.0088502616334
270.36369224440324
334.4367518565848
268.09946002204026
256.78628637471996
238.07666322671054
256.35097686105524
281.78977765077394
269.96227809153714
230.12414574419785
300.6002292268571
268.9626853759465
312.90328345257416
316.61708838174894
275.42875028460026
249.58065182060568
302.2893931976784
272.4226826985124
325.9182762351809
310.6493955459845
239.57066466620546
265.82925843096757
290.9796702366014
276.4462252225176
335.7957807444111
301.2291382669335
310.44019862114976
313.0796832101129
238.93143755826142
261.335340309484
253.6532338245123
294.172268411919
286.77291238713786
278.3517223186893
298.58782815703734
304.3504954546268
290.17558594439726
252.96684406474336
239.61253989061555
331.6962894536035
281.0642176310663
262.5895028304746
286.1049006303652
295.741817004181
267.33433945423616
299.1004638343792
235.4882467312408
279.1683933696815
307.68793288078194
308.822563823212
315.1540240326632
259.65525462377695
316.3109973642796
318.13810940060887
276.8713282059021
244.24892424391874
271.7822996179388
277.8736992936025
256.0339446277647
250.37951814119984
262.3588459385994
276.7040375929454
311.1502753864128
306.8518295650736
331.65566124274403
275.7807242136299
331.03934774922504
293.87263186802227
273.1492588579857
257.4906318162549
312.79473249053393
291.5462565466514
255.46698563889365
258.7495428763099
258.38204421508647
287.43632959685476
277.0653158620356
240.1113121865052
332.07088542559165
271.8456785927105
246.05810144949515
266.90669014157675
242.51782304651618
307.93891182363683
264.3983734425646
274.7123145110236
313.5575123010813
284.9259300691689
304.6964736348684
300.28449055345385
279.1164096688101
302.86350266139107
274.2462350848316
262.51432390332155
250.81733964809354
270.7316847069343
322.3751404656688
303.52278867681486
264.935798204672
312.05269197411087
281.00840177457377
267.2005866938599
318.3173691737204
308.5440473641212
296.3787919189413
256.9998140787151
249.6430415089849
280.31832991815827
245.4481460456263
304.5263645649471
281.7162479541358
310.6560263838519
303.773781405856
309.06382276457873
317.7382768645409
278.20400351674544
329.40421854830515
277.7960478351835
283.5164731955922
270.57667441760515
314.6914758815227
236.49767067556994
318.1497280045063
262.2609841507237
230.14439059206066
274.0485254299801
256.3355555503652
236.8430205066384
251.98661216183513
326.24518923850695
261.9691869707889
253.5195148253932
288.3245945311128
334.77676979083884
265.1150488915635
322.8305610452961
262.03972378280326
247.63590244565285
313.88701749194377
270.4089316436351
295.3372497410314
285.2261180936372
282.63866025826843
316.66556006884474
