24.016892381365142
56.618452266830275
34.25301756912125
33.41646919161766
13.29532443796542
30.083709265038987
44.75854593844117
32.33100389030881
35.711546325325905
31.597161205944012
64.98845703807382
55.703585390641
14.959225499381489
17.745182726926544
48.60872005984223
1.6379574020249592
16.54206488544694
35.338108949283395
5.63259210022699
49.15938704409675
41.80090493744625
4.886111769711725
43.691802255778164
8.139387664438903
44.28206682746453
3.5393036222950407
21.51517860471886
7.761065422228111
23.207976599661066
65.91187989052106
58.159099211169966
38.46145149238151
25.84931947975572
19.657505931506428
4.369010349685972
7.317650548932093
43.09260370648891
31.1590790619325
4.78742497663233
50.02208810199828
21.091309703238423
41.177772092458056
2.4971041566733874
55.11437667019767
7.516238964362348
2.603623443279929
64.39880767365716
4.743873295917279
24.524258899386663
60.721067824324884
37.69277642526899
23.611291663406455
33.66045939603733
62.6784114663872
57.479338581780056
42.95090670188601
16.85309403726924
37.605484785644656
21.104057073376325
30.270444076168907
31.34282539006761
53.52708807041136
44.22308105952581
45.350187968701846
50.95684175399155
48.2941288883757
67.00113508401444
52.11352353568202
40.09903472709951
46.71175018366781
35.66995512018756
7.042250725203708
37.90291766109389
18.453290937764123
30.71054892783872
5.993129771940733
25.268773234065357
23.331751111069956
4.860496096556801
35.02532893697663
18.20911600390428
50.442641514081274
51.902420088872304
63.36002974460669
55.481560849011984
32.95825151119542
32.05557897609585
50.60519354343522
49.19128693199528
37.8021293914826
47.88894170478608
26.04288160530558
5.06389144070825
67.03614388725829
33.56275700548744
67.16843898688144
62.83238345924911
29.201281291490105
27.98040054645517
37.66421863541696
55.47323313134832
50.41456018609982
17.901425357340354
54.729600824766564
24.779940113060213
29.531932593248385
9.788683886706057
24.944986866617825
27.800150802469226
32.937237491572674
59.61655641590596
34.3545901452494
58.21364669935132
22.252103322091713
30.869997708569237
25.748171664136137
9.965434105490065
45.89533844074778
61.92156596864873
63.11650967081215
54.78953733849764
55.56986021562942
47.313896209565364
22.540454216705456
66.63492473792525
6.988088171933004
19.826325514918494
15.853533468877991
8.1857666267002
60.975143650331205
27.243331257695953
7.268478504867662
32.84849832575938
35.41152348189164
22.50942625476364
56.424598502654476
14.224503063496083
16.537182230581834
35.41438402080109
30.744839246468846
53.088591630119936
7.488764687174566
23.674226631124096
53.77557226776798
11.894623627789628
41.265386365693836
41.5110075543086
53.77398338386335
65.34303597640462
18.416054269150525
33.47783293735529
59.36870096149272
35.8292083402843
42.796280749816276
64.21756691062798
18.680182414165824
22.48128341051545
60.64395862705099
41.731891935395346
27.11352185923857
17.99353324190645
60.28512902269325
51.70050679522479
50.47243133628305
51.321930527440955
2.292729468094535
4.511374124812683
49.11199736389957
37.79285391622138
46.31647832665379
47.5665415543655
30.72699681368675
5.142721706063824
28.45279942073703
6.678136526183131
42.20298404746195
31.358738328546135
10.337111473084967
45.26915739965576
45.570985559848125
28.125080431729092
2.7695952106142627
52.36178994212473
24.07778294082152
22.311160256156743
4.140597211360472
38.68667225069411
40.92851156273718
55.21508642501869
64.95942175738492
30.23872441383442
67.05877466833093
36.613151458150554
43.21024459483847
24.8285484955304
39.09448124710461
42.461823288501215
52.54565370504504
47.30214156505585
6.25810363568003
8.156162325639091
4.801576277376849
54.45604367998709
65.78945243243143
46.92653971439263
36.36837424560559
13.462512078208945
44.82179296782775
57.231015004959104
57.235904310457315
4.221003574924744
38.09849770684463
56.82422829571085
14.71925370761043
1.408842320532088
43.0308997559385
48.18515394781982
9.465931112543565
33.321362259254066
46.913498803615965
61.516090168829585
35.69636809983653
23.62484450634089
38.18951062004381
44.17567279113361
29.928903747535667
26.69268571549085
7.775162183617901
41.95832324772137
46.89688233566013
36.25952434764935
44.216887374875114
6.27962343452732
19.392686814065343
23.017008909077603
58.086509136674735
42.27083417003267
10.87572779382117
30.60407235426839
9.798957900139278
44.2297283165458
30.83758096397193
55.14856676748711
53.266716857377226
46.02461680941867
56.9596824838846
63.09142276590404
29.640706357159736
8.346155885168358
11.973171740909628
21.42032098855426
11.09649226334058
21.952391048775738
18.006750407393714
39.057917639125684
57.97714030885612
24.8221586747314
13.307383384345794
26.968938924405137
29.729091066944157
38.75969764698872
21.92671848268563
53.76025031370203
50.53200724175973
29.955834731430066
30.080832734382422
20.362000274714923
54.996112454047434
55.14648639336359
10.361726118969194
41.419860590277
25.60774141498824
18.79076313932724
29.501931372822682
59.541115387838225
47.60395161175273
57.51926275124932
21.033546492029124
35.698141131636085
23.079439768032127
6.903233422011201
23.216988837038052
4.499149816100783
56.697507294277116
48.72727063759996
29.23301726373419
36.063621990247356
59.030703483685215
46.51996574126893
43.07753926300162
19.563729981218856
13.381020187687856
57.82546398844339
4.027307356537584
66.30940412039261
62.43384977381921
10.896725192268555
13.642557093824912
28.61948245925809
8.874785971506757
34.284664161682606
59.21267061010444
56.309414818574055
32.90023304416821
30.6405433325168
14.635659725622169
46.50800915441294
17.246889190023488
14.627500319069533
53.64759629080312
34.471765627434955
32.417642872672545
6.160068208134948
44.407897867079924
61.344722608272924
21.037394874890673
48.71566427045079
55.06513641081665
57.48995877988752
30.508508749195297
31.803741866137997
38.10448208952333
32.163377607737836
21.5440310796478
65.93163401705702
14.008732550194818
11.46343813393866
26.139498548253297
35.80691276374699
17.253557353980355
60.98110465173244
34.61038848505829
11.418826384284856
10.119771256223228
45.35680105486282
19.57451259448134
31.615012864741338
38.90225742749922
32.00448167941782
59.61974601965996
30.9215002940722
22.59371927915922
31.580600109226946
17.914795272091716
48.108754120800675
58.90907007769322
25.37258846189055
3.678493057949023
63.68934450005606
47.30040783602727
58.51849053612464
44.10334459848629
47.19177061002935
39.781689480069424
42.29149791901626
62.35508401940925
49.21087376745458
49.67189154648212
33.513883454904835
11.423690584271736
32.89000255247416
32.25422254145854
6.1950467532700415
12.55964761698625
18.611731124263756
48.029259618038864
52.901177893910685
53.01727890811037
48.21036246072219
32.77481691827966
46.673839113825636
21.5665787606371
54.894446078521156
27.46624245294848
49.63267113992325
59.77435807684679
28.7798898171172
63.16867993340734
16.99606795845422
28.688880783877273
46.04436672955631
40.97409979961895
9.340176462653172
54.87397261356063
19.416769100798213
26.04247423227548
1.2513511599908327
36.76216004139052
35.73365492466998
56.4327300334258
51.22806515120581
54.232674000825654
2.9801942236129797
64.8599267955079
52.412781385764376
40.651795604250744
26.5922915419075
13.079030181665669
24.017392014009282
58.54067977587961
58.32888585734611
66.38335964410784
55.4709560596673
63.84024754365106
14.483024077821362
9.101172929101885
8.025853132946299
22.983696590456994
1.60595311346394
3.656362584936087
22.882545724833292
38.62299016828494
2.192672002086937
42.464609313397276
27.62727096035739
53.057992121297076
14.19231087179233
51.62803058492817
35.28177507837011
25.66611260787018
32.201442550870865
26.285650979591132
18.221686262053243
37.7869630620888
47.37335152988209
11.741502508309878
35.98552342922135
31.01988564870703
38.985800436069255
17.25699885477206
16.68542491153007
32.50938875229011
54.453242914606236
15.12583885942892
33.8692443607033
17.148275286323866
11.486629565135104
3.862247426089464
20.09889168114384
48.674762734799145
20.259465592259417
4.7110539727791405
8.75667318031293
25.40207900761473
29.146906202439403
32.19132833346232
20.802063412952222
40.085403222129116
14.908522286894836
4.469417778312373
48.29480181942276
43.65548133263168
56.57622750497763
15.353369318603455
44.37404813823195
58.6564751653746
21.29691450724426
17.79969233786154
54.96097937842678
44.89566681193053
2.5568823428786054
11.397212512133205
33.513110218364375
54.80476069843351
53.33371697687754
16.660355966509428
33.48768482454422
46.10696293289675
32.37755546143965
19.96936137865524
45.66637685960052
60.14006636131842
49.094162014522674
60.27387038091911
43.9409394230403
40.55537589651997
67.20285379104989
59.37452305499749
30.005529980136235
40.18196918212659
43.174988376091754
56.29969036353627
21.560434173698237
33.46127297185251
14.397848718072868
43.84738648935684
35.4814404996629
27.763451626963512
15.382140375498413
49.4157485181221
16.22966604024606
24.932975429524788
46.03104624474471
61.28265976294951
48.42919437218715
38.299185009871444
67.72506242909614
35.943673931614
11.743033092129519
14.461436854155838
41.36377259000501
25.74053198584099
31.00253002552178
62.01807794721414
25.869151606939546
56.321923221487836
67.12332275994899
36.07297506817325
47.153931104287885
15.293733555027917
55.6464082516203
30.401220239075915
63.73207608179333
29.279741590318093
29.34195846041069
12.339787867181588
29.346371551850083
44.0894047164834
35.08415143124663
25.900485969502093
30.339399762781845
46.45363111283487
31.504942857370683
31.096677676199906
8.312345201337664
44.984257311692694
14.912362241771113
27.191555990026618
42.57983714542681
42.448119150765415
25.82880618842189
20.056502277359776
58.97551633647656
6.63932856214797
9.96424488378345
65.93215560788306
41.14839345826851
24.908294607130802
35.3939830174682
55.16438232722038
23.83542702168635
39.18291264998286
29.382272311316626
38.6656294223021
52.03103412576699
49.395241030815455
46.473435569447545
21.16379444009378
48.141011539545104
19.052342134925265
6.70853083611048
51.07693869437487
11.10171811960928
19.113349219985615
23.748437665881006
40.07256618938273
4.090174926828926
2.3108842389361826
38.642564731266916
32.22192841781444
47.525710912280424
54.09910641682472
5.35057632748617
23.366321447580006
55.19543809990525
14.80195350351033
13.34922938145328
65.15377946743254
57.045616311339366
42.183501074637725
10.547619415282092
31.318006493800628
27.89590989490937
40.41452838583027
67.02266893825234
49.724622535136916
56.40942334917301
63.722455350537444
6.00255166255301
65.76600579168087
5.307629159863211
20.976434252187406
34.447504702073694
21.29500613336007
35.60627427874277
67.32752722255285
23.7546220803343
22.024420901440138
12.023646170573898
14.545642514112245
63.63700017086825
6.128081933929021
52.99990795452332
67.77578286358828
30.933081021716003
40.61521942419062
11.422121861230387
45.670682807437906
18.727529622629334
56.05068455212374
36.66808666253773
59.13443090279927
67.79540357673363
24.633663307704534
17.21931685661024
8.779164781211218
52.34550501637543
38.81438585719154
5.927859404695987
25.883288600116657
13.633970355442894
13.913769868856466
35.27169467903347
12.967524997443334
52.2868107946845
41.556283144691236
59.80727897850319
40.82307430112585
36.93675065931714
56.84084720902055
2.955369218603561
49.804985053049556
20.379103470283955
62.78387683777221
53.74377408609033
26.45205678137661
53.107301227712135
44.029333291293
17.878502124089604
20.140698354189777
67.84939549019134
18.479044728162165
51.01000605412532
57.12756573356675
56.93742197541009
66.51938900047719
21.095695428637725
19.731974589107356
67.91129817961011
4.080171065241519
36.005480160919824
5.712551352055627
56.65876075580165
47.71232766499093
10.958404093311572
16.307146268751914
1.2971744425829996
11.469417049027964
55.25426589659197
11.805669860969644
35.614771244457586
66.75252706744058
25.24853105542399
12.123089684565205
60.29603368924778
50.832922268569064
64.11629296293782
39.543447727578226
35.13163053369674
2.5341524643963282
12.965079207334238
62.44462319191897
25.74224559129719
6.521629381452517
32.568678093644884
15.615920597700441
4.259029359113374
49.76914838052902
25.60947288422436
42.48841330409257
24.747781758057656
1.9670501747248679
19.12030442298516
4.068390501146737
2.3106889067505207
1.2762765239179785
44.49324605869296
20.946363296085806
66.28605332560602
22.928775718900013
31.586641369004184
10.587767414276549
38.14681776424808
12.627061038143811
47.998558105793784
57.07170421789647
43.518077070196874
43.17870998954072
64.26448372659385
51.76497583487557
53.141905371381185
19.706643102997134
14.440361470893919
41.06143115252399
39.732561190189514
16.690203461185042
45.52120317748932
50.12090445784584
51.31546396614712
17.04166104737793
33.955312410479245
23.52612981473456
11.854585049931636
29.493993146508664
15.1749265703018
42.763980854355175
56.37474560368024
64.14274361273391
63.152053399809475
31.545359288668813
45.597692355134065
44.47304044319831
45.206476175156546
43.617818824278814
39.90872962079246
53.84234958825314
3.193310305336645
31.26661466748097
23.912919589641653
55.01490265345124
31.0120186806759
4.32499507031196
53.36092972745968
10.356733319024922
11.881124967729956
60.12343808151533
58.13124626143564
19.458016195176626
47.89719276324296
24.323303219016033
43.98694914804927
2.423390602797653
19.01014468756194
53.582224152106626
32.51696771387356
90.6186151187835
138.891047363582
104.02781574595724
72.01816573282345
114.83182450761143
161.197923162744
172.24557774866182
82.2761214861244
135.62308321250424
140.47094621807048
107.06229713414531
83.37017579160907
99.21758569712858
75.69527246240307
161.38792345768272
77.73096273523126
106.67944565968939
129.36055248013
111.41804251722978
98.51955654996922
132.91015159965124
167.58375234581786
130.648299963423
111.52266735296027
156.4459620282824
146.47017554152762
115.05462964812011
104.3913205588115
97.7110247130905
135.18535886147743
99.56058900963167
135.54241374927005
115.64501439418893
148.03649598731295
113.26238148346995
169.58751186812418
89.64095881123833
104.73875675638342
147.1797734594366
176.20021883616286
109.47206452388257
81.7155541719477
154.12189931986933
148.7770589380234
69.85079128256532
96.35213202390247
107.3759099549007
124.47825989729964
102.74976219579119
120.27050221065775
160.65747074854906
81.03499947085908
127.64481523020545
139.8850641146663
93.86150896444875
158.68094309597194
113.7691014745274
138.82058272431928
120.66459703153038
175.30810329198653
143.0326076353427
145.3585055246745
94.67829873727865
81.25363053539031
76.57875077524947
142.68846199441626
152.79983472947026
165.09256446310272
151.98028911932383
114.43928524421764
131.67793290493233
103.9897701213104
130.44215780593044
76.38079063286563
142.98231379075438
124.05528820724618
94.6911975240791
139.97956589643098
132.35684576062874
80.58612969155945
108.40425166451779
122.83842261368106
94.66541593462759
171.73991699290366
162.26866716694136
118.6096197232643
81.81108321422172
170.98081614184593
145.90126261237833
167.58908555171556
142.04063304908343
147.5600526051478
139.5865352066799
115.33606376097978
151.369132916561
154.9714749424425
110.1954234154984
100.1908038030784
114.19541940662594
117.89631485531963
130.53459981562008
149.1513090242625
171.25361590004403
127.44339869184661
155.2760201742474
121.72212651081149
138.64530642491823
85.43792976870736
135.37087920956367
128.0401063488257
114.86913549835435
164.10197450347857
152.10551011095419
94.1864256964291
157.3222310094162
85.01895080177104
124.52537892628084
75.20618231545464
144.72593519683744
156.40388661141242
74.24109373964498
92.72662943521334
130.67677469176778
151.85258261850674
103.20044471565771
146.47042652370212
115.54574758099437
89.29199901186743
70.34311321076044
142.25272274219316
153.6984813838151
176.4572050923251
172.94494421838598
163.04679702931898
147.48704665958752
105.65857254577723
129.8404229261331
145.12978670704555
124.76577325074943
127.00675195407435
158.19862104206294
139.4982349101106
89.03653576422121
107.9274784949946
88.77857785501843
139.5336437240119
170.00665876999582
158.99880713751125
86.72734527975337
165.60559591048158
151.3027331601998
152.24371624784746
69.88448657120148
73.42710444368691
143.1962841556604
118.84045151372969
146.36978267021294
110.07902607457387
113.87176043704162
128.18906005949634
108.57735885361791
135.35265097831686
164.61462267596892
158.20940923730655
121.4480033225437
270.1361396637949
217.0008971886735
231.90674193335036
185.06955579124008
218.01720552814888
211.68055168259218
252.83372463344327
276.6038711343752
253.0029223609669
