9.475991337096339
17.042151034725002
2.807955296471828
10.453556594879052
3.763842993185544
17.691225206769506
3.873922178515347
7.7190091044876725
27.40980110774654
32.97706360370917
38.292171863181494
18.29928727645374
36.18399084189994
30.62397698964667
6.250879558318202
4.077074969714464
1.7983471354992804
2.4792004828004677
6.899679541407275
3.1792746097464732
6.741201347588609
3.5090025244330385
1.6199199068558396
3.188088557412057
5.716898706921317
7.254521885898564
7.627053613445543
7.695045250927212
5.529327422051279
2.4188813439947916
6.386280062421177
5.121076652941646
7.419728988492137
4.250970076303056
4.750761519039685
1.5507556247796543
2.601877971703032
6.436504428646737
16.325256007217938
40.26332114417356
42.73121027378537
23.07605375239655
25.21022600117752
31.715027454426078
40.48616956914315
37.66346873744984
11.13786255896119
12.647396251643041
25.59486418135833
37.06604056934757
41.00421928211687
30.632925723384673
