19.910475443011254
10.1312384749417
34.37815406872647
34.39064577476275
29.634802336562032
53.406215020278694
34.235285356267845
65.84583073544088
38.7916214700678
34.50883113479602
22.71655884283785
19.93576523259062
49.964177009226226
18.54440592651957
42.86337552856624
5.856690533631152
45.02975267315502
4.639608652715996
33.426141333549886
14.587945516111041
18.154075752862905
65.69347205877993
14.63121910538084
44.088924026755734
40.52630773296967
36.44766759656435
50.007171540274186
26.265237836755244
4.484547504704871
26.993913251209964
46.8684777605412
11.211056669695672
22.24569164612499
26.09149354568372
61.06197707173625
43.782411095782365
18.12898566276069
65.45141187548587
20.3708763213375
13.054257362633418
41.87454020752558
38.9534574529061
56.76054912269133
36.060464934504466
44.9731465938121
11.884771985714522
27.324363977625737
12.560857269586677
19.918214895873895
31.933897181040095
64.56075533863786
16.578743482827846
22.34269477040959
26.07170873088304
10.455627350535295
34.70905060962616
46.52717670221738
58.10619405151807
23.5697426318968
23.174469792916973
35.40930341834906
11.690836607170326
50.928454174607126
43.04007309015371
36.488333786295
40.17378784861029
42.585797801055065
43.91972158187963
47.79249887318211
52.16868316287187
64.31648798247016
20.51608710923265
5.538154680458764
9.200883659679146
38.10571907595921
12.487847572484952
17.449565148088908
45.978538992019516
29.44408023546654
13.418253073480468
39.221944411737226
63.296775052745375
14.67722190326408
48.847308124116594
31.73394185920253
33.20693661725272
21.568728012054077
21.43634278222694
61.686886289710586
55.202167751897164
22.92738823978498
54.82177686109421
28.737912626978087
25.83509953815239
3.4713830183038397
37.964949629719364
19.042756929354347
13.124810423891876
34.894424961208
61.01450117658248
7.013316156951102
41.89218913488921
18.379879982635362
59.001721358680534
10.624814770433552
20.294852433976914
29.763667973102184
40.921519346254215
40.05474105210957
22.4962558998622
46.29190746782457
56.18106539235713
60.60829964361074
40.008883721089376
19.60403309164676
39.074345884402184
53.60841784725821
35.552589506441976
11.138851767660721
14.482667282413349
17.20224237109132
22.579700909824744
36.615989164948246
31.415088679819156
44.035116426135374
16.1271063061247
33.70291948081619
49.55097704108162
27.742526811184714
13.46486220074296
22.91487268656472
32.711683888367716
41.225220614042584
32.89726934768889
64.41293067507142
29.993899773016388
8.30862606632882
43.470991199799805
40.78487421563526
18.393446551346113
34.866312557774435
34.154297540225805
45.75035352493145
47.17824770479007
30.387180369090288
24.151657990669577
59.070954162385966
6.262785951053207
59.11862357118537
19.96088073096388
46.74383011834581
53.075186412661196
47.33734114186069
30.37133524712476
10.21631700609576
31.895100589149393
38.417811789245924
16.357213513706444
53.26946163937751
53.63244862061307
35.15187330202429
53.90884445816343
23.00432501920755
40.75410531781825
30.291588855551257
36.484473925634454
3.114788424560725
23.137572012457213
42.460691424439794
53.05999777542155
26.896749095684196
62.66317665886462
13.054390998437704
23.81249240331093
57.012823001501644
51.90429233526713
12.903948563083972
57.2505849011425
47.19850932517042
38.661636007225454
21.999879698943417
20.273508129273168
31.420310890099294
34.79055884227455
57.723523383724185
39.42249462294686
33.629230766775684
27.576126767457485
46.419471768943176
34.817597875571046
31.833703798074858
22.64401237457641
28.637048362515223
27.266683720284394
35.29880290582859
48.391191254836855
29.037946089254966
21.770362447256222
35.62007440320909
19.922833401042634
38.7561485345748
13.359775049156525
15.55335935606006
36.83483768760713
29.226470200588096
22.199955103984358
46.64406528667864
11.047693580936329
64.30338424704455
58.714823480985686
9.217929466815328
23.50736552312876
40.08258791165632
57.551091415586114
55.28393609215943
47.54869051338714
20.67861895588461
50.05449277570782
64.10718748676108
3.4205292584421727
41.18799096025
29.80082685530797
16.133416581612757
53.762689448489425
13.810641952118846
34.35288539896258
11.969991092143761
28.14655917406542
53.35385788830384
16.16047961042493
45.56518268689533
61.56313174963944
20.12754918631468
18.28856911124571
24.988522249496782
5.589081068412945
10.980945801182035
65.84041683399161
48.11781576565028
35.26322546270589
43.748255815593275
92.94341237132588
79.25383713472064
157.81906432341515
109.84294347677583
72.59216492172246
131.78172646447084
155.1693068982481
125.29020885427136
122.15114885731938
115.96411527807898
93.67117404057706
138.07159033746763
119.25543266198123
76.1752945625413
120.10839465473975
132.95002471435907
131.55850102144353
89.45045355025199
119.04619524960636
87.45489877720553
108.70991261922627
112.43565758244301
109.35837221359732
129.44106512002568
122.9062190712912
134.25441186996198
156.48703196723648
123.04216210220326
140.66153069134623
122.11342290558477
91.12743187429244
70.13021865468707
80.68829775014297
122.81841482087768
115.1771081368979
117.3115866410164
133.27782887889208
91.98882182168451
118.59629644613976
74.26273098525806
104.70774316844337
120.18798813602797
101.58409430048474
112.870264405205
158.08225029622807
115.51008558821061
89.36739046020546
114.48399957559589
119.21979898014047
138.36913133191075
106.02817550287052
96.21734961108385
70.01682985388607
80.29484819135295
132.68883358156177
118.79854353783682
157.52685622679058
150.71462463075852
99.36887121920779
93.46366085740581
155.44692800028722
95.84472269372193
109.20773320580582
128.79160162414502
91.99435494373479
126.79221719066484
106.22802645991787
79.63951735839305
118.78185166982712
107.00925775548541
150.21815279014385
92.6888505805957
81.89643945575698
85.4851249840873
95.78738179590653
85.60251699956939
122.06550269732888
75.67531518231011
141.42228880672022
143.16100064893817
105.53838144344958
100.80160217313711
89.9816225876462
143.86846348608756
130.69070713537823
148.8560239357257
85.39340918581951
129.81153422849437
136.34684332148035
131.19573532634817
145.35192085750776
130.9361876544099
137.43477258606035
73.05975173469315
114.90066059647904
149.0317784783287
89.54494999867947
86.9350021640067
134.8092619141624
77.23358858108341
88.96608145289497
76.97564723083951
106.10999786157345
126.60326828608433
69.3525340195438
114.51878112050588
96.56245900477043
133.4068389547552
130.66535469922366
74.74218309466366
69.18633724227277
112.90833266406861
88.43680189722137
158.66660431429426
129.36934128214153
72.3153756178493
130.05329726413152
121.00466809241831
143.92912884053368
151.96551844042142
117.47629965801035
157.9310537985626
76.11736370084824
75.40060141958153
116.40634790077108
143.32595591656758
107.56157516593832
73.64063888600624
103.65742193402903
143.56096918560812
148.4776245492692
77.35335644968283
91.40765508023676
132.42888836777263
98.21681008222146
74.02514648311612
100.77710556707797
106.56057598526021
145.44310074279963
132.84897982271394
78.28339847448343
99.7002908221456
158.88326947996782
78.01257664511309
118.33029512987447
142.08854607770382
121.83491288103151
88.77922159970149
124.54992197619325
141.47547108639424
90.75044914454264
80.53286980161499
143.0027126930575
111.72445298727462
93.39866048176239
76.56875786883795
107.03759276246524
132.6338876753103
121.2191526806719
91.2540483995331
94.34915415334565
144.22760818860436
139.59250576592717
88.49444501927148
127.13210153542002
91.38936606195303
78.95914287631106
158.79405497134778
107.36848706627426
143.22925518541356
93.33424492317005
92.5190065488
158.56238916233409
96.78672849377976
125.03661495819512
129.73910895774003
103.9454575203112
107.21397770213528
86.12222478765752
92.72260464751506
156.7818232644586
95.02015113642048
128.0528410115408
78.70175535419558
70.30936355554437
131.05695293550855
148.72683662441304
76.08581514962864
137.92752565351788
119.0937399967657
94.56507977703339
92.90457744037047
77.44202255992604
107.17114568306462
111.64273021265154
92.80050206139094
122.12033086724306
67.7665409833963
140.53928030539623
127.07896727217164
87.29935786804019
135.40242978829193
96.55907172146847
139.23397651636864
123.15935567701621
119.98071943914718
85.41190539755668
78.453419505124
148.2743133026179
117.35574714828327
110.45223825846928
136.79412465259801
145.44309656412426
132.77644542788642
130.5772117315323
124.79728806842067
78.28198750960152
76.95510576514852
131.75812626618873
107.81416032310301
114.2272802725104
125.0955684553464
123.51203843411132
144.540404084115
156.03410005849832
152.08138129534942
112.23644101371582
113.19921114314512
106.13257884020035
89.90633399440179
130.8282051667288
139.42411034514961
100.08888784215021
149.7056937924499
154.02949926326284
108.76483238186792
119.29497147939088
93.90849774512778
78.42529011977653
120.46582594337139
127.5406914083855
298.9135680447177
232.89156170135794
307.0755415323696
189.3020599473249
279.5063833276949
305.53528318712233
208.70303499974796
194.6108956730411
163.65924064040064
263.31531709880744
239.56733402236782
161.7527305514543
272.1533990211882
262.49723452183804
165.80926855143014
243.16746079202701
167.2027656262378
217.62619459251545
201.22056502597675
197.72969162611471
261.89170394276
178.40508846078447
300.99375122769436
274.9814677510933
316.06723784498047
227.01624907869453
246.80404198715536
239.66831730844095
272.24189937742204
243.6669657390778
292.8048907638099
297.0968167406006
285.4635337849694
281.00587499590324
275.29938935213477
210.9599522507715
276.4465090151917
225.57023055070323
172.9404772908383
205.50841530864182
212.92542065751076
195.47704151736716
244.32620031142483
268.0452350303651
193.7469267677352
197.7557814474888
211.4551328389346
193.94757754764635
273.7513526118635
172.9820437872733
239.48340007865448
255.69501177071115
267.28018810277257
230.00696274967152
196.08166750462993
241.46278276489684
315.88748427568004
298.1952734365676
258.2062193153968
245.1592450036416
256.0037208927253
264.7035858673925
212.92675936589646
251.38395274125295
297.9732673321986
197.94109291570703
245.86381186544753
266.1825891567161
170.65918529888648
162.12973520288745
227.5545034707415
187.7481021637866
316.35232521866743
212.8341294619713
240.86651283398356
276.6367271103816
236.05774581690326
270.64362303143474
162.80324350919966
217.95885407489635
252.8199121828394
241.72911489132446
296.6995899342333
218.60168008099654
235.95225664173293
218.3296195412317
202.87032652528123
303.45208847268214
242.22326368807614
233.40292048523906
297.43813314092995
310.3379531288576
167.93331163696521
282.99789154932625
246.44369127366326
216.19530021982487
299.56348303363404
188.51754995519192
243.46073644009704
275.47898788290337
212.76714592452404
189.99268405675343
267.4117528314531
195.33973475427135
175.19872991396437
235.46951248651672
260.54319838369696
229.69738338692895
208.48085917853948
211.81844079137596
298.5922036302771
300.7427401370271
277.3113138509284
193.832638280335
284.53284122106413
256.9860021986424
231.906743468828
162.7539910459
244.49582443840066
304.067189762986
248.0262501505931
288.2745511985937
308.45157804481374
245.36097026756434
242.17311879416442
288.7559001057769
204.46241472431157
166.53103400968794
214.81201873189224
227.4903818615688
240.8990228567298
252.36608648224566
297.26276224986276
218.85370398048087
214.91376478710794
285.379395665655
280.0944849382633
172.2416068786637
187.38298566857094
293.5228040179681
239.58072994551384
199.39421786470066
265.9368442844894
200.38821324789976
222.555635210794
282.68689051968175
205.25848990374396
252.9666916877852
181.3476857558467
308.6573700216789
258.78862857448394
253.93539116569207
213.3561998679098
280.634707598891
303.654299306906
229.82307451371267
228.85222277146116
216.61344627183152
272.7100955762088
258.45673813083306
202.5398463940647
230.81772180640317
240.6225285669287
235.59810068934607
317.87686924467425
259.7793849233676
239.93573064787824
189.85405108711075
277.67852958123154
279.96856527136407
290.44776206005355
189.65132570457962
245.4145456396432
243.3097389399397
241.4740611138962
185.33948029793248
217.72468348132483
210.25774928517882
187.88133571331127
192.3628405548292
285.42767592336406
185.74092399299704
248.27889420346617
217.18681456960636
196.5682060318612
166.52918268697667
297.57539864505725
273.2965115920416
286.75671493390547
203.5693815914324
200.14803340016385
308.88868111551955
189.08988874685917
176.84431623732686
271.1985095360368
309.6578302943458
299.7677518510093
304.1683079246581
195.9033544835043
297.4689862393803
226.74737842307343
317.01616466413816
216.9838470300976
284.9639261968195
280.13496001809807
315.4300444944789
295.6457844380273
255.0508631552823
241.15844038455836
261.85811596871235
277.1714472597731
195.71420851695387
267.9811177187345
214.72484365201421
206.41770394718532
243.83866319633705
282.7278766543901
203.62653865227446
311.3533570480198
196.60511595943552
254.12074826172793
302.0225709497392
167.81705182188557
268.36677513529764
173.52037960287015
257.48692042846534
307.35186127486304
195.7818723947177
297.2458634474609
266.6176485773189
201.9681655070762
244.33048797621495
222.1961176202109
310.1032862004267
277.7008050279525
276.0182030249356
229.77567130723293
311.9649516021217
263.2316958582142
264.0981639903318
204.28819354125358
63.0268361869333
83.52081166034718
70.18366238487123
65.78341145725001
101.68373693868125
68.47252538565324
106.07656029291785
58.97441594251693
46.86287081175542
20.955254177190007
26.020385286269928
111.57283632084531
73.29000563884446
101.96846776452024
15.589918382914142
41.57608745330087
26.53971064443777
28.724489180153512
79.56115046679584
57.51595129887614
65.66661448028111
102.2774243289674
82.55709549349872
107.74096064712639
104.61820754813274
95.13426157776729
12.533331740435258
111.22045195569018
40.90187048903644
22.540375731084943
22.439078835341476
32.60105286258626
87.37385027896428
91.89032973446933
85.69675160771075
94.8214720102097
47.636517935866515
40.54757642476626
52.503352179755105
78.74750222393553
89.26276497485638
112.36336150504404
32.48159256629083
93.63881267988396
58.2569317722057
70.92447786885253
89.45891427625796
11.393494959331626
104.62968586939398
65.06334516921778
35.596492492529364
52.53170984890519
61.3230055789057
91.73078376008064
11.981128051648845
77.24696049922615
27.816507113668465
13.078663388297876
50.027462421881715
96.63043919441479
74.20795966156334
115.6493573274782
62.54011642746966
15.504820608219859
79.96141838625508
99.8635823708943
97.27550016565391
62.64749704706658
60.91531754546773
7.870053783371681
66.5040996922111
47.64435989451593
73.29326450965156
100.20942683643958
105.94471057874091
26.712844804048956
76.40445615035095
119.2295981121324
57.1206380224295
56.320409515609406
38.397668866689216
57.5395606586372
69.31511001154526
55.447866266728155
76.28516984800989
68.21181453559446
36.126558588150786
65.68629852683064
78.96531770474328
3.6606680544600323
108.89511306127744
9.177694817936626
54.47692153328322
101.88956712017008
68.34215567219385
86.83315760110366
24.354594093171684
114.94023522920773
55.448100348882534
103.04118301198744
98.89097338856651
66.25194200512419
38.730372821834386
109.89231985907378
20.94101140694302
73.31739354138632
23.94392139830753
72.1679090843512
7.9009242631971475
23.741188189211
90.79499182385884
91.31807973136782
53.101343947356774
110.40870885204538
110.39900563169464
58.51920721658781
115.92340593075124
97.37364712306668
29.980048897700776
63.929062744417315
47.839872957616535
15.048867592864099
37.37581578194141
48.672998020692376
61.15032303793282
113.03139783554988
15.982813896561076
96.74006822143616
91.2844266154105
62.0178023648064
113.12486765339091
73.98408834906431
71.05644743115181
76.56906855488802
24.41022877082925
70.29438983045965
115.65536706198992
117.0967514950812
62.72899852205543
51.532350361759924
86.26189192955688
22.80181429810697
83.7933396912321
46.69407901037901
52.18854804424312
47.18501404515962
15.655054148588057
70.77404973791451
67.87299959798789
87.3157238052433
85.8917744151139
73.61098535847236
7.577699557938473
52.3432544259172
56.03358738732301
53.924387974140465
42.313425184672504
84.87516013093
50.87094646545275
59.50480665365033
99.48599533703629
71.58948039992721
38.922059114752386
77.1766444810336
86.65800015644558
51.25015073068816
36.98490644084468
119.18908811322584
110.41442226349429
31.524332741250266
13.540263465894242
100.33516328788147
27.743002004776564
75.49752677219223
83.01385362002335
100.241368283008
49.69730776714543
91.72908974750348
63.8263783824536
109.66108448284163
51.81084930757062
85.21890703380039
103.46461672540693
46.82554285523312
70.48156843668818
50.27953228465447
17.978817788627126
50.90572014575291
67.84338588184681
105.45443909597029
58.2356555721677
33.384010730366555
3.011039159498324
52.949645093063765
104.57130757921757
118.75590765691493
89.1215297857932
53.53418118254095
98.40029399431731
61.577177279318896
72.58686723846418
41.03088342144967
5.205977524278794
73.00933280122597
104.514667463385
28.067847013459073
67.84148219918023
14.026823575027088
40.979509360800876
81.17823730126605
48.950214478372544
107.81944391052434
81.3703314672464
38.13990919296354
55.19812232762295
44.95429928674268
84.27834514509871
56.45833411725497
99.62139299651207
101.49001391716985
80.61315620552585
52.786219922833446
120.0109011885877
58.72914862642372
82.23752343443786
66.92840213789256
36.57015888753146
69.72566656564649
97.34195565566328
73.61421864709942
118.11168039814022
116.94070446418147
108.87373505531218
26.913385250843312
86.81039632591411
68.5121236531495
34.046496797608704
31.00331332850316
47.1353311724911
31.271919825798058
31.861520671455338
12.167690463946926
50.502057107181066
119.40739375892272
102.03948427528712
61.84398730702002
24.783662561910276
67.6968347769733
117.6592089750413
18.179456037193106
85.83248399672324
84.0153028282847
66.61050427486103
63.556398160216006
48.1367587446765
19.82323563094515
75.43768509962095
66.2320274560529
115.81633456492526
60.39717895874902
89.91846983434202
57.152092777856666
69.0445167611219
71.48033069152436
71.75537018737673
37.85375775908186
60.65521464609348
105.52208256513961
28.69284463738377
87.06476018725061
66.2754748666475
8.73289918308646
54.47978163474991
82.85591863421624
54.802889102524674
24.2609647996384
11.088393532164012
21.231695389247037
73.66339125398753
110.59935797514345
54.99214426092902
105.37021170024312
97.77224210269802
15.856544120893105
67.19741833840905
115.73378019076829
35.38184319163052
7.981159993724127
36.0156915440609
91.01975095713031
113.22719742854021
97.69040607150104
94.73121908137662
49.34768254478452
115.42054604366837
103.55511569111536
80.16910838728828
99.0785494522459
56.27992905045997
88.65560112912067
99.8959546844115
27.51249062407561
98.63758007512078
115.58774975432401
5.688438504257618
35.09406058868757
52.727265647484735
74.58225929641429
89.14082067342912
88.5840430685692
20.2711894422578
12.466111577465696
75.37799749938146
51.9485620342726
71.68816186038062
15.418471174212215
101.85078251965194
111.75856882538434
48.22609528042076
78.87492035195197
70.02731452101307
19.151736501749255
118.14996130867013
37.74516631482388
50.11423334287855
24.512297113828403
33.35149843515327
39.218740993114764
8.46061379409332
50.70886567035933
74.44589291122763
17.020269665394885
28.846281409071494
51.854753309149714
3.3111925747453697
31.041569814454633
34.933700898174806
102.3138075500006
61.360743732693216
78.09206706454515
115.98648578752534
119.75867209002206
58.503344108034945
20.265699851369902
56.90649599774979
45.140941364387736
87.48906499401667
100.71464750084183
52.576067114933444
34.54731133780796
49.19848892508525
62.342054764545935
93.50912338720643
80.46901498010922
49.51217052715654
84.22942958441512
43.95208770676011
3.0351331887732087
50.815927038212436
22.130800795338864
26.178943991883095
32.014633832253885
73.0236397481013
53.74063515146109
62.188851441575125
30.477119930394565
20.39393569293418
19.226969036222208
27.43389132960914
24.506234953654854
89.46188071404288
62.5600215366322
96.81058973216776
22.79100717062049
12.498276959495392
93.41202869539765
48.12081160377587
34.977946760488706
56.8527280043248
32.178492863175116
71.14225662288075
114.88142608389145
78.1073182127518
80.78088134505703
37.284015932399996
76.9120676184074
17.36316168321396
37.52312739193695
100.63196922604118
10.065524060874395
59.908598376826475
9.015989670773294
11.974836938962348
74.74704745069288
108.90945772984702
77.78567894611143
50.9487845141734
65.07919979804525
6.865942779004179
78.26988074058335
59.456224199954846
61.993084097349666
52.39131340067129
31.729769813355414
85.64964538230808
99.82139484004297
38.15843189727382
11.325294428894075
29.446504621191274
92.73101253115252
58.394440749833
75.05071594402568
83.57869449159692
30.177004009270895
12.993693005453714
55.98097647946619
44.52347832776316
16.877386859479408
36.32201082180819
44.95149109195276
107.42668448904612
54.749227944228764
75.40667184208131
95.30015130472303
44.88049637651406
25.37083822433592
22.032561679734755
63.190513360530275
40.995209249050255
51.36971766018435
102.71795472591955
22.298313449300203
29.833066000612277
73.64343758253666
40.717360794254986
21.0470294555071
42.45653447029348
34.66323410972995
49.832945524859625
39.32602057175223
67.6579009546476
107.25618561848657
66.28199110350594
57.78370695541043
75.17989485569893
50.86810381672537
81.91050422277122
97.81728363201712
68.2346287191338
75.38225642404718
59.712843606228304
111.28585711306371
56.22676016193765
75.5279867674727
87.36035345634869
29.325215711223848
69.32103761742896
75.77253785584912
51.372871364828825
4.321255963496341
55.74231512617831
92.27891461781891
77.91038624562218
44.35900987193385
26.845435717362555
35.02671035391532
8.334864130479225
108.80108334872074
3.4682715462954548
70.42242467853376
11.387416327326143
114.72607537081038
46.71451887423146
77.33508774536212
94.02561603879317
25.65076171070894
34.50908082944271
82.87010710746645
12.673746959197004
108.88814733269457
108.59768471007544
18.55610582435652
110.54140441560855
26.580907733390596
82.30161420498361
117.37601478991019
58.945738662323166
37.950730689648864
46.48782109474976
19.493346562015375
45.54611547260468
105.99965322735093
97.28844366307278
34.15048031636974
81.6913257931465
5.952517793256952
67.53328405101071
114.96941579995008
34.19250376595038
87.45569434641803
63.63642917602576
50.63528007342287
32.834298358728134
21.363630368257255
27.143582689958045
64.22752495139633
73.11695341280623
120.46394413815142
32.01302775268613
98.29759336772537
69.91268704956981
67.1232250844182
102.0592604746821
75.70848019621721
15.551745692823026
110.99347739002818
96.27225162696462
83.4992642738209
72.24106262997161
30.519857627631396
41.57663115275703
36.58148868032997
15.975386158535748
79.48865054707403
85.32953076473929
98.28220651843128
107.25371175551967
56.36657300609356
86.90598876907559
73.73378573618467
26.571862192355347
67.95116079230344
30.875693107909196
82.6752286897326
120.01904349226285
15.92129188592046
101.86918123620472
32.226001741622774
34.89183813895806
75.48645840562199
13.77257269440355
54.516492881596584
116.08633033303548
27.90233906208872
50.672863035863394
73.46307961614673
55.37534786519051
71.03140018459199
24.549749330293935
25.327947910415098
59.2439412211049
44.15377475194363
42.72472298214411
84.28344005708543
9.513626447976463
76.0234356800276
72.99275973149726
89.86527096405176
31.061435231863907
33.09996055989165
14.629179052517145
58.65577443051166
32.033584551840626
66.52024013341384
88.33798791453188
64.2756323981056
109.63993950113118
73.77010208057813
45.51496661806567
41.266151003802335
57.839226028265614
34.82914646627022
43.57943903274524
76.65013686435853
10.70450537718893
18.52073661950508
80.74919360574957
12.31409340217651
78.38967758023587
105.32071425509989
9.340451628921073
99.97985069528359
57.42458647519412
56.10700138830511
32.75873308355675
10.737400579763808
50.852758499884246
22.013288938011286
42.71832000795908
115.29906996055048
48.07559450352205
11.190485877040139
89.31820881998934
81.29079766705762
103.91064113032752
95.78110712640873
42.320526241241296
107.10706379662224
113.84364184883354
52.01897306493386
100.85372299829729
105.00894986311522
31.927855370876777
37.08315363497186
67.80420920828102
43.89102813748411
53.7318336319733
52.19455729400545
70.18498869614348
65.40631745991651
108.88529159195465
51.49567540922355
63.03548632840354
67.54317679428254
77.4681333212124
72.86893583985712
78.09769793213984
77.41940640319756
90.71578011460028
28.212368864987496
57.63646629509469
99.7724338112584
36.874734424698104
17.598313379865417
47.15178159492733
12.37217312123591
50.47685980404462
78.32137412784937
22.005102529069156
19.033782482210455
11.600707923668644
102.14340202251313
45.42779419298167
104.79326362555301
50.452848236625684
49.605811080549636
75.8225502272956
94.42972622507986
92.93185100003677
72.63437704428863
76.29024229559516
120.52309701135884
23.611171803987574
83.85220726776132
73.05584509340943
80.62465430788023
92.11019882798618
15.733594343858229
69.89958463742906
110.48913707191716
90.80332731234517
40.88085371226369
16.384530321513516
71.67004946736063
29.257240748828323
92.04913986692654
97.33331740327694
119.13522513710791
31.012996902855733
95.4497867762593
32.26405741723789
65.1769046289589
21.887510490085
56.59615906648033
93.54960941874492
88.6139702252625
21.54000041709768
35.185727521742805
57.98429892532342
64.31502574552951
49.25463987494603
36.16520295597935
32.982862409046945
27.177598779722402
15.669022184798962
95.32850789877958
57.98434322991916
90.49639963168958
75.94975480920083
55.11505716113079
17.07446104639414
75.36631568704577
64.21729866397044
95.53796914302767
22.41648621863294
21.978687757263003
112.50139215376595
79.669817983592
40.62905049126928
53.124701275869825
21.890578141340264
88.01632033329219
90.02848876993971
33.2906038155058
49.29414993654876
75.66466563541589
109.25448464042688
114.20381353833281
24.632406404652713
72.45998824401104
37.99004420731096
64.92825666098275
70.97511754785147
41.0392885510485
18.638906360863032
43.75327285660055
65.26116848242741
90.38258791874662
76.95487080404219
82.91724723703476
83.25407161750505
79.08140990062871
90.09829764407613
14.911003439618177
38.66713516635173
77.43625673233399
57.65260787783185
24.935536463902196
5.827192086215064
114.0985139316038
9.973501505698785
93.62094910353039
25.234951046782186
78.52241835849844
101.72356846805494
22.894728346634743
31.67061959221429
38.05912455818546
75.99101863988173
75.51659264238135
97.30474262447743
74.67153080899271
97.75319901192245
9.236194537118408
58.06104513861692
30.46323163687688
10.090858899274608
24.51061434402895
51.009159785124425
62.94085191183732
34.15422470858839
12.783819697785674
98.25935158910468
35.98109904028755
99.2824553314483
102.88395736907853
98.92110524462123
70.21451116366256
23.02469313252142
93.95410816515077
39.581751659955586
99.78463879810053
75.12142869049819
30.28628034891824
57.35979053545171
17.346181552692357
32.929058235247105
27.589116084683532
99.5402521527837
23.63189358676496
3.742860114670613
83.87705996433334
38.13346692511269
41.378698221243525
117.45787030092694
58.30692197599498
23.8715850766258
76.34454119400138
44.12605400973855
71.19621555794669
47.24721698769801
75.05214104184903
88.42384967282466
43.30230163270579
90.47024729074293
17.604795327953532
19.818112777818612
59.535950711632
30.800335736553105
14.812176451512293
6.905267246848879
114.80226840380153
78.53143579976663
12.946123542064434
7.177268447019443
81.20112859582659
109.07873149237058
54.94364278138085
101.47369957125474
54.302731132342174
44.651688429214964
85.3762824426849
108.30515109043088
115.35958234527824
40.60927744661784
72.827002752931
116.88862661401748
60.503100954963486
20.751008441535234
36.71109748644061
30.001003827890315
17.797871134070824
88.10885097893774
48.32945306001799
100.01053571050826
82.4567225235897
55.403107603749596
105.88242943306679
66.90774503517358
81.68045502212033
93.17835064680466
65.74938667788517
48.08174376850728
118.54190666414954
40.25952619164398
67.53306833460425
5.09724412230338
117.19617311672755
9.43954695419987
71.76313595651607
78.34941905354191
105.41372151442098
74.75587736760211
84.7979072400073
111.29093894308113
49.99311691805791
61.477227263562746
84.29876469023685
34.75710456296164
33.02975018645614
36.15207801099872
12.593159737699409
94.09478879689948
80.7594399191579
90.12864120486216
72.79903856382617
16.317195668103942
48.48479763160819
10.438974441080028
31.96804227431459
31.63550974195311
27.655486239425606
63.274912453574025
39.11858943933795
94.20893970147281
36.67415617256137
62.85653119581209
16.361137363272306
59.29739522764695
60.327824549081754
37.66660715258473
27.924154966710987
77.9786955380283
56.024583652334194
111.07502298796791
94.46241208673055
86.75000657958184
73.82861461442573
86.2993256663794
42.98889190637267
45.967355173908516
105.27470276722042
16.5367611939307
85.22769510249438
110.56675028325479
53.86070892026331
47.8135169704219
56.88265660995018
74.59619886308963
92.32777531866947
36.57300847824352
86.28122094050319
86.20445885381446
5.2576720025379515
82.00580846198616
47.82465763314363
89.3220070258991
26.490268665305635
73.94895367963231
69.70154511878856
67.18236076149819
101.18109292111481
36.57083707479497
92.69099606006088
110.4060569072937
108.1685770317119
88.0331442916557
106.34038248705181
93.37008917613025
26.556416460371167
21.271317614682992
21.216610781767166
100.61846198143844
80.61816536898641
60.85275303038639
73.94135347007573
117.89347356570838
98.38503302459355
101.89210198252694
24.711073787682523
77.00825938501913
97.40744264445945
55.31396322834118
12.182582677031192
73.88343999252145
109.577765769433
92.82626035059705
117.79490650914579
93.21836578399541
110.35331462470634
95.17730655780514
91.49018514431627
47.474712241849886
68.66841038828099
105.96550556031278
71.20036111701357
29.411266404880124
29.35085540145947
12.500230043927047
19.74555852181384
26.999984260745684
5.221277851939185
42.16627599773305
113.78289085822783
111.54083902936631
7.040180613504376
52.39897217456809
90.06536676358988
47.88751414927495
110.05539405839207
19.013713716893854
60.72864244974646
32.46669085486592
80.56809142202124
100.96495564801646
14.455674253548949
114.65910801266793
46.576821497873354
105.81002656283422
29.021974185286957
17.22535955744781
62.66138141708483
50.456540019518116
48.77096112750192
48.83971384985482
42.756972482740956
66.39598218169321
48.28879822983415
52.69004655918645
72.0120614410389
70.63847709551254
23.818183090855577
99.15394194777828
17.350485686501813
18.45205986915915
81.81566175826131
83.58848275442166
80.46206699733611
47.88328202076921
93.25999839924734
107.42212786722308
78.75221354989458
11.462948334261434
72.9744922817603
116.01079782668651
57.50156178600419
42.78574389071001
79.98282570532072
47.2252871953653
104.54209744073214
89.32427977650278
47.56953829398813
15.07340876516308
53.03088889670306
74.22006731667966
58.28880820242439
24.962332777857107
112.49871400484456
45.68257937621844
21.847331478936916
7.464235118203568
61.10407130404472
41.43865854784789
18.594648634281086
45.67021869252042
59.68174070693314
13.457439187306946
83.50696960915174
9.825666947194918
34.74886600709017
64.59172208780832
103.55038029609217
5.291773978606997
7.788140010591867
28.729987003606276
16.88069719228519
90.47492760149163
95.68513169925936
40.57336811780378
63.03461861983953
78.0357693847195
81.1924485163724
76.88302902110946
115.72962072319046
103.00613944160698
85.18630885431105
50.3071110355407
57.484297792744876
89.4074516883191
49.91348408039259
80.29332521981479
92.71362643222608
56.53140942493813
101.19713711361146
58.27694070989929
47.408396457575726
14.811470499048362
68.82392153624956
27.760760042074132
29.898688074830652
89.1253801555419
81.29056234445117
13.987861800715635
11.479403269951469
79.50868034962441
70.33267455977429
36.915561135296215
109.31236359986698
36.41783568633339
18.830205847689747
15.52218113976896
36.698466968975296
113.56763567909374
97.05694075491854
81.96566985178731
100.08798646889443
83.2441390693677
77.59916132638423
81.91109907273531
108.68427918134901
110.02820546405727
103.62656828747492
102.04454121668019
12.90677951020853
91.8645921591209
101.08099619314288
98.36256973203322
79.83276690363934
93.70932464381121
43.61174479269885
84.76284359038374
65.79824908991283
104.05143941750546
9.148020729199459
59.22279842402387
95.66122303386425
35.29445588720296
43.900278061067894
82.69613856165509
36.07863743577083
113.43144514730523
36.85902675895782
47.32158401681216
22.34015317897068
96.76685354280458
43.046686453392056
47.91810150429932
29.710825336186197
55.15630182067491
82.38881256842
62.04251852631339
26.377112362174614
35.76902036039368
8.058366911846676
92.7670276884907
4.944227452446611
34.3450397376828
89.70707583362211
13.776231403916881
29.28290445199469
83.33016159960954
55.471533318772615
5.886205114970785
12.701261621864319
95.44590013192057
10.773921350163945
95.20468681303899
80.05098870309135
9.08926041763337
115.56064767253858
5.592520713326962
25.016842186738785
90.59976480372353
88.92134754445955
112.1321235704149
40.41780580480269
26.055214094244157
88.01881833636284
43.56828048130966
89.60187108093211
97.05896802291056
86.653945278683
35.88356562860638
86.89959219218626
95.37549947795665
33.33986894216997
78.75260635992234
69.50538422022551
13.39567027877829
32.507614382691784
32.528823565683865
62.46875999865938
42.42863433478385
6.12265002801162
46.603664808114935
42.6601823304173
38.32194807576007
48.15195775209065
75.34963664733955
81.71879709799595
78.5114211628688
34.32664213446228
77.62622465693595
51.98385118251244
14.520158687238563
72.96321383134509
50.81303487111887
42.78027486912553
30.783506252163786
119.11245888027779
89.88227840701055
115.39286446954526
63.15909787049646
31.289458439336297
112.14407328507113
91.82937840021584
39.332899166533906
26.347369434262177
105.90894260825343
117.37365538630672
57.97007501664012
94.88127095015184
33.17523816511428
35.072696318447306
108.86542352873545
36.10940784365001
44.75138571922261
100.1029823184703
99.39465240696077
12.139181029259987
72.76283736406279
34.195879481628786
4.028143791062476
31.437610522022887
92.88680902740303
53.84838925865517
58.314253935309964
62.156500355588776
173.3986581500233
201.23983099599974
224.7817436568484
186.46413381658527
131.12852029896038
163.26077233290573
169.74097894052983
171.5606525580411
177.69891301392488
146.36348199593135
172.9299978507408
163.2665687466359
171.62763558452224
124.6524472717492
176.69960575672562
158.24586333935943
142.37128517752438
122.77738562813364
178.2634494402044
152.90161870910333
183.70658057556258
183.4225188469335
158.76976181508383
131.62475302653175
159.48514383329905
188.95626505478356
178.03464149329707
186.50529665341992
176.57726257687358
130.36153179346357
178.12378409504518
199.3867189436656
229.48516694414386
137.73152635616833
133.91936268699428
188.75552320434406
172.10263979204078
208.87328862291065
210.23896438972966
202.90018868836523
135.53968073648633
189.2929817546758
171.49697414788713
219.19100428444028
151.62976403271801
150.19484554553955
179.66202658431658
134.00156945755282
171.42873018292957
182.74550577294787
131.00098786577823
159.88625092016233
198.2063318162822
169.87231859392583
151.62091990137014
220.82985224676958
158.2210858293106
153.68448170764418
227.2305207748737
151.80408205108688
211.07360797215733
174.062959528347
191.76847457721288
149.5596958332765
222.38522543664544
145.21694164881495
152.05213695615777
175.0058423625926
215.39355163878236
212.71963263456428
202.61046449403838
201.42211932396788
145.27634398527456
183.94505475543824
155.97311306067084
175.15706861841937
183.47119700472768
195.63703209533358
201.72032394811578
209.7033166177285
183.70799509970328
164.93268949636507
203.80839872213647
186.81570775939267
202.9810455176276
184.42930505179413
227.47121470968725
200.50264080584498
198.9210787032882
172.88048603097678
195.60235491066533
134.4013988549232
189.04953273825
219.07445593665744
140.23791940280495
212.91519556433954
214.4066279679524
141.28409596384267
123.02813126281376
188.86210347538162
214.48423614264237
202.09732730858255
198.4525366827021
157.19178175728035
154.40441689404236
191.36365398358657
176.1929443715503
177.102800017706
139.751382683285
163.3772678146932
200.44608555960315
180.15323701549383
204.68572645643326
153.45645867082737
204.5928011592631
160.53697521287526
127.86170392691734
125.28095391201308
214.9273424687385
140.43073423547477
144.96092386298366
183.87558322041184
221.84403690695478
213.55770397564973
155.9993502879738
192.37405968527702
160.84784597997353
174.34696158933866
168.70657991442837
195.04486853647754
158.63355745050976
183.7724185360811
147.68953239500271
178.95897159799216
174.87568779429628
181.34084279447384
188.63075293692245
146.67200184524896
150.0016406369953
171.49115226362971
197.57415548789382
124.87252302852079
160.69484123744772
190.83303406835566
132.3339406079693
199.64603838835745
129.75505867688355
183.74850317170205
179.66955737572346
184.150972949173
207.43752419961197
124.54961623061844
203.83076184209133
189.76612858450707
192.6322364601154
228.95466484072648
179.89886276305754
173.56109643401192
176.71850936518973
195.6564233561857
137.9865117492845
212.90981480605
136.2080200589703
145.28947698548086
200.76907209601296
162.66244226578604
162.4453323186504
136.41851706679464
184.0465978029477
123.66196416961262
121.17299379439103
190.28912088424383
147.84505713389126
220.09306029405852
206.09518142165774
153.35365888215105
201.861375130529
198.38870703742364
160.41941664284548
195.03458484310198
138.17301726236835
206.54424560881415
125.44594674537568
133.7372164719073
199.79734813593575
191.50075188289986
184.027804565074
204.83811528340948
170.96705590436318
159.65527623561695
229.26655431351583
149.34074144275036
185.17377784538084
128.71831760853178
226.0139752408511
218.21142380145497
165.9388671195073
196.25992256948288
155.69512530236506
200.45335060158772
219.56958112518305
145.89043231702288
214.2249512668044
160.45498801167344
149.28783260118982
192.35113936858005
157.46803662090898
160.61688337595697
146.23679649210433
186.86685685715912
210.87466213489535
192.7726831923254
201.3268025181028
220.52201660655942
151.72429368545818
128.44942114447178
215.5032324287717
155.54478784258183
183.61736530719548
168.78209531612572
142.94863927121992
188.1715509705785
172.94856920342144
158.03808329069034
128.29621122511884
133.4357245038275
189.1994735166486
148.71235878074958
183.5262292315267
202.50604349122392
150.74285373468115
186.53085224005935
185.95575695705327
148.62644460129553
211.58547789459385
148.35056289952055
178.1738475251432
207.05490353356055
220.74439488233799
151.08590281311325
134.7423426733605
198.50694632389894
167.83396737651324
181.2675453938185
205.71114087358785
185.71666714263768
208.56206964366132
190.43461643658227
194.1063856614428
184.05261642415235
161.9840158334768
171.04278796758757
204.54865988090597
172.7132461857646
174.55921756813396
202.99026953507004
187.32342882571197
150.9243615480232
163.61722894503342
165.51387903690548
137.87057325566224
139.6322693019428
173.53000536149585
121.26909455441705
183.38653181057705
225.16618443513693
187.5682389626549
121.96897544790264
203.3870258645793
197.91280492322477
227.7285149435309
181.4542006677538
153.2943731510478
189.402702603587
197.19437805568475
192.14707332566118
209.94197064840125
136.58455119068296
132.74714654035165
136.98495529799112
147.43685895963065
201.86076815356907
192.1776809016746
200.51596233865993
190.30058901720807
127.48021046570634
201.5712838389633
169.16455803060467
170.34514841032313
183.05879030244265
156.2186358494142
190.99726443214396
229.744675068353
205.00387482431535
155.9288197503454
121.25506982880988
122.88203375343866
124.23490139446496
226.22848612859974
178.3759204967783
160.82687035277743
188.65625133375596
148.3776427118681
196.5172589244092
163.97167396282038
176.69085272358407
164.45729292353997
178.03947935279774
171.45219835115753
208.93189071805338
147.0505465674002
157.79393499510056
165.39109144109636
152.50662047344994
201.00194781620056
153.58308121803643
163.82082347639243
146.0995202078284
201.07041598399223
197.77276540788594
199.2145253107451
126.8087756001138
178.34865392350954
151.69748526696898
219.2868715419322
123.575558041557
142.05059784833037
134.499111257649
227.45194968865917
205.55890663459004
226.12989646110395
204.6273950580018
186.3983808580799
149.42407277804105
202.11564104707543
207.38440745107462
166.81283443110394
136.78439827143006
194.10529379240296
188.37382792989683
175.32219949380496
171.81345723312427
121.36332811914298
129.36671193956943
145.88459775283164
128.07177132988457
163.6851429213675
202.63091753508672
171.16679983988232
146.39447510754133
163.12109331760192
198.2453860295062
166.97630401374008
144.8956253513477
177.66595868939507
187.22992904271192
154.55386321079828
213.9966985945437
174.30945643440143
203.4196205496811
169.32115455105568
159.55126524716127
225.83751759450058
155.1209979191472
152.99721063054753
132.1137291351547
222.57598600891487
146.05498388324648
227.376383185069
200.66957344699648
191.4887822408288
142.54479719735644
126.85567566816258
171.4804637800461
146.14312515333438
195.35420903714817
156.87336910870195
161.41132062538452
143.8841735011477
122.66669159541365
192.56481708828952
208.17955002795088
140.60995912736854
215.546895467
141.19448580324993
122.57103832549552
152.39874683852867
163.3578020212635
199.4747649820993
143.48911153049025
155.79084830641136
225.16177263466517
163.34472198403301
122.0722696788206
190.80003989566424
189.075652197336
148.29768897613357
207.38921766260657
182.47401125766032
183.52166941646982
194.30355181037672
215.98909904141146
148.19985670001276
136.57670359454323
137.04861291745465
229.2647605383396
171.42411448744645
166.83354467993328
164.6757856829286
125.65638719377696
218.7744563715016
216.57921177791584
194.13351421989768
175.516179078035
123.0301019899279
196.1325481958802
123.31155678520783
221.90118627608194
158.6954407620469
132.62714875533703
222.5936306919443
161.91508971766444
152.66425933423184
137.6638858298845
121.75682007952527
128.37085193911835
160.79359535823266
206.06626681978378
168.68718553223565
202.1619332150709
138.62469602374594
147.08267116536442
201.51263760343596
207.07338626566366
197.30667874168088
184.67347961145987
175.0220691832263
176.48181660396492
170.30680647789444
221.66425457516726
170.31129258027497
185.33929229215062
140.10857163505358
180.26046816322807
160.20597368697233
183.08263129791882
164.0026826705025
194.899352255388
159.36408902261746
181.95756390070542
223.79790407194616
127.30469206774626
121.93099180263448
163.95638925094886
141.5499497519415
128.33300062291391
224.85784562306077
168.71967768359508
161.1031246356147
128.48014107129848
167.24291336012382
153.08015740799493
172.32724517917546
207.3195610472621
174.0352870929512
186.16847258299956
190.15606125251955
156.06944864602147
209.62067887098488
152.32325898226532
141.40391540540878
204.2466418496224
183.8397064393942
168.71399455870718
177.3332781323639
155.25944040913566
137.09705543460652
219.456038043521
228.91716217459506
160.36720514550044
130.19601251182254
199.19219928005498
207.65981407235776
151.42555981410032
123.88961515231031
209.7514948413549
225.31222026791394
200.71417189700227
143.43396960935368
161.45469914915049
165.55979768116907
168.85824882688183
215.0962641769791
212.36914436728816
206.28464056450815
129.9340695896281
129.84747705697617
210.21684271819657
148.82777231606048
190.01125742954767
121.1080460355819
224.9653224238517
215.64741347964502
177.411981610357
187.3459081964975
137.91714560675933
151.0638690451597
200.10773322573658
159.4474085441621
129.08803143349226
163.17593515233676
146.22588992831783
122.09747882603494
203.90921879440776
156.29715643396946
223.4548407303951
186.38634862464298
185.15814193755546
132.5181271544693
222.28499331174916
147.47216538920725
212.7870390444744
191.10759401309832
129.23244843807066
205.51541758811774
139.4700379572848
226.92246020784356
172.88446301612268
219.43545095428627
167.76021427459582
132.39880949908468
196.2922632473044
141.55835248020978
131.32558930269334
124.69914843618265
209.97194172540065
127.84425788127677
209.60266714520716
154.5841850143389
189.098355121126
189.97203271439656
166.32163502256097
155.84081305229623
189.21865176257467
175.8671397465291
183.96734486837624
142.29470023547492
152.52973510904155
132.82401003195187
148.36911719460164
169.0548112575365
187.23805235815186
159.84536140095548
148.48983752410462
210.34537248586668
183.31858606757459
126.09633465758334
212.10430390300561
180.73133682708362
220.69308575758265
134.21409375011848
188.75709678894614
141.02339045959567
186.8278274403205
124.3959438024838
186.94144583102357
178.66988643146965
136.93790147036643
193.79876518052288
185.07191920077761
141.3417058537611
224.64267254562026
153.07288245293074
195.44030681783
229.7274920856544
204.71649300452395
137.4890437826753
170.01742876803112
187.25764624148837
277.92041536441036
323.3398332851878
297.47827886810273
305.58256068636143
259.3363017115652
247.4916816211036
306.17906798250067
296.36139578376543
235.8353497767352
291.94700985250614
327.2136461826991
275.94192363463776
279.7310589791959
295.5201541132061
320.10574617400096
288.2314087287896
278.40206392716163
291.9468816481384
262.59930613269563
287.69576395345877
283.0631901458508
318.29596468929867
274.7165479818842
277.5201413953502
307.3653803888315
233.66340676712872
277.19419557941006
309.7369732378814
316.52751609026694
247.43173065285342
288.9618071812094
288.4758410659212
308.40749167478185
297.617965180471
273.3064610596652
259.6070610786816
305.7743977808437
284.1671369415343
304.7726415955425
286.54489907062816
321.28937006521716
286.3414042907411
250.95628082168966
263.63086397474603
306.826294789237
258.15659528286056
293.3073514022646
311.22527878252225
313.7015008101086
246.26121574719843
275.8704984342098
303.6005573359955
277.8307462116894
250.1491454733269
266.33701739583364
275.617113100721
298.30334420211864
279.3274601474033
274.6490082180255
269.82936077618615
243.76945816652133
242.8741750080329
245.79448532511867
300.8788193353975
309.4622096114144
291.94021084033193
269.10755405974066
313.56894129485846
266.5999452497597
303.29288840932304
245.95030039093788
259.4890332195474
288.8460210770089
295.2114211761767
303.0081168846139
280.96750770829544
282.658131350085
281.9339128141191
261.6935908114956
241.47533929375
237.7383716712757
284.58693615883976
275.1203599955506
317.06558012565
277.97594355546215
292.2608038884397
296.0907668002982
311.2005598576546
306.7001050409488
238.13697243621147
243.48798691964333
291.3770748492314
283.1093036491699
301.6368678960482
301.17016466517543
236.6931759194473
311.6328191608095
311.0331653601533
318.569644700277
310.05057572922226
239.1089921789121
239.7460322256162
297.30675474735557
321.5733344410009
317.9857309878359
308.8018720517699
271.8731754800138
317.29744575183236
300.5247036125188
285.36579631860144
286.95415518156784
317.75635018987515
258.81496106302785
275.63510071488565
269.05192758873187
269.6788098499115
287.6117334075476
328.2205434868221
294.097254803265
248.6425453992977
307.8254719263237
302.1562619768855
295.5891013764109
245.8813363979155
298.08078911619265
284.10662607427344
260.52445704493556
273.0720350154905
286.19795914442074
276.9067357405334
278.230625660285
276.51315145896456
245.2057573085354
256.36760421250204
253.51820771163966
310.98618323322455
308.18633421246386
306.48516308549324
267.9393150002134
262.1401802500987
232.28482134499524
257.8920948143747
278.8556084382263
319.74546070828217
259.07791159695955
270.9256550999484
278.60130228232646
278.2123915354866
282.0567713305956
305.9425343476646
240.48125038783832
320.78307358938866
317.35795673042065
311.82385612086165
298.31909358484427
277.76232529969
268.5446898446062
231.70886639266658
238.46214324330893
300.3836177577203
263.00567095202774
244.336290220758
316.9645050440034
326.50130071873934
285.3521386316684
261.3956153926571
287.0880913888207
327.9956324432327
250.79608237637217
297.3839990704398
275.10636676018623
312.72814337822734
268.9704575272101
322.7981692637118
299.17624911306393
301.2659962094191
308.41687150539406
243.1082649233902
285.49145620516055
259.06889931580895
323.3791829399256
268.3094125171772
252.50463105453468
293.1450970165747
253.54640610834167
323.97251991070965
248.87209078638585
288.62766403619975
329.3505558065722
305.02787986042244
283.48397908320885
277.4797752347418
248.97392989696104
232.72838466121183
287.05735835688085
316.9375619272337
328.07755186234056
233.13317330695116
322.22370600110236
246.53985833148866
283.47749406215814
262.5963846388514
324.3727333594462
280.20735965831324
287.55382668668585
306.5863914201015
275.28389438825747
313.90862875464506
304.58628654286804
281.57688283939746
255.6530275211619
283.31932901563596
263.5437877589675
329.6676657084445
301.55193542696753
247.79768344196148
305.3274107474229
318.94294993383636
281.2999538057399
257.668017562821
263.82429741686093
294.33268280016273
263.8698682448362
305.6673367765169
249.46073481785788
278.3567279488308
257.3330561554846
306.8794218134426
285.6692616752791
286.1319725676328
234.95413543446983
232.4891109125272
236.952238431697
235.6955913873382
279.93976450422895
317.57012458379245
281.4834747549416
299.8945749327568
313.8442987479321
261.34277727690227
295.15496122929494
316.08491675261706
253.69161087780486
328.17607458092795
256.8606642467441
319.67292117092546
324.59107292432714
279.99734897627343
250.81054532837044
294.4529477213463
286.13074075259914
306.2821441222376
247.9668080238284
295.9486952650105
295.65235711434997
315.5166407605307
256.397772686979
280.83868835750314
252.77882226385833
278.5896260692495
263.82722161236666
259.5228954421021
325.5548889774181
259.96896715032284
287.02720622914666
259.1506562930437
260.1214115979429
252.31347217377237
289.9595252898815
250.07531309063197
260.4588395474382
307.4274711293554
297.23126563697605
304.74826124489505
248.02359539222033
270.3470679964652
236.0487076817133
304.74242265280634
314.33016976014574
276.4864588054289
286.88393356032464
247.18120845064664
262.55596049636256
271.23400907220866
238.06952483305804
303.84471598305413
291.09635535009653
265.48321029126913
235.7161594737403
270.88693293824036
268.7359309845428
250.81823530803618
234.9485256343762
309.95626926475654
263.6372011440554
301.40265080360456
255.9197152565235
283.1467568356885
315.1531548645313
273.28945157768004
287.9137775970554
254.0372346961475
257.5338470320467
268.7080647725195
294.71662761670797
252.36189001460443
261.3871696715194
230.67367618292644
267.8776418561521
290.36912402717775
276.9190772698591
313.5109622420877
285.159808674913
295.27740390730037
254.49393647200085
270.3039297784989
317.8030274862705
289.3635567688842
295.441617419235
309.57063491941955
248.54412051051375
271.11113565632473
274.522661202212
287.0406758969023
320.92820410597875
245.65965785752138
296.520699304605
268.4813033848091
284.4850410362371
263.94125331746005
299.2051009846931
264.46310214342606
277.5259829922074
253.0049322785424
317.59853159175344
249.86309298260653
283.0272940043539
278.55315386269115
247.46097588769766
278.7960933489463
287.79280040121654
257.342190351469
261.81591011061516
242.92054241559273
327.13332382929946
297.76003372610376
242.93379298120328
312.2858215596419
328.1205435444112
326.341512568061
230.5765315088265
274.5231586993176
283.3560225328088
267.6172356937431
285.5264343306891
267.9437493060785
322.587735707056
288.42731128841825
254.34067150680036
264.9361604373331
274.37975000938616
303.38337911095397
323.2343609628902
257.18296952958764
293.08006861582174
286.794915221725
239.21844764996817
232.96965316124968
309.766799331904
328.87698283929683
263.58460541172724
268.13600810844395
290.4409858736552
265.9481008122076
249.82722755861943
306.16164839260716
274.8506587594528
281.581372157765
279.00556267131645
322.06165939817646
313.66048541210756
230.91649304461205
243.62056077879285
262.2261813073206
241.11436803510492
288.997937744747
303.4622177219775
326.04969879479677
250.6452835551394
278.3449670387431
317.03358635130945
257.13527538658565
276.48346273884414
294.63392462300953
275.64626900262124
273.56913352896316
299.7672872576698
309.84129765760696
234.6522027504788
280.1816822773069
316.7369502613134
232.73161213692214
277.4951795189905
286.1190409627346
238.57516086825177
238.23402882688663
302.8439685655546
257.00316381935534
293.48508972516527
232.39502662849077
289.03731825527836
280.8201163517051
238.67617525381817
264.92421334811263
262.99206446018866
244.46220565307112
306.7623411167835
308.16576901163677
296.0088051120736
311.29580990174566
230.7401479833435
247.05632872517242
313.6637484348116
263.0594513859902
304.05222842871336
301.86016779118415
275.05823787368274
326.7135826520266
237.75434073657334
267.9485787282098
260.72084092228766
241.59081390496993
273.32621116204103
300.18758788404307
274.499880974806
315.64263644213935
271.456590073329
247.53777043460366
245.19029503568302
272.20167253742466
236.51440511713264
286.41431962527446
296.3085414677609
237.47051322215117
249.95103325061848
284.42610461994235
308.0322561644597
246.29867454367798
317.33996179879273
318.17156984775966
230.90060950227468
256.8637321061547
268.48333014098097
279.7130607027305
310.91489030381194
237.19144274970242
319.94701969960107
309.5071676115138
303.8774926700929
289.6426795462937
314.7965007791776
289.8887124888938
256.4162706410158
312.09755926449304
329.02080212145233
238.69514461592297
286.44768369717525
264.0731898652268
238.8232325128529
330.9052116978117
248.28315558781566
270.18485142745993
264.45967437979203
262.07434016110557
328.7654049814091
235.4448453442202
241.24274430563815
254.20657717021345
255.80644164190556
276.83214312779955
234.6482936679286
326.4200348263384
257.9488478133686
315.1494982776927
283.4747085436384
300.3328333639315
255.58929862366836
261.39579448883944
310.024625310155
305.14757136613514
313.526898574739
230.82999711003208
291.4191719281663
290.57768028519746
299.45268899726125
324.40081511563744
253.81706092947175
298.83440985402945
306.85088631855643
306.345811337279
257.682247170158
269.56834535208964
270.37883708111303
285.84289046333845
291.95102472316466
279.03204896767085
231.47894914294903
293.8939887636159
316.46115572072665
305.3127393088136
267.29598906589615
261.71879437356614
248.9396946939868
255.0442761115717
329.7502197590905
259.87356515378394
291.7886675251208
265.6298972830902
252.13124445104182
274.49158310089393
247.033158500213
270.43195931541595
255.9272264636737
273.77319112119756
264.93434765089495
233.02676659996405
286.68869271869033
278.8769753063158
278.6264008947232
236.8916659701258
317.01914511590337
247.36523830813672
289.35013389279436
304.2293313319989
267.19013859972455
295.48906732338975
284.415296778852
285.4065067307959
302.15509761276695
330.87724701693696
232.45303109378125
275.25807652743094
296.7158638497979
252.5349595485387
242.67188639171167
299.76105094178496
283.7520237479208
297.53322052497646
262.60870600525544
303.3617713572101
300.87332006490067
277.47272940658456
311.9916166229747
247.39134539268093
304.1445443367231
315.17609400584877
295.77692038941626
272.328841065864
261.79966665864504
283.8094693019285
299.5910763902719
254.8044928785339
272.36802786060014
261.54220927175413
277.5235214548154
288.9056799833176
325.26194297003786
236.17072261024526
277.27765350306953
234.3550762501744
310.18664210416426
301.41419255441804
303.5245542283618
283.7103069831143
294.20495337654717
286.79818792230304
298.1202697716948
286.776209690602
278.88414930477654
