20.457461209880243
63.806341688652246
37.616887252648546
57.16774852853169
24.855745784092814
0.39571518683289497
69.73098985180307
18.269036911980685
11.705238214194328
48.60197307537347
22.23692044518906
46.75808478061119
30.43558571115532
22.53475459861812
18.47751712628728
32.74898038433368
69.31730620564545
64.51383345634162
32.40695160304749
5.95699323719241
46.29631470578464
0.4102673737509974
41.63053383589487
50.11622881052389
58.47829712165669
50.08407407801751
32.00102577714669
47.569328112847366
32.7603136786686
12.430100425932928
25.52711343159445
0.9137629487621766
45.289757292836
13.90294675785836
30.00176015568689
37.667382696336034
8.445722598937152
9.467059206568763
21.32473674732363
67.7761521900668
25.518101845097938
6.56612084793656
22.365370443215205
44.58164350361042
24.25536476540326
48.35062089389663
50.03271440185381
28.389392500492338
34.94066497980802
44.415554621296565
51.43832639414823
16.849652456664494
32.80572033160679
66.74706021163394
24.86474023154678
61.46704689406158
1.0258704977281425
43.62919629162437
34.36452492226231
18.29216636491223
41.02707081168493
40.14477946751209
11.374695424841534
52.83086818813951
39.3223025044778
58.69413777405278
10.97943388270776
51.43179166126003
47.263066163588114
25.33046049542567
2.8822988533071197
11.854525757413978
40.7700833781822
70.98555655066207
26.474859882368907
25.89491224871734
29.457257517365527
66.99639283403883
13.284343591279416
41.74434610571409
61.30037885063581
35.03746934770564
61.89350788050608
19.350529849467232
43.16814669238674
56.09094563024334
32.00584516008196
63.38269034665507
57.35400698488388
7.886679704188133
9.369271072478103
50.574996054028446
32.12635811017904
11.334680890564194
62.16413011142835
20.844173352597235
12.67272923450945
41.524548060004754
59.81743891605076
1.8263513965878246
31.20879455495247
45.98215322263016
65.35213180952962
6.270360211515602
37.95668842471003
30.325551797703426
41.83516206804715
126.48368528985164
94.51265349135043
96.26105327471736
158.97466867167353
138.30725297195022
164.55937110488614
167.30640816125901
138.5253226177975
145.32899645113665
104.13609699980421
72.50983482299785
130.28384372672977
102.46974201954416
99.84135612232987
130.5238354710907
111.68322957497477
143.43805318776845
121.48777171931366
96.11693685075278
111.75149236741638
159.9712904694373
139.13405536972078
93.78628093041358
130.0518898952572
122.85834325948555
103.6145740371903
84.92835170423731
100.06262303971127
148.73284198807676
100.69315104896711
98.60423279849888
147.30167526133005
122.94139754830283
162.68638327086416
73.17276594736144
136.08678685717499
142.2876844216783
113.37585534108237
105.34023032378681
141.76768255565722
146.21168429908295
146.11479673011988
127.93730097433303
120.55866782169785
83.9912330212208
99.27616824863922
170.21669535430618
105.0256253300857
141.21274327845413
74.85946814934181
172.44336183254958
115.40366354039071
136.97247273469506
104.20559944980337
106.02753526577361
97.55655975742417
88.38847531078775
84.07209288814859
164.8064179693811
83.29538093486906
123.91065428777553
158.3705994137651
157.6409790055874
93.79984617126686
74.80289346740685
169.79600592108926
94.27257453664592
102.07331959034559
114.09879259532954
94.33469535990031
110.32674603818592
71.92899066519571
91.64142048037667
99.65039379964071
81.4627620483692
88.29333325264821
135.68485632476333
76.20347142022376
110.56045010423024
87.07202020410764
164.49033012087278
140.6715523384765
144.6601477439667
165.90688484563424
169.03930763260342
118.39955046818969
152.38679537587143
136.03893877819786
100.69374532029849
165.69005102127818
167.35486831960557
99.58297468212963
74.74576845350975
127.29279141592272
167.80615314575692
124.04628793705646
104.48444107581903
117.30108814114207
123.27222667660563
81.5333274514776
124.66980851348389
122.01673507950157
143.81562485683912
77.68521933356901
74.93907644889222
108.06647134045573
158.84719876870784
148.58066853741883
136.97500802242945
83.82851770453985
148.5756426508633
167.91013542431708
133.2633894753028
102.29957752767199
139.81564258075431
151.74125119521295
104.22339238869621
164.97957386816245
157.6062985351531
172.2972134180611
93.96067918299401
107.10618152343022
117.89115719775603
86.75452454552848
151.64442034678555
131.63663127962255
152.1690339632178
172.67746971640105
94.08665234597049
74.12500731827366
120.54096154370242
155.3866736466168
150.62894709287576
105.48326394417197
121.82885640001501
165.13074303647272
71.93254108209142
89.27689914211466
116.42711320832352
159.30427148555714
100.19059698477037
120.0047352246073
114.90974278141238
72.86269164276271
152.30817613583352
71.02855494134022
142.04413896830863
108.48872914216903
99.93815541893343
93.46183072219807
143.932353275202
155.65604352822803
73.44036440564184
169.74513433569555
152.62363394875314
88.3923674626413
110.16273426259171
104.68151491569931
165.0695843208985
166.71657710185892
136.63084630525748
113.65794794436515
71.47425436720297
99.45512201239515
109.12463347094904
91.92108738681061
146.04031016639772
110.74938617456694
124.67696883463405
103.78476189938988
170.0282469732411
142.4159577426856
135.7400251163188
73.17096823094401
143.80101904828595
129.35022951341088
151.6599800422084
112.44411603198759
82.999063432313
85.98495465404488
111.18298895430891
100.10892652310321
119.63600272260713
162.0029391041318
115.83451762677524
109.20253659017587
89.52877468053121
115.82071184500325
142.94004459818308
156.14255228715047
163.74503853382222
80.2559163515219
110.90678807917548
104.73627124126824
93.34859478466211
125.7630663152425
135.73212861789597
137.45281601619425
140.24468034238814
136.22701654432507
139.06146689146735
77.82547863202325
128.84504108063376
89.70940855007618
71.26140053368877
109.5617100655949
169.09911907354407
111.76764029496807
81.1690257575296
131.4555282467591
125.72110246637075
141.9481951987272
143.52387428994714
79.70929350038793
145.7165178033107
74.68038120584927
85.18631463775768
100.73061536507355
124.98610683771476
90.97857477403038
108.05609470132114
143.23770144907795
138.5477175547149
114.02124500138206
165.91564377438127
154.12589650983472
134.2038534760842
95.6945417477919
144.94922224564192
133.37221230332796
146.713238075025
131.83522606047447
168.48214871235194
71.8910605938502
135.38228615435858
103.75758151598258
95.05720755149396
105.2895082935606
104.31640862995971
112.13428564845056
113.82418127012696
101.68489069640066
82.4299773769012
165.8178455065209
131.19360343276566
76.65657053910806
134.8859197079104
86.83605357509558
148.96752771337407
94.420969288079
145.00300253534124
161.80515559050232
146.49314403212767
104.02626345902277
107.64096986514124
132.19680139990672
169.70239905100604
74.1643292423593
144.1035462280134
145.83310163855376
127.35001371697903
79.87382382588822
96.67763028974166
82.80936373000668
148.93131251404887
127.9307956367559
153.67815618873232
148.3204611202831
162.25131577928408
140.1553254245695
84.69998005532435
80.65542426549763
126.2474301974223
87.35583998729385
77.69250770636049
93.07239781368563
91.98614307360644
95.85621475096636
167.374488412834
136.43387349174557
134.50581632735052
83.68401668300102
166.2774890092642
111.50039319156818
129.70054688134064
98.70986466168556
104.30736372965673
92.83563915974081
164.1828915776671
86.33838203549877
91.9793914760198
113.08563096795669
150.4094622507775
137.2137738159915
135.7269330879124
111.32780898079865
105.2968074153264
107.69649425365076
116.79840673661957
96.87033812617409
124.78771776751591
104.17742151224158
130.5309495756304
93.6061390679438
90.44118461979207
115.44613057516294
127.01792304837916
167.29072716231565
106.28440308699271
79.17716785195316
145.80517689802656
114.46535688409618
124.31323564937584
143.44626814269208
122.28820419451472
75.80401404503353
93.59998401320883
168.878883873042
113.7536544675474
128.26286248351616
74.80798296317613
96.65455655313256
98.71795681387846
117.37659764049872
89.01954506380966
143.09077203009207
99.22162554785075
108.90622356140364
147.09148145729014
122.08668156531903
115.39404515077905
151.2442426352111
80.73205957651092
137.96409825010545
103.25064192828751
133.6999822097284
172.8033002984881
107.94569857782848
170.76521202036113
156.37167072285274
101.70278854756282
107.25865658774822
111.10265883828991
157.7296736925699
100.16358966138932
116.29697044047745
73.35890200207663
84.89394600733038
154.6974785980598
140.65815338982515
144.49095320711905
119.50580535119038
94.78650750137797
127.27492859443105
140.46508200143944
112.97581282644191
80.96234060748772
146.31116116335616
71.24062862579996
139.21639787391769
172.1256452749887
115.32780731510094
108.00380899445983
129.2962760979283
111.73241763921062
124.88824785123607
149.82869521070694
112.62548839042107
96.80849157446725
107.42839971165944
122.30146115025148
100.48705491779609
103.07169715253374
129.08115614169213
121.37664384059975
147.7373514406678
157.84519183764564
95.40589554602171
79.30112245363395
99.13220830954927
161.35904153276698
132.2456687007295
72.67415914031908
71.24526449969142
114.99447839230821
81.71238321737717
171.7176233358414
85.4024336650726
164.45973805523408
131.3903817192166
156.57850640171102
76.5978447793746
98.04511400437137
99.19890018868574
134.7577807266964
142.47015262565426
95.48698954843172
76.60231644654007
97.98637120364991
156.612912142021
153.2778177543443
92.19414735952564
89.60800031015448
105.88982562745215
169.62991814157806
117.66311040145058
110.6604636131784
171.85904329094865
90.53368640980528
90.23497876738502
145.02015275727442
92.39929384154516
90.82076519226918
102.0978786140353
111.65573776690653
137.9346319376158
170.49180380456096
75.1641160759691
156.29049618885105
95.52497713035989
144.36859515046274
151.0970922453655
163.98766626092393
81.42441322785407
164.01492362183058
120.27280322381627
118.84008385825163
124.83742879135328
146.68161004894745
114.60124077988333
130.72909921817103
154.655678168938
113.235547555016
77.12554506081467
86.71038014447277
81.2187346076564
129.16316636807187
143.79548766769423
122.65571558167542
149.52218672157537
79.30333524319121
83.0641959049286
142.4798186205555
77.40662435347764
168.23858068355045
126.38360213436869
72.65770742736979
115.40956327955351
128.29389969450358
106.61084526721538
107.09655562520997
129.90644905651837
118.87525265858251
102.99856096869388
75.8977075185073
126.70015850266974
136.03217805115605
124.43225330261379
82.34488275878098
108.49339766469433
93.92295957745385
106.91931984001269
136.41431184030478
74.93173963215418
168.4735197071754
143.44095046382927
115.38357425962559
155.4848195622426
84.95710640826033
101.42439954762409
147.48778512306382
100.52886399197561
79.76114893224732
73.30138372337206
109.36946778794199
103.56336662999331
144.4375625650645
100.85470896385151
98.01295495871368
104.88888562303936
151.43899517187177
100.21570267532914
165.26220416217888
110.53227635774162
145.13938844372646
170.76610959416215
135.98008733502024
99.61220821491322
171.02891765319137
125.17444800069856
82.56309801159762
100.6196250108675
118.51904345253789
125.61654709451975
83.73562084382436
101.35987195150565
138.0845208652852
126.16422195944072
76.47403449802947
116.79795391017004
152.22628275541894
121.67207751722412
73.47551271905425
111.91094114401814
150.75312744495122
81.14627627709058
116.30751883172753
141.63124484364798
83.07278345332246
90.36184979985907
115.8300966086134
131.71040233486636
73.36566812791844
124.14252768825742
89.41786127100568
149.99209322916292
120.18900125553424
82.67169427868419
110.97788119179346
161.88915439798768
143.56326802095506
75.23628772467163
117.81035778092698
158.29450080255975
102.29801272839113
136.90422707256013
163.08863741772865
156.15554919526267
106.0332950653618
145.31183890010698
140.56561352675368
90.11976110320266
98.72306942890245
127.98951388399392
148.91268605573538
143.1785768026373
71.77259017735024
114.55674723438315
168.25051443927248
93.18098683754933
151.26472791677807
106.42418370057507
99.46144483208619
141.88619397254627
89.75560334531806
126.73352915429234
155.34417412470356
126.41707398405826
143.9239313073981
128.03720761708598
117.36374658349897
82.14531204615074
111.4019970373855
101.3851177967313
104.9571823303678
170.00842535748805
146.1046965055345
166.8350973472274
144.51700818793154
87.17669093979796
164.3419675893929
152.4008656013244
131.48469619775602
102.0636870287409
93.00020212558178
129.67088374527032
75.27288343302014
142.86704886627797
103.5733404868209
170.76381066667005
74.59992313090578
144.8607607328878
109.60759522409596
127.64597368458074
115.59079252006121
137.9895612047737
135.47877855589277
127.24059235989668
167.7670114072537
100.7782242470327
151.98018394155065
125.17317296662365
154.56595498667193
125.14875001742209
77.04566560348081
108.31264423216524
136.6412004601601
93.54185552161968
141.95675409224089
81.72826856487487
159.39621241441006
145.55352820547657
134.40883750701101
84.08777117063255
142.8265073986018
83.35707708022935
129.63226310316463
131.23353066713176
159.58198182903485
100.4397051158171
124.96157046510534
93.03085645121607
165.73415636196125
127.75446467053722
100.74901969332237
147.56085956376623
74.41919584148962
131.41828641542014
108.05199800043316
90.2567443070356
114.27697567444615
132.48687445695035
157.65336929937592
76.03000358095923
123.67931831502862
76.23564864597587
141.59369585283983
132.35157714195142
88.58307223529093
77.03892741450893
76.29237568902045
133.55414682959434
75.9475403938147
78.31797068955221
115.73175762584886
148.5981127419892
114.80838709090526
100.18355444844119
151.63729996340197
163.3088906606984
161.21465620695741
159.49156365458126
143.68537028474157
77.74759681668255
84.55861675197835
97.01863544209009
128.00033714446167
116.7722874359398
125.22366771364932
142.33674012979182
98.29506080174109
130.0490953337466
142.14277122311032
175.2743983607469
184.12610175815428
230.95218620717492
184.39419918774587
173.61132544548312
207.86581938432784
293.4931914731275
196.8885917608676
263.1111559384873
214.61890616651866
192.0610471011465
277.84429354726893
233.70238722529783
267.7598675657223
219.71017175118436
317.5704777357112
235.4579392980906
221.7046259976988
245.85636843390154
234.52734529704387
258.94552640480936
299.93082926757484
205.3704304073383
250.67726132272827
317.86916947379603
221.39957031235096
291.9283988338426
261.91443408949385
279.9005454545762
194.04093561613743
197.31264654143772
308.4080108968294
313.5706197291545
174.906660984051
287.2972614007338
235.18371126850667
250.45290490245475
232.41225444044983
210.80835673201892
313.24361220567863
327.6478910992453
269.80901714517137
254.67686556011412
298.1915649947538
297.2214205966728
283.3527504142065
191.77237466388254
211.629798700936
302.8547958469573
273.1027766101761
235.54518385442634
328.185169315653
279.88851234478756
291.46007188956077
222.96360152048186
244.3558140374766
178.72741730031944
323.8817047244948
224.9267984960226
276.9043053007984
281.7644353670528
296.3867685459373
239.3252538366968
250.9847007735525
254.37051230356943
253.44992549343394
238.55607184060182
280.643753444223
247.25232828029257
329.9880690990678
182.81808646832536
230.09138205371954
257.1370477870271
189.5009382773929
289.69259442962687
178.41843117882044
329.47835658251694
312.063776312252
299.20893876795384
280.2386836992221
264.0767856054286
259.0730166126694
200.06269085489012
297.35185274372117
295.6868226539848
269.08849915012814
278.92807080387826
309.3309051738705
197.39809586115172
328.93749282862717
230.6290870199118
188.7414198986055
262.7712890130258
200.54557805497635
246.93857706140375
230.15524686490738
219.18768680981685
200.43962768490303
212.69661548500403
310.7629803077274
302.0455318386216
277.874262331471
274.39658114198295
218.88458353449158
310.7643421500356
174.63408189788314
281.8283457286251
54.30035286056501
111.16558556995258
5.138863201499262
39.738291798207825
88.99936990299896
54.18205753456081
149.38398371036462
79.36906233375835
142.3083980681043
7.08090912519549
124.50430296073345
83.5540771947637
106.94533301583293
52.85332739306102
121.25316780113558
58.07849394731289
128.3910912573127
154.21097475711156
131.45988490934093
139.5682325841898
76.64771104707117
98.90244065043302
44.82925479648084
78.11670257962523
81.17655300697082
97.20483767631382
108.24517888739014
144.64860398643674
44.70829639239293
142.20817649409716
52.67996393247557
51.07241883959777
134.76064588257734
67.78264932381516
48.61995534784525
69.63728983799435
110.3573152768492
141.33921741041223
47.97095386679729
117.91239394699218
5.186630217172549
30.012683952763346
101.82913582031206
18.50258430082316
46.18232725985526
46.24222138162023
38.25119355581804
41.23261818775481
107.57489725160033
155.13179341627597
129.7790552718244
45.17473521172097
41.86033272848389
116.76979024829984
74.84021857666849
7.30753319582756
61.85886753617943
100.34880068980223
28.753065993047123
3.282468525971524
21.291089996057295
88.61011198877108
54.567646677105714
100.71911300254223
133.7739466899651
143.1211234649924
69.87932652766428
19.630339220505327
121.99160083228367
103.20627310992995
145.55806513543303
50.835689264732764
87.85634159769326
101.34491110466345
69.1819262802721
38.638579190713415
97.68502595598707
9.217259833673154
24.405993240221655
90.72685925436811
10.494372597174504
131.91554949868333
98.83946588586036
61.83190771998753
84.87714303249328
52.7339755245031
54.75738110813211
27.711044696751493
63.86409444916055
115.90008764663153
54.69313334537414
97.79542089721937
0.11316911002155905
145.676352480155
60.01063362000048
106.37024336573992
108.18149035192287
114.89447751245845
103.55852486730134
115.28685290308947
83.07079497243878
46.77817159620483
145.4576767265542
31.096026783743298
42.695667742357
14.239761530113668
56.96618478509219
51.83854962536418
91.74114626552398
82.10555474402214
79.51322525125379
132.5807847575052
60.420512762538394
119.16252184937235
70.17074561346894
81.23421174868369
16.490962497828406
6.762859937439131
91.41398771068053
135.0557706093148
125.91236531150979
14.84858815016021
116.49599989256116
152.33807440897618
114.46922467281232
142.35657674799876
39.813967375987346
112.85622926990055
10.106619975865954
74.35880025006009
20.973534932547203
66.24919048549692
96.95944348168292
82.76793009463316
110.17556302532523
131.7055416252477
21.670594917113675
89.34366475791481
79.2350208180227
6.658522562988722
131.14292206345138
44.569974472450845
77.03250783642461
89.6116743999404
65.16900182587824
31.24648961646863
38.291192253293374
39.89795714077866
47.1009282404538
69.76858474449543
151.56946748547605
54.94496707089802
147.31065081316243
103.88791495134122
29.158236721446514
105.21804158371287
41.2585201390155
28.38088128984058
24.91437960656033
21.992648583027396
15.40954903323128
98.19519802276787
81.51993647103642
69.6074612676454
29.70059120304581
125.36849770974948
88.8889083074112
89.2255622060638
55.09889050919361
61.91340030913788
74.14928026725805
37.1368784308271
92.07518114409419
5.825738022278756
135.98007455946006
85.24422778069933
139.21223152246426
81.50558979152349
107.7352109793578
98.31389672943483
27.30044979146544
113.15740307800237
43.66619376404771
53.31188984204384
50.34195002777156
33.12525807615716
156.52755801961905
59.880549852938486
39.427545100624016
104.76942989920592
125.76468627915216
22.710636328561478
111.91373227533285
28.661784976387942
33.07025406166105
102.77484264876894
56.2135098227424
89.45058046604646
91.58458535957396
88.29729267136535
95.1611225211262
29.990608295709116
140.80763605570445
76.76393800552786
85.8169875200161
67.3609926740319
51.493297980146764
38.5656972982047
69.35487552835022
130.54913289731934
94.59894443606385
78.65362754604703
35.12909323735898
30.409134466852144
28.036019364909635
77.57458812122532
98.097792338846
14.428744925047852
102.93666705795479
142.0000894796371
39.33691969889815
82.51471373710274
139.9306356266746
49.79638968680949
89.13746246060506
133.49894397544006
55.41697759474539
20.46821289879832
139.75925377096257
62.196576118102655
107.09886889529784
79.5425120062876
79.4645359153679
154.58157347474366
104.54443406508952
16.40554632800564
39.554380987200446
29.6102353974481
155.83264115866743
25.263795506854905
35.18537614737022
112.77064048975707
58.51812380904809
151.14221686781735
126.86275639593995
80.83349045445328
147.8598435134307
31.425362180062677
44.69655299122434
22.1906494705267
105.7446168539682
96.62902880231034
0.3847432788325307
104.28768592470591
44.1331098299946
98.4609847814339
39.89820684699676
22.307253423222768
103.50944049885783
122.93206698209292
24.9690740975009
51.95506382379728
116.33403380859413
17.957108451336474
66.9190271690449
141.6725287180663
72.59352924058894
36.721930963999284
95.34404279814316
0.24476866244232554
70.65913793396219
103.36897965344266
21.0171983101135
10.558379896108434
144.09536029117498
20.767836389195764
77.66235709478062
9.250471986889337
109.94535404252998
30.971355310314017
64.90430648455724
135.1083560754538
141.2389489013438
103.03211231420755
115.89319232381897
11.161105825587356
24.05071666278844
156.5944403478618
0.37497665798953506
125.35972372982653
128.4009826852418
148.66924472263554
77.02434037675066
105.13906667846011
122.17667202134815
120.2906246748585
149.05760317686787
114.94851444576983
63.60020581197372
129.8045987882462
55.835019306695834
24.578681270560082
25.115565326069543
27.299372257961473
49.5823378527085
62.787043010999575
146.0532619702801
117.05581101040755
146.45957385544773
39.56956540568597
43.10994667587012
51.76467695361079
92.30091058880858
98.3874998959196
65.51279774732794
44.590972562460145
92.56452560413496
90.94009320673027
62.70145755783597
127.9874401346209
6.629690688976808
72.45075139645398
48.15766877379407
151.78433471662996
101.8398848502602
53.583546627768456
145.16992798629633
55.65636665159859
57.29219474570861
34.45232228973637
0.571685616400373
87.47792960555734
90.33317782254863
125.00094895077748
57.482696963750044
11.150557779685727
24.55340119160134
93.29736731565544
106.53456541186637
129.91184970190338
95.49855954756137
81.70920431235258
131.32734327606607
88.19205312944321
71.19622471702137
149.67018407712112
21.09574642935818
69.90848039122262
114.66076099914008
82.77717889187332
58.9655825204964
36.08177162043688
26.00005593252473
17.847077984287196
137.7849560545118
153.30661329283316
115.4862321676321
64.0442140382146
89.4534772416815
83.33262798428308
30.553191967274948
107.17893790160454
66.33999443572151
118.73603116765702
55.47864607205734
93.92095348571472
99.69945400902843
47.83845566023045
149.91225973058584
28.490805917303774
48.77151829809378
92.60700656492135
58.22838338827477
151.28886933532885
61.98891700767718
152.07830495395075
153.67676380114864
91.27501231054441
117.63164028443688
97.77292976563247
137.87375593708452
142.35484100417887
96.25334339451314
36.3240447615818
1.4787694713565998
140.85399456387552
120.96890728684068
133.66908217853452
38.86079398895601
6.643285439688768
134.21824416886625
50.919062098457786
86.25711256335241
115.48244331609644
93.50020815177095
141.12680764394622
7.670133911147786
60.004515829284315
76.38600894491488
88.32574287723504
81.29279305959842
91.87956767089732
67.9622852982037
151.79817135432887
98.65564335765413
111.57733862896612
49.540620117047865
137.93289232353965
81.70685443580918
126.10867356605266
23.261108747524155
130.70792378646013
86.35417488497502
36.85614182693088
55.02865158127496
129.3235400157173
71.94822409885218
97.92528896216797
27.169225206742254
83.2946977108807
24.952280394561306
19.16311219139952
54.71775377341392
155.71064293700448
89.485363373481
92.45365288357809
134.79575431087994
55.82500497241243
31.746740999518742
61.93923771758578
149.74024804566517
12.822647027579634
125.695767471253
125.89298982376685
91.9613774351252
117.16095762310123
82.91436441790266
138.93365021618956
20.018098340004045
145.96683080574522
49.11831005459844
149.41273946752077
78.7401929787915
137.36040437061598
40.261830505593466
74.85556982583941
76.21943412245105
47.166198772266064
53.59300465283367
61.79734988380268
45.15989492191431
106.37017821184384
48.61121702662173
7.190237997302532
51.064261879674106
27.87200961426562
136.27513329589326
127.67156790738338
84.03146414344472
112.69059113284739
154.53116220337614
17.50419661929587
71.14011771536346
109.05316235758481
75.04594644117506
6.784938159652924
122.18664864035983
49.7066712440904
12.132762910705878
56.61299457444794
44.009952932957276
103.4724230102091
119.14638741255396
36.159037142238894
58.409781274721965
80.7784715159004
105.8268367963497
90.73574413677798
69.93336087933002
71.50366576259383
109.29633151585705
77.89138971005953
127.84712980971956
115.9309444555359
56.70793221125716
136.93476702945196
83.4951172090699
50.32600143070884
156.79829958371022
93.24329928307323
53.98715754010398
39.018717371921504
140.28203325721861
133.90232746634248
121.4141481262692
156.11425486106634
48.78848796315884
3.4852821982417197
72.89208406511707
108.07570655734905
103.45303361185628
101.85949151119061
21.506438385861635
5.616354719347157
18.502677816815257
48.727553665803754
92.68081632126068
107.46420943982449
104.26622053076616
146.84348058020586
145.858307844124
141.27525017814452
13.31866770536378
150.28886056485027
101.13263639374796
61.65634061814773
75.97210013130965
121.30568623952163
126.87164633143921
130.33167293608483
52.79154243922148
78.59954102988253
9.910862221506548
61.34012225681568
72.87550515188029
128.93165503910956
74.05542189494172
19.542501888429527
38.615674751541
1.1588922921260263
62.590292992673874
48.50022929980459
52.091311269064434
9.97050791319947
2.542734701440722
86.98015423743225
115.68319592231796
88.42259550260367
23.00698600734789
136.27501286944613
69.26156010181698
66.14508907560312
99.15850419390895
38.8846397032075
94.37013897963249
114.0253798195862
70.5311200635976
49.691324999113824
138.8642525060655
144.70387234419726
93.14494229300816
19.483149262543655
39.71630373732144
29.452746684605337
10.008722085164436
83.60163320726521
58.63445458378571
28.838816475649857
135.19628320572394
85.26406663341702
111.02518278638865
73.61050498957727
78.73555873593241
96.66105345210374
55.78225585597165
129.01872408167165
43.16561673034765
119.44961439544619
24.227456357381975
132.5699802005659
151.25803661860454
41.8403169586854
41.73747647894323
86.07727867013132
19.82869200522179
37.9772089894319
4.041029360867796
60.58776029027449
148.0259245711806
28.52027189445016
21.824776447931377
42.445313885760605
117.31236396822865
25.629765929923806
47.2124447888511
68.74647386389191
148.4616683569099
139.0270984121883
118.01333253964012
14.637869644260412
85.94967427775161
101.53492986359718
114.58698919825999
65.66049011207467
133.61069555643505
38.149071201557064
91.86536040518163
111.48890337415543
108.01772413248581
79.21968171266401
77.94231539422108
76.08949431770097
113.11951197127449
82.09208017645508
31.89939688194392
1.2469329619861327
90.19540352394239
9.58177066180258
81.18275718600856
151.048646763706
144.93033751621397
124.20238285569532
98.39133678588098
65.34975055843596
41.59747500679071
82.31520323921836
100.32593368598287
76.84200161742596
107.27292248723727
117.74057773976995
87.59205489550914
126.86524604879133
84.07473962613261
18.759132436955753
82.29539704118665
5.8352977878490435
153.60727933105628
13.750195103145458
87.32815799307278
142.50478410966412
147.13575379754252
87.73909230977459
154.71109271761097
115.74942154432486
109.19546870388939
56.734053624206396
146.71421200575864
203.54592993920008
168.02479369289517
239.9613063352612
252.85910792980232
188.4048186356285
203.19363997101053
216.5169049033176
200.51622452187294
178.70183871650624
225.5408720296558
166.0968032440808
162.26008944843994
227.12999010420305
180.60512288042176
182.16717576097076
275.7888292251875
263.517964984678
