15.024410313593762
55.909851553932945
22.976029877019144
36.40981565377397
21.249581005148638
67.17457455513116
15.724426792270375
4.561516288533237
42.75175149972883
6.019583260424824
35.07118123287492
49.7721116234816
18.353875622897746
45.63050855141521
35.911990995382794
7.778961517761605
33.996395038559015
30.711598279007145
46.047991157798094
25.567627048053197
57.45700632733858
10.914498858101709
61.10659251673586
57.49784385294275
59.89819248757955
69.19145149987204
57.65057030139364
49.13178215183246
63.996841336550375
6.968232182528226
67.23879260160616
15.744496856922161
52.354949501334744
14.024212504490695
4.609502805260117
51.47182044383974
69.2996998720459
34.030955959957915
25.949201135346875
31.326683911638543
13.789105246986143
8.033961582894193
46.31028385614327
58.76402014981653
36.72682017656009
39.79664853383295
40.098176979332855
39.994136866399465
53.914079719786756
46.9454764198227
55.0441002996335
63.08278106910193
47.88626438647567
30.681745676664217
38.75879212260644
19.25160972843341
21.19261227588173
49.45365526637887
16.97606628799309
10.039650526167755
61.14656945044202
30.80858986176167
35.93670141155042
46.552832366977796
7.349835368704795
31.062987788174816
59.38373008317889
6.321993040131591
6.517617454749981
60.54388220237029
19.001958836750024
60.91659242081323
13.022284208933417
60.02928213794769
40.60948074632522
24.39068087493397
32.01045304447977
36.171321034790594
48.480451928296226
29.693833348286958
61.06446257260134
16.01419001630442
47.86173252723629
56.857114281640165
28.684211461909552
60.419082811503856
13.776146364606124
11.568919250534027
40.557385289074205
15.930017392810903
1.4956587965892254
9.446700003185448
24.394151877418068
66.10241154605248
62.934852974980096
38.955208396424425
31.590234228302567
48.42057746903082
33.42535246685545
15.436731644625223
42.24013113780771
52.1856956997406
32.75556417704806
7.365316599749711
50.88772495175693
62.533785869221944
21.831390969518672
50.87389555494009
27.503362947885666
64.97103292639244
13.095133099085324
27.804204523946964
52.30021527711777
29.132451813017518
12.310928434944014
35.14292684101562
69.96956154960426
67.82365348718429
29.89383348385098
67.48928330482563
12.997772475591404
65.06379291452569
63.07131695607248
56.69204792910297
54.81158293943479
30.844886807178973
60.64347988759717
31.82414017884075
14.321532216113692
33.476222032591615
29.369784755042936
12.16249772357914
64.85410487110346
32.833041185568376
43.0700766097552
9.192974628114339
27.467205291060658
51.87369051576346
41.958961460386305
64.88497666141132
47.9595932895083
27.221714308352134
30.054328357625227
19.28764964238832
62.13420754314183
25.805856261722738
13.020725782490437
65.75549899385935
13.96890935138827
59.8304088999339
35.05571511008254
6.079737791912422
57.39573941798142
15.787164203422176
34.54576692570113
69.66551559545994
49.2369099035152
54.473924668587586
31.551426996600355
22.278255714540943
19.034404025202086
60.6835400092538
38.68679265563625
46.90149766978369
23.296882438499367
69.01208604398818
63.17298923475875
23.064245504906253
54.9199018292561
7.85257069828009
17.52559632229347
6.177374360881068
37.574816014850306
16.663529700870203
16.634918918067093
41.77613060411785
54.391804267971985
47.579521064198985
25.62864425466026
39.01402321178997
35.184365335116695
34.897333475479016
28.691135975408667
14.069166449835826
6.693544350113413
54.89605840842823
19.166706476160126
22.17734796015805
61.714927316869336
44.903086463044644
34.171876042416585
59.644199766120295
21.165990861629524
31.839642894568964
32.777956576090496
16.77960795570986
65.19992985143706
6.289919996350722
43.770468525844066
36.04719549910651
52.132347130114816
17.852141961635493
9.418091533683988
15.71147106380202
14.56655161074691
48.119274747434304
58.0067493827809
60.36809307351572
57.907250901853054
65.03804830592154
37.64088191748951
22.155862645490593
41.27467240566081
34.57546306871519
34.46693263385042
55.03725809566211
52.939944813032795
49.844717358530005
51.075590736425795
41.0049129407596
37.230545833221676
59.10245352197199
63.7160057881678
26.15010514874436
39.45517708759171
36.74015848122871
42.545450105074
69.32193314232259
20.20992348033995
58.00436587488263
42.3193319618876
20.023932361241272
34.36035686971995
44.2971067999299
36.04462437406327
38.06343075894022
20.34690635881916
24.866088255120864
38.47547561838387
34.57472516684872
31.323036477757853
13.309772575513385
33.86604058619524
39.62310576821827
30.772842470785946
13.403837329335023
20.546180398301384
66.48861851412649
15.399705349600804
20.978438405732213
45.864726607738675
35.217152826954695
13.555336707766891
20.00543541967084
45.9669673947441
26.587617904848813
49.72069516100943
69.89401323894715
68.19886101823151
58.97900721882296
4.088546321161619
12.731450413834022
67.20564463180582
65.46561754424783
38.11022420652289
40.8349272027466
27.296691030436303
16.867653559525294
23.410273752847463
21.330220016667447
62.5347638748576
27.631073051134365
8.789233827273346
22.428009971942636
23.099284161392404
18.066756087879853
28.382685975179037
67.14023391058349
65.7910964171484
11.883697530635533
27.838928368978785
15.834112002077969
41.82562123903985
18.884741768914292
43.01538908860205
69.08487748538238
24.786172938577657
60.53248072530907
18.04386908056116
47.76954059475868
22.94549746423681
50.76076491142961
52.51685622528298
20.1858040425156
58.101991688751866
3.672549413433149
28.376121791298296
42.2850944898046
55.30169802778538
23.703746218438063
66.86840625908731
39.485332167116546
18.801708221563327
57.41818829271764
37.02284545903727
7.758954177576502
4.372287553449276
23.21607370452361
15.936582365994582
21.072664611095302
3.5687896562220622
40.17230285285379
66.87441455988026
12.77476399896872
39.801041700136665
4.934228373332569
29.010464706819604
13.365269141449726
56.95193139377073
22.82436914711098
42.58841650044775
4.289680339898428
6.763964795483986
26.11071876178579
57.25485919671996
25.346150259906903
58.57302281806996
45.496849737343524
24.18040644489486
17.11161733427104
27.06183963438378
22.245751605324106
44.70153991200418
45.60752032478797
20.94162801765445
22.631265396418755
46.42587895918545
15.026409873833533
40.49210031220157
40.017673878718014
47.79859393951501
21.508939573391366
67.91638355657777
2.0288366692006434
38.9493446100376
5.4512215078899615
52.38438195291207
32.01138600629687
38.042018004033594
24.393115008367616
37.382879510000585
30.575255533627917
9.489055660195326
22.49972708650904
30.601412039460556
48.06890114105877
39.049226219764144
41.976785319562836
55.936093599819245
47.238183676773296
45.12640879256653
44.11200062032593
50.625157242889756
15.814896912502842
2.225318615787927
11.900096655071277
17.358073875475835
47.79825410958201
32.81924284373805
60.46986610588593
1.2745713066131756
19.297141697929657
51.16731853988034
13.892199702852654
14.55436383994649
1.2329556929338565
38.40682560044663
18.4768284162497
49.580592927151585
58.99870414632503
23.192129280296857
30.187636216696678
23.926254065087647
44.084305946378386
62.18542920559446
69.2945212347714
66.68690658427457
15.973142350279847
7.7221481227450575
5.655685077755873
22.5382090714443
1.0250565384720431
18.09847429882316
4.881484513128189
9.688895684011317
36.707819061746456
44.55723422115864
17.804531351546377
36.487996088324074
19.94247340699232
57.194314458390195
60.329806078931114
9.33010636467181
46.80904273483301
25.07187222054444
38.81330527630668
44.21299499276796
68.6646869480875
23.13222028728374
64.00318401710773
66.06889451652464
55.76472417810128
18.078672531020004
65.010179046523
33.31505663313231
7.992693342548748
32.13834349800798
27.74490320190075
43.55434667369505
11.11792434352915
46.1409290182157
12.24773866048298
34.8764975928504
51.25016697765494
39.06624040490862
10.394844770517032
41.90699281380686
58.38799168766275
64.48779896050945
47.678468743600064
39.19882148859904
29.59243829696441
20.760361482227967
16.55568806423762
19.82905289737118
35.7044967040845
60.09017144734203
42.436089814639985
46.4245843258399
8.835237639292696
61.152461003436926
36.5886698558635
67.50071109853286
9.027268590863311
41.215150986090805
40.927099065128004
38.83078333370927
31.0680570423536
9.209624327126768
7.0629305855281785
10.314137371785261
30.311444826315146
42.24895012311504
36.3565425602592
59.46053732446981
44.09082628793231
54.57640302653838
45.92463739354143
14.420950117945441
8.14751901660895
14.675770612628384
50.25772470825986
35.7903514549703
45.9067427529992
46.22146799163281
34.53725459453425
56.70450297044289
4.5069536033520485
58.068906387875984
24.603695445212693
32.253380519282196
19.801271337672553
63.3076728504933
56.127239356028966
25.994897844910174
49.92380954952446
33.80051568788291
31.362848015561987
2.302045299748819
49.85409389772488
20.347015808972444
47.52260675434617
25.277821491285096
52.547365242277365
19.188124437086728
39.73337960538313
43.61817028781724
57.86557612229191
35.59611820436302
6.413843164181685
65.72962106921516
62.01950480007761
68.73354794464497
50.5602122460786
10.650093700947235
68.84003683879004
28.223895911565332
50.626976533401965
8.948903163914935
27.336815024337582
9.485294097057313
52.796944841815716
23.930882851987185
27.41216210784933
59.8082436797618
53.17014486289811
33.703145617733135
13.455639779047083
43.32032594751713
41.93354987905876
31.0399381744772
16.543908008675544
26.534355988370088
21.34394747506719
39.881825143060595
42.96519895672276
49.001355556217895
49.21096098476617
11.688266706315552
51.30043238467711
64.24008480021999
48.79053191343466
41.83314110765471
42.039950334574435
43.72583585344094
13.990398980017254
34.45108330546495
64.02878668814995
40.76817034412143
21.357007421760695
11.417867716537373
29.258133358194375
42.1268009887396
59.92498022636121
64.85201678310433
37.73622616716881
53.09490558716985
35.148333840203684
7.234708491083573
48.49453893621124
38.07775755458264
50.6392720088205
24.724640058061723
34.602378776540505
9.774215314210775
34.680789743263425
27.444826580117216
52.15268103978497
52.08054565102019
49.91124884205858
3.077676055721227
23.244670058415814
47.210433202403635
40.40050539544648
57.630219789529406
48.353942428711115
22.334698061948473
38.37941123579421
54.83572024872488
33.59442073164695
4.665737196656746
16.534873097407793
38.721090715501056
43.520213309812796
46.25402566482998
19.0940063347584
23.914533820235555
42.876329427473706
37.12287021823895
37.709656955705114
62.566991197817785
4.582234107356033
49.323401565300436
28.130003180499436
33.829401681604246
30.1646212660757
14.996489785331832
14.705322137319047
40.190822266491764
5.428970680701166
36.669182022891455
34.20523191099205
45.206070984899284
47.371025701789534
25.89728847210911
39.90842412275717
38.468253057421116
18.574021690920198
10.542014912229483
59.12730303156658
12.968161994469146
10.771016626443995
15.922758495502048
58.92945711855927
22.410313665741278
52.825724774377804
19.33841877648004
52.5003537277518
17.16190933537699
57.67906506238864
23.795373787070748
60.164281758627816
33.819164691172105
10.502725745449688
69.38198958420799
38.39871376258736
10.308564574811232
49.75365415275819
1.7450836216722507
41.59149304507842
10.82827087895826
46.58571183083654
52.715390603344105
66.2289092084035
38.673812729976824
12.633987589708383
50.63047008554677
52.284494073664064
34.461145148259725
50.69313593028174
69.6995122090281
49.45553993797684
27.610185397440414
36.96757191042994
39.16844184488647
50.53161353562584
58.02054400465761
27.900017876228013
36.90772015033704
12.48561669730702
39.51648450620915
44.910171705409326
8.97915335901822
38.04876440553964
27.076815136756615
53.216392057129696
34.38268821829372
69.1850744774982
24.80190488039551
23.917092024518173
21.019362503433697
51.33857024186553
43.253774899727574
2.6253369136781686
36.720376782340466
26.097489455613342
7.755705859609844
6.63844441431527
44.50954210860737
13.853206554566444
5.659993685354593
38.72287620867174
31.175729309792295
7.255625561657716
35.80161749647378
29.813911508228287
21.179205444026636
8.76296802803412
27.950165353909917
24.7265039843464
56.297700521623995
25.399806901738934
66.3662410974067
48.878190302014836
67.58901414481412
33.386370397452474
38.953493185746844
39.348444739899634
33.82976269782857
62.50215089586127
63.572228307726284
44.89626065832549
41.66767477175978
35.725631663335506
46.32659049656148
51.64548986801165
33.54088474899272
22.120300463533244
50.455281937247086
52.837334423444275
21.08732748950994
57.569489147688586
10.993301080851406
29.75868630856635
63.21268465192354
40.22315067398341
3.04164416099718
9.283924933265425
40.30348907813848
35.48603528746854
46.708292863752064
115.54102204121922
108.05453202728489
105.19107632640271
86.31581522555427
101.35589244804954
72.75695689752749
80.17343012849113
101.77280300970132
129.49426755193113
90.3839042699806
123.92439964374388
97.24934663336691
87.89192615233898
94.2524080350554
88.576159440455
111.85114005463039
161.1421863846584
94.77810204325195
86.84888103522592
105.29820669801022
111.8449257097742
82.77704903109849
71.24975594463336
122.23449365925829
139.72794553325105
133.0840355679271
140.2001174825735
134.56724002295215
102.5824953153623
139.20094544762307
99.85133820437406
134.4110357454107
104.12262708806585
99.94120830676367
115.71844620739029
120.99581592788167
137.46624171514478
79.19740878492415
140.64488933965515
90.99174530770958
100.43429932604501
119.60081843256015
132.14417194291627
154.70453960787768
123.58857900614505
76.3869261783907
96.60068756584957
115.2715446107219
125.63613923358724
107.49328094764014
71.26065864624664
157.53962923485136
79.90323863778096
163.07118288597854
108.60698117599924
109.42760699329786
133.50269397845426
149.9359110801014
77.86563100957892
150.91898519012503
144.43331176940092
106.1291334490411
89.62977043103169
101.8593935642429
130.231239790007
148.77008357582616
117.89193306582024
162.68952855758926
137.22253225048098
154.11492047564843
114.89624148843882
92.18548257280098
102.36015626429386
86.97841463966813
121.45700621229261
104.19800728003037
103.08020698476317
100.0264244592179
104.77054307419724
88.48891698084444
117.8988021817825
137.68224722577185
104.23780204862717
102.47839634136186
163.6741206292994
122.48497341497809
93.95691184844883
133.95713914131713
131.71499793118087
159.5595578658699
84.7757045425141
114.3243554640878
118.05648134069554
129.3865481450897
110.9224041662608
92.54634774863061
93.87030837122917
72.93057123718182
79.54160268393609
74.87809827882029
136.40223103602352
73.22826225488595
100.2384289933841
163.47371432143444
114.33991275301096
151.21140506756208
136.69647744532782
141.25503598722415
128.22209719341788
150.37078409597058
135.38240739386183
125.81557489299361
101.64947153687929
91.55365810175137
126.41055758881922
73.29701086120683
109.6345531487755
163.54158912436463
100.99783274921677
101.3060604371526
95.71615040518324
81.59100491167138
100.79953574676603
79.722564003524
76.37088136999725
137.02824294238837
104.48147648187486
74.15175657900842
91.27738547233922
141.0933985128408
108.79863738203747
72.73334407320041
139.15957551134684
102.17416462294067
129.21829895172556
93.31412642493038
149.76876214276282
153.64960628225873
101.4348873156064
134.1628425708693
153.93929869413085
118.89089262364696
90.49460956543034
102.53187445644909
122.41938196287464
107.46447865843481
92.08331455520815
164.77447897197052
118.52944321812228
159.60813592351533
103.07231684995277
135.77766980482994
134.2085085971561
149.55518873094027
121.62918327759253
148.1324396095734
106.9599849699823
118.76440774657033
117.1416831559788
110.9816355081786
120.47567609280948
161.109527497901
84.18551981385994
89.28600250454278
164.04921694636022
164.805770766904
105.71067540741987
95.05548063692925
82.6689028770007
79.17062868995639
140.38793165384706
73.6105102070585
156.57504809967222
136.60982149773744
100.51796827193374
84.39036740929147
139.4453080897331
123.16143582635499
118.42567947250767
155.585950526306
73.55467557527984
115.18638130847877
155.02431519570507
141.0110202273699
123.5768304321562
70.70229413093074
100.76132955416067
147.19722198918575
108.3989807453185
141.79265829442835
96.74771182813267
125.62656919976514
117.35352144442543
127.76258588531664
90.4688954827391
155.26237117784865
163.97521935392467
81.18294724642351
162.20349306875852
83.08407166049531
77.0307281738823
258.874117990027
234.37950981992947
219.95943597625094
278.54459850756353
225.51939253979643
318.9528814582371
204.46482565455796
191.30437777943192
