49.55736160025856
33.580237437765945
10.634182947913306
48.83198379403124
27.45651369659254
42.77166331013185
32.11269725658061
8.338122785162223
29.545384016049503
37.227810476330355
52.69653457311476
7.400433191585996
6.059628289064744
49.603043997626145
32.78347366428699
8.261224229837957
18.099947271180326
9.77338906574462
11.817270120727848
46.1638344341428
25.22878090361661
13.750928693063145
44.9239247277667
44.56939976006306
21.568506472709245
48.48920748504315
5.0283372710750776
34.66624421683482
11.656931540732494
23.963837252126186
39.73168798363737
12.837245809395274
37.82426350548528
36.138818224841046
19.872355587974646
43.04458736218023
28.56545342434048
12.22170086370259
32.362932521434956
43.27023271245162
42.84189992804483
10.788910094701222
36.518663122447094
21.659459468112225
48.48505553133208
50.62433243156602
39.76320708263073
19.625342841628584
48.96410053520087
21.785708028662672
31.646660093648233
41.00422648667552
23.65058756546372
24.584027283516534
24.23009657649651
39.136474118621464
22.674092700322035
1.014498609982681
4.564438395885293
42.92368473451952
40.4528504872518
50.93588517496539
102.93890883537759
90.23876543782227
84.33610689414098
83.8917404432057
100.31697376408579
107.9027186726958
108.41037586666741
108.11669363972028
98.81901928614803
120.84687928371008
77.98083432906553
84.72540885598583
112.93476550227314
57.86904790960519
72.57301991214956
116.60092830612739
79.6899084738125
81.32130528989437
87.17039249266449
129.72798951132845
115.34089031287888
97.06021282242175
113.59305130687824
80.47225488911087
94.65709451374187
58.19315314470869
78.05741868315671
81.68799743820128
115.83776356480304
113.58978374661449
122.70754035480368
93.85898501955805
71.25244331684607
98.51318279758073
68.87475509510755
82.70018908447413
116.32578798987514
61.05287643543077
65.66212601609764
89.57164550769672
96.26041123169716
57.441414202485596
61.88660150227821
87.19059741774117
95.93888644505
74.01379125423962
83.78593978211927
115.5449541300273
56.40412094630639
109.31303888745829
119.8632024944893
69.55391229062516
127.09388769941012
124.33436019908866
74.57733883036727
102.99554902291531
131.99282177469055
82.63461999862093
99.82269147142763
113.98804383300512
117.60753939026547
112.90420698347734
181.2662880926814
165.32057818620459
216.5076397874019
203.43887041879532
218.26236979837716
176.47099236710727
148.3335474365061
152.87306894986057
202.29775853570206
223.86284424994304
202.85705320754568
149.9666464410538
217.43010524550448
182.0788631514911
227.21801722010463
212.2284428939734
153.1891208164816
137.6689864254069
150.76776191443707
172.81738667653858
168.0339519279446
217.5455205930753
194.6758993260529
193.0112656384346
195.58328235465927
219.10781189189865
166.04615625174753
201.24306935257
147.94086249001472
200.1863852772799
198.11429427002992
224.13325287348664
203.21771775382697
186.17812478687736
141.8312478006018
195.65548184580092
223.3481191159886
173.7580263721591
163.87932466436422
169.67091946420408
150.77164930772597
199.5005173069356
164.54258222337953
172.90036369020982
144.07999875040093
209.20843353885186
160.3639981366422
148.5927228694457
181.63790660025975
159.18029627827514
191.25971652609684
212.36037109094445
179.49453647920313
161.02871977517083
176.51351995108598
167.8206271171512
161.73372234127703
158.75887861729706
219.22820778202097
175.68123099403934
203.54243338016883
163.17933384009646
33.71587868346096
18.870295303944133
33.27123827915949
35.02992615116018
33.965846447425925
15.61615517093079
24.013552345138674
29.092281465059237
18.905160204806947
28.289422239348834
22.854097297973436
16.783146326383537
33.064882055555124
33.85579979781845
33.29831697431364
20.60128407018306
33.1803276828388
34.535386570632966
35.90352379638607
17.004272099252987
21.410397727441048
36.44586925611231
21.003105027070347
17.87105400655783
19.63459975718564
29.16255872226117
28.693653979185918
29.63321114633831
36.52414843661579
17.979036689287106
23.106649873363743
32.89668931589398
21.206706975277484
27.24372219393224
33.69202531491646
13.612726005090828
21.359729643224682
26.044228961173953
21.182542688277273
31.460487444514836
26.290588483744642
18.723731678401354
36.187555204559395
36.75152769233475
19.796486842051078
18.967289886568594
32.394325215678016
33.840115502885766
31.956337068673925
24.537827037640838
30.16855614766908
27.161540226256864
19.685641354610777
35.195012669905694
22.508407385386384
25.88482319852015
25.961197372528687
16.91294186001558
28.32427645694486
26.323186852088693
33.40924619528187
18.474055869068884
21.93863947897454
22.974742094221938
36.11071820649251
36.03399130652041
26.016636729093786
36.86881668935453
19.150109063249996
20.448065359966357
19.193175936442216
16.964788388416014
31.2002147582534
36.19062346525729
34.71247445895024
17.732731762100883
24.88012548476784
19.97557679742707
15.960087014702687
27.307978472741027
24.210813829760845
14.175735530335842
34.80374827093891
22.07517353112098
13.620912855879926
32.47735592781125
24.609565076166824
31.02968886023094
26.05436747589598
21.402050878629193
32.51925983683981
13.010880383897774
26.569969108242105
23.162013898460124
23.593639039949384
21.928423776692952
33.629685270346684
14.352223072847385
26.093695922123967
34.79007210496905
19.926324145338608
30.34327186476671
34.908183136782505
32.18344021599481
18.071261688085222
28.55126070074103
18.703663360474597
34.33283022643455
28.35388464586416
25.15839415606011
18.234150475385484
14.598829289878227
20.027554315842217
14.716687247626256
23.481811860083077
17.63384290312922
18.724559959959755
18.850001800494155
24.918266529243528
16.84920729620105
35.669027319977474
15.976175127251121
19.807888455015505
33.579171890738664
33.06874567354418
15.962663121053843
20.436822117729584
14.021917961224274
21.659170089394053
18.512893526901397
22.238222618878215
36.50286389839044
14.01613913313452
15.089301949831222
25.184470761905807
30.60883967429783
16.355491773811096
31.63024092344338
16.525186054059517
25.593559953349946
26.208513962150164
13.153273298343272
36.00230009971697
24.446694733064973
28.863162968530805
28.24317224329777
33.0370594664936
17.609735506483947
36.29990055053059
20.52729852949876
70.33337920155172
64.76748638496791
103.79797727389563
111.21052012922138
76.93749547095918
70.86048367566407
71.18598938483203
95.7651499166853
38.27100445452046
91.09883310677851
72.81659038758036
80.7279091674356
70.83954139190918
110.21599407363922
38.25633910860493
105.57622889011122
41.188532406014694
105.39489242521557
80.05250413728612
91.4850402167225
66.94562438824823
93.73941562958716
44.32914561803708
92.56498384830434
55.27454311778851
38.762114880855975
43.62309255568776
95.30909030746457
70.63794147263285
56.53262714056478
63.588508193386446
97.12149256402544
101.87567774419642
67.1807830812979
46.84897462566363
81.68077679449479
109.17025377118682
45.630664731788755
82.9298696650337
41.09413720866976
43.10851718443271
79.74156119228267
68.9814080111006
66.49282781739072
52.01001861408565
83.34793308051518
77.56386900786104
59.45073603053435
72.73255649650062
68.56506860243361
53.97472307581455
86.12948113174342
105.71823194098916
109.53400839826436
108.76680308607044
78.40013120797268
42.45523961663489
109.36193102867496
47.90615780888011
83.25418014224064
43.007730528909335
55.30617185273053
86.66440179169618
63.6184141410521
107.52481399706198
90.66775282609379
107.80951714262278
65.23764260860666
38.25447529740884
61.15259448625194
62.486818418175304
87.29628067030687
93.38267809371771
96.1699962685015
74.24966436352086
60.85042267824922
100.84259942994649
93.85274154788567
83.37393760993201
93.82949336798289
102.97570129280567
76.86837438573059
79.10275130448817
95.75076671610965
92.11446196112513
112.72177993274184
97.93932011431255
76.94319010845533
47.880122258677005
65.64197134312002
82.35514589988416
72.27934150624252
57.43876007073519
79.23571840744651
64.39148889392486
45.82310033652814
98.59180261675274
72.23081571779156
112.80690265781011
43.161232192519556
100.9665066436255
109.24798243917219
63.22625887015126
100.45177656328954
52.8501273980849
38.207886191201176
65.1489452400187
52.88291407268517
88.73678576231222
69.40287685602209
77.18212474171908
80.71783926569296
86.77502802173557
91.5438694911095
87.84690175427417
57.922670306653586
69.29404766631706
94.23587666069974
78.69828083113765
79.00467118467041
58.49877773573502
93.4604559912112
43.4071804673787
108.132345888207
44.441388412848426
92.49610379326211
87.97905375817899
47.844579810357104
47.29541254687004
68.95608722564783
41.112951945482244
110.27209728255283
88.42769952391605
37.78158357658737
61.15878469981182
88.77917623652694
51.13512862938398
52.61921016334864
73.87407151400771
110.96849588283153
94.01436263231096
88.45854326444086
92.34609148307054
87.87171437354682
74.86639924814784
62.04978339149202
52.68305329261594
107.21356884263513
63.323865528992044
74.9926008143224
206.8582661648216
228.65884941650205
159.61718956157029
115.92348434305188
209.86889580606845
130.37194808090078
161.53829736313415
136.78675800148395
149.1808847944448
198.0911046602639
138.42140498590885
136.58331358425085
197.86289501297566
207.0741808129769
203.82164789109044
162.9182754330148
174.2749018020748
172.15255233014173
185.3325502000774
217.85426538983086
186.7506626696386
154.64381266852587
199.66734374958585
228.7747758623618
137.54840258312697
209.07329692956176
190.94413137761018
175.05787940560643
140.5514868286769
147.50779834853253
212.8819719852378
173.60151914944615
201.0367695849324
228.86983432110566
187.43721607509417
192.24392531055122
149.15891117383765
190.92971783044686
225.49302296603673
202.27892027434007
207.04898239704377
144.6649794403506
168.40588740946623
222.68198386904635
122.43480051421153
174.06332867355235
186.30002913664248
115.41821902381713
189.2468196653222
172.55484390593597
222.54707151496416
133.45004447896073
230.13619441202917
178.43343422868148
171.51077542442133
214.96467041350547
171.94757437087125
131.26726276681157
130.61346317417724
230.09684899306217
195.36065235441063
185.71320162732243
186.00755547625255
225.47695177134273
183.89055974240745
154.4476350538476
200.71469007411872
179.52118566833667
125.721001371299
154.09786310553736
146.95538898574037
205.40868009028503
135.04220460408362
141.35367808682557
166.6693632657504
162.84101801869767
184.18828880537086
190.7904352055139
191.7935379380226
175.71990970685346
144.06164022414583
204.81089965988866
208.67422161971226
118.93581340638217
179.37164883416708
129.24333962833344
118.5232115907797
183.2339669964187
187.0404217443726
181.8934460477534
196.90626955089738
161.3804610983754
164.27625310532954
191.90825042787392
164.85279580941983
134.00479591546912
150.95757217232313
175.95717013071584
145.53787246489128
140.26652951148318
205.34723342237368
173.14574655619313
167.85995763468497
170.45149651804635
137.86643158418602
214.37851080864422
173.4066942990917
210.78217350626343
228.30104970450128
164.3121624614998
189.26491641254705
145.28156362953192
145.50248772887696
147.09649953535188
165.08180615863517
117.0509887313303
216.3158364780486
188.32764434999368
180.47262587334765
220.31107679447928
173.34326401758491
175.31448245029608
207.21199557797954
131.1225241321665
188.61466208080324
191.4819943218369
131.15288458231083
197.27409870353148
215.23020036289734
190.62061193552307
229.61806466778089
180.34243724979308
156.9456470049385
154.1383705313876
151.81903444579623
139.44304118569897
196.09105320635183
190.3229989255971
167.3606995913441
163.00586756018296
227.16679820150048
130.62537413419784
133.54330094994424
155.25747782090875
157.9712641384074
161.59972075550087
197.5790254230215
158.54957292077225
186.38704005622196
172.93643213757025
