54.48061892014336
22.448821231448623
16.228265505568594
18.944541406514183
39.900302975999686
62.93608742003506
12.589385035538726
5.351078394712715
9.409753904702182
59.61524402567984
5.800334673002116
51.84957340467037
15.312792570840244
29.464245521526113
63.02136854219532
22.38029270844675
24.882945125332604
52.69636852471727
33.304474616023796
49.348494043919246
7.2080152304537535
28.912364994358228
27.73221633852569
15.594470275491918
13.810436952502524
10.99008540901692
15.673395364269194
38.807993864460634
27.879067294244827
32.96381212465856
3.665639250037998
40.44312307393695
26.03199219109874
23.61537884784423
19.512741949336373
41.499815980388284
25.64306665154349
40.537792559752184
27.866760593864694
7.693175264210229
37.82823824142937
13.993783533504406
7.2359721166692275
5.91679597362884
30.941361185441455
26.02130170209749
12.78215041094786
46.66322902986627
52.45358310091481
30.85050680791894
56.24676118833294
63.01445700256045
45.379556518312484
44.113191629320376
17.21857036506888
11.780541611274597
51.8138378816717
42.07988363005461
11.055233448079534
33.4287725900707
7.3181031520953255
25.139540645884313
113.34182076326424
89.07153452917676
148.09617000357952
112.3461457554086
107.09633289824673
128.57927405258064
84.22162014350431
113.51549210135366
153.66425903091124
148.85861483237358
139.38709367061213
90.2690697989919
124.7972759876222
154.34876280679282
75.37573155408438
141.48528061320104
65.68546440837892
80.77913961413844
100.95698461541139
90.66050177747705
149.33488183735682
135.414585428189
128.982474345345
135.39491815053864
106.46958394874831
121.11400815749825
85.69602491784676
126.9157089073012
108.67249222661337
75.0039078452794
98.40990374612906
144.56821200734214
68.14784048343768
121.92543592459819
120.08545753021838
104.91237993728889
120.9500136719114
64.50093397949206
117.66347247832609
117.28813770968654
120.85290165322668
138.64106354707243
114.72524559995676
141.74081879395496
92.12056661289242
122.3260628682406
152.12589521737857
105.3395170848248
80.95473494443078
121.3614907368963
139.93991388923104
71.05055685769184
130.26778229972928
77.25063477255863
92.6700214098399
134.21892345949104
142.05735588082638
109.06571346969733
86.26533717967037
82.1834414763205
129.74680724046857
89.31121482268117
248.26700510417186
306.1152580247119
218.5008391555599
253.0801762714607
205.212369601443
163.13751944604346
260.9641152971018
274.5438782929829
290.9641950050459
189.65921857590854
267.03340646724143
302.14690662351296
244.73336668636628
223.27010057944264
234.840847009196
196.6080045655064
272.70598102041384
266.1695422755761
243.9317320199561
167.91369570516312
183.95558353287902
195.0740424015649
217.91459855506085
296.00313529918054
279.19934571995907
303.31244234124887
244.84044457025675
268.62318201928605
220.54542193777047
214.74948434917295
286.608648935643
235.25083699281194
246.275374822828
223.86082816205425
267.33778655907804
248.9616366101851
286.95602592099215
197.61197031578374
209.3301116304409
277.0285689006337
252.1735583967437
244.07522753231862
200.5310086636115
298.39757261026136
280.55127166655797
245.51522701588382
184.83779572628742
219.67486209035542
239.4485548564536
220.29813107246164
292.6442504779315
254.12793388173944
259.06491850967467
233.9491182564964
243.35286848909732
237.06873273936048
250.52844569516913
253.08501325376787
200.5801963180103
293.0845411803592
288.6352896139919
255.7155944509572
103.65891812073866
18.772691753449593
87.19305246884463
89.89023450399145
81.566736907352
11.243443551058753
37.19995103120638
53.194740104360484
101.44911364758619
40.59775297694925
16.86582959396732
106.83234533172347
47.177162768347785
86.64037804163252
19.988140983056525
31.456907640480523
96.32299774433207
91.45382878051227
31.672975662116293
110.16633209901737
22.96590563867261
18.11687876469137
21.80639548240991
7.891349396781905
54.95121400380135
7.309629706584097
82.83731763207514
18.668988200521653
70.8647155839223
32.658420334113444
86.48700154689149
31.309499138412946
62.29639613575785
11.626533785276884
46.214428711800856
18.056594947177942
78.052479938492
51.89176207926443
85.55340763055217
62.20514282229546
57.77732180336454
63.14538922593674
33.77710990370312
47.965289935497196
91.95353819369959
35.61476536501375
76.71394132854172
72.4806589606868
23.206792643146102
6.425170563371005
90.50458957472917
40.40218068805285
51.25729338288111
103.99494066578248
65.8682396917577
56.55273154743711
43.74295146927052
73.46879736254347
11.18836847597612
66.34303295267569
82.8665965761911
48.99938729879842
117.41958563980748
44.39451613246251
17.089327245720312
86.41101072567992
109.07437984170144
15.383776420634035
13.032993180311777
8.895675434882918
65.85884806265307
88.48262104791026
99.319079466029
76.7650022726867
73.50183497116754
26.549068994263195
58.6575836413641
89.92490552510273
33.91453067577007
63.027169794014576
14.667268172209006
109.61335126675945
105.86299173601816
42.71839088814063
86.8116888256727
7.67596452898821
107.94514885620464
68.78084326738745
5.256711049565688
18.828547069713117
86.37463760028425
56.88774460448901
47.198693603314666
22.892528377799252
74.77303576907258
54.76905652332809
74.98939774920039
55.39608022837142
92.73197772860382
38.30238382797416
110.74041673177389
85.09192506343373
47.99701925849751
91.71385338972911
79.34968018192292
97.04059474324524
82.68845906402723
96.27278406212218
77.27897444418343
30.401862087268675
72.7388638438358
52.78048920688937
49.397921461172544
94.30101969237695
117.04765179874593
81.35761823380544
22.67478995074638
50.545552739812855
45.70871020466448
58.85921810548633
15.168479694865304
55.49650255977875
119.10488494690082
121.05825338791189
5.769015965597205
101.54446378585712
63.53130195159036
17.48784599728623
97.72646134596887
102.69479115293205
48.473123345261484
37.37508363830837
85.14550863607903
50.98608264900569
94.08696520187915
66.40963156813376
77.31389797622617
75.42990332854272
34.75500374242736
8.761230086550796
15.726877430469415
65.44608666243448
5.709240091203284
45.62441528654225
56.6416082591497
52.499091242381
111.29439327397276
71.62612135557484
107.50259770889757
95.27922307526235
59.873626917876734
35.397665611848595
89.8738606811189
54.10720474705829
103.91237147146204
65.81904071122871
50.77081944811992
35.65305401085395
7.7905876237123834
107.6842976215573
102.8128725561052
43.969385786219924
58.17090307024396
34.06163118305173
120.52782977432982
49.322429876711766
103.5696491294548
32.55888162451742
45.660491704347166
64.69658459596609
25.37803461325339
67.72007772272478
18.262579390195995
38.20169334461024
94.60465114305184
86.41128911263326
17.131724783927396
104.51185299738182
87.84317151212154
88.55926171767406
70.34405028048944
70.88579721380503
44.08585812117394
17.60218944874461
39.05611300689991
22.50579670609639
32.62491962004057
38.32293389537408
25.546349484647486
15.59118135614191
91.51928840619624
50.40840221204736
20.0117631325857
49.092758352760676
60.31175961598575
17.36412922290082
34.884495357350076
59.80819567818683
5.921991445389935
109.31493016840406
67.0026598740162
35.97644495335021
96.1650149153374
49.92156120628988
110.99296977505048
38.82995782672805
87.28911266816448
92.83964439541498
49.57688018034418
115.18870621218808
114.38663803951403
15.348786258751687
87.93138863426572
98.59258137705214
117.91568404772221
22.315795372089283
52.00972330324805
45.23585051715012
39.002152778406625
57.35454957561116
32.675433128897865
101.25925168050786
122.306739158364
118.69307044540187
59.103818355145044
120.34168421355858
71.02939614176374
47.75327909758488
116.70796617936281
110.60779402381482
50.15381815522239
37.33152583819278
36.799584266159755
69.48929763404041
88.8103982742635
113.67962430033279
31.98027136781203
77.77722451163562
47.428162643571625
62.998340287093605
112.48494095170103
93.90455007560305
31.15772664988905
75.16869556733342
122.38542413907058
32.45503183176416
94.12633768263686
97.81553912751856
115.14534311465594
47.54377756065034
93.49229002491177
52.387172320814045
11.730466805915555
89.09531700827574
92.08308030027388
34.46029980486725
118.32502141234845
98.2973813227492
44.47415844603202
11.011157764786432
69.31794027033385
27.145712764499315
21.40529844674809
64.72287492826091
46.519874602548335
16.00798629982296
119.96029589637457
93.12086308568276
38.09285460121758
111.4675581088879
48.94592177884745
81.7734650526438
22.087245162686877
122.49536778514057
103.0605571143071
73.44637774976715
11.42353897078877
12.725137979007627
87.12446876797077
120.39977572955155
50.471666846999106
60.30123133301972
59.93251182667114
72.11927674574001
44.13230517334411
68.2687885701981
46.06803091231431
94.90051522222163
63.39956697528607
46.75245777878469
49.63574070231857
120.52289809898315
23.030236457754967
86.04642726627014
60.6313164148677
12.185102762828997
35.21032528422643
16.776104850076152
25.307106325145895
69.33201070409106
103.2277295440708
46.769057944725134
56.95389011911676
124.3819067584829
62.281277598867945
96.3559576274719
103.61417745556855
89.94346720737312
59.26330120274841
98.30691159000524
117.91322732627634
86.70554998939573
26.93458391430984
82.74491761694166
51.54145090529014
77.67914883565064
74.39164507865337
44.79712490749266
50.41051041260746
83.56278380311065
6.4675376674982346
21.710647941299115
80.87592259279553
60.11599029694285
43.483302848457264
55.012798495862526
51.116488119336964
54.87339188608747
72.52556100606797
55.06573314928343
28.817572507918428
100.03988491805427
72.59444425171152
10.818281158440513
10.260386079044373
87.67903898976368
17.304662226199227
85.4984266599972
22.43179964469897
91.33018171090373
67.78727163792486
41.38156072013487
103.85149971698931
78.33041202952698
28.371430761573613
66.9001997159215
85.01700482899422
56.882823225265824
88.28363034171262
61.777449714640994
46.90452834948155
29.927528137623753
36.86909920517809
55.04062175455785
93.56435860204465
63.59622024507456
28.30762830801504
20.294692224795035
112.07426938800236
41.87055061955459
22.59357238167585
162.18523424579075
128.5394216338493
187.4215506629453
165.56858468820417
206.9812917748352
181.11774732577533
127.54350237921547
195.8021084713769
197.6304492879736
169.48584134378765
192.14208329807553
191.59582725345487
192.90573615129952
190.060844373923
172.7975342945123
133.83673716408228
172.50332883853287
190.24891898797773
199.31722876621495
148.48774370987311
137.26136838626377
216.07717034329875
202.34904715259407
147.86625147489514
193.06935315305955
217.32918381942045
133.26616843603588
193.6086836790438
161.32166565990153
140.1582295153463
213.14784776413487
154.6033575854587
215.42721877617362
153.06929712378783
187.94091168969845
212.4808687765717
135.35900303536457
200.2066224119796
193.7571910279119
189.9121647977438
164.74965448973768
139.69787067499124
213.89893026163023
147.40674524595576
206.52805018168317
128.08073794067673
133.3971850612208
169.46782155225165
193.1232445606979
192.13824514054596
191.85062469714182
165.74365747013303
198.46920894565037
273.3808641346213
309.1307235630596
237.79073419130492
301.99934166487117
229.6495191742278
264.99408014304
273.8227140502057
269.782564222092
250.1306845682836
251.63648467592265
266.7178988405741
238.8198333216503
230.56322790725676
