13.806630664972445
35.48753847408008
46.704906566406045
31.25910240250934
61.54558998369437
44.84487755467423
7.868922949383837
47.589881417791986
60.19756575608169
62.73764653286336
38.75390693656519
22.560820249256743
35.42501937533514
18.677408800094543
64.36264644404932
44.374973214876064
38.23758349598523
64.089824180125
60.35315297039112
13.244644201951441
40.911123841189145
16.273797323871403
19.67220589301193
51.137790244066174
62.95809868879947
33.6940997565449
59.34782765951628
37.44063807484151
22.749397091221603
39.6508283945462
21.405615834345717
36.96827411977414
44.8916737920073
40.316651765548016
36.138767439804965
56.57332414779496
19.01570381764103
10.417008784386752
58.637409448970885
49.90742575344713
54.0626622097962
47.5778048602842
35.349791118250664
38.58581010514413
20.366421826318298
45.107634943810474
13.533763740626963
46.212393577651454
24.882635707886053
46.73067528630383
17.394930627172243
54.389503669232866
28.055824058558798
13.918212019322723
17.444871293593387
52.189207163351334
26.411958710118924
29.601338078535743
18.605516274759434
49.09600603523521
32.72889434220668
61.31014111294223
71.29001870520374
93.1769351420381
139.8033915263968
120.49712729391736
125.49772826522171
103.56109811396993
101.56499272786753
128.31426442137888
112.69792240791634
93.1175244911363
93.68062054139676
109.7842565181222
136.20909681421327
133.9337119116859
116.51965723970142
121.19024222048922
96.56239501042906
92.6328059426482
144.9165235496922
105.94857639987426
92.42281578124523
115.9881142356515
131.0872504012725
150.52234094568115
164.16057128326412
109.50769611022434
121.35920128527022
118.34597399082341
115.54173324669736
113.7987725961398
84.23618058971013
96.6499488101448
129.08626517185323
136.96538666463204
77.40855233227475
154.83181154273325
95.52621870638198
77.11104603014302
107.7877660096349
102.64701446858476
109.51687236961442
101.7624946930735
138.0003785409154
79.96655529751192
127.35815047521416
107.66126427928229
141.00446657348334
94.92064913519582
147.59898620591738
161.20185920902105
107.45715251057462
160.4348342538083
147.94426260635993
134.7416854035343
92.63851250229528
69.27024443717988
99.14674845083069
84.80996816193888
109.13203079621945
100.23263343276702
114.22030576317538
78.35509884087662
271.00450290934316
306.057652131522
247.67833335649422
236.56637323128018
316.4852273312885
299.9010365971021
331.9641334470392
189.8899557547916
228.30036246653557
291.1193203606017
289.53878403765475
354.10109973464
191.76599555211212
228.79402122455565
271.6649925300724
282.79212700518417
355.6348203969164
269.120765836404
331.0334418790856
347.4738703035749
251.96442505662236
312.07829694505654
198.0011230751789
343.46385911489176
259.1033689201417
300.00687437939627
235.78233467624966
223.20986683900784
217.38370731426744
233.04906851452833
250.02310052013507
219.93765020050728
219.85598214148533
368.08676665053446
243.92899028003978
359.49900251165036
271.7183902615058
367.13599326739177
323.3882333767131
246.82814269935218
319.58291011997665
203.25064775043683
191.99795796335755
317.4539902109709
317.7207036618978
186.84672120877218
283.73225865482385
333.70478330576
367.2597776259589
299.1216711622173
201.9606040708006
303.25299139232067
314.8725202335214
218.77428833872477
340.23612094846095
173.3873231142656
337.4144371116141
313.9228865912882
205.5143337007899
257.3910259632414
313.54843167118565
224.75213136709553
