56.69543697448961
20.1131584632615
27.824860721114447
55.51304415683593
12.086567200537633
57.516491776495755
30.84861569684896
29.75166562552628
38.25856966593833
3.9702060029982533
41.073171148994405
23.97436276368461
31.001883544780647
5.418969882803946
11.413141020777136
36.49431071813785
5.193609094389885
51.744697117216155
23.837954840944867
19.954593268476266
12.191514955452163
14.72403148253126
38.91238731465214
27.795112197851118
44.07338562067821
55.37770278318247
23.97025524650395
53.35744176404943
37.236721069093676
7.35764202973348
53.3609558028827
23.57695644796855
26.961593429454407
34.49407749063816
5.742767029274734
11.675313026741794
8.193071007369124
54.7833447811051
18.35226558809689
9.42912040736843
12.9546278507948
18.232035984542627
19.758087796885853
28.595193154978343
52.829778001429176
17.99403422560401
24.066762697746274
46.880513698036644
42.95871106061247
42.231477718647426
17.4070349803927
37.23080123174989
17.90858700972877
22.746143950902706
48.71169705088402
40.945315360292135
45.225935328565804
12.350845060660909
11.3614541742824
23.4759709382156
27.08175666378999
6.2690126044175045
90.31371600553948
91.72802844610246
107.53376308139369
83.16427268431096
127.99812594494058
122.76753304096079
110.28012732633428
154.87124226022414
111.88876634200271
152.1329609380122
136.78136283644932
97.69900886153556
109.16672017092148
72.1553376749878
66.67203380151366
151.98851516004893
129.22431062244198
115.35842947995627
108.40903646964952
129.7988243814037
126.27445456887459
112.83635825861147
93.63092439320411
69.70809519371389
119.31348038755479
144.23660316969196
72.65786922775581
143.04525473674192
126.24616597443215
119.80525070632729
77.92205161672453
129.1216212496523
144.2136058940584
70.22004175523395
98.1033574875331
65.01613958637415
142.00783119412398
129.598581128041
152.4496307900341
97.98984406887773
73.57757419969288
93.24921762129149
115.47083940656286
142.68465263447456
104.83024180165124
105.08791870742047
133.60045596148956
124.74999987924681
86.45222154002448
64.10128181262755
144.34074976254496
95.90786020116688
155.95332969323982
147.63266912062716
101.7198470776519
121.33712673771835
95.61262413437771
102.43529324634525
132.38837750935664
135.7187400850846
127.77618593404004
154.92800285359834
204.83843522265894
209.75333231892603
264.89897761397447
289.55126053607336
288.5874130816508
274.39224301558545
254.2823421716164
300.90417031180505
171.96847003161017
213.71976836557127
165.1213323727054
223.552127011556
260.61624609436666
164.00991221466967
282.39839471041154
287.3503181882716
251.5594207588136
253.4121536403164
245.95979715844416
214.30569642473057
261.7403141419569
302.746543497719
171.40988083002316
199.9200734963245
281.42391736372133
285.60332066683145
200.88289032188354
267.2232180121927
247.48421290577565
253.01908324585227
164.845865436339
231.41121692266876
206.6055656810837
214.62895499605204
256.5936185841768
234.7612847212755
200.02965684034194
223.93188556998356
203.97479874598133
243.4090125848232
288.80854703601955
254.97864805484014
243.37147903143762
213.03047137816685
221.3959240313017
273.79036458032857
166.98366644600912
306.92097424355853
166.42780979253334
298.81305566727167
178.18889709229256
257.11639356940174
254.73621073234898
285.12629531876433
285.68171753254757
200.63031668692446
162.19826163306917
226.39112791951763
210.9983133476245
198.04212971025675
223.27686479538653
156.40367799702517
74.71943900383332
92.98010016684573
113.19923746910943
79.67585196601729
16.990098097379352
40.086432796135874
32.0590565972031
38.934570010167754
112.47432245925872
93.77944476457135
91.32283716353133
88.30126275769652
95.60015455131602
96.38898400364042
54.05156253555741
16.525821081433058
15.345267831821637
41.005651197892846
81.17211336436657
9.342708363078529
102.59757011086273
121.82459447497341
67.3892595804809
57.977364853308465
75.81549852397175
65.38199396935022
23.351886179235827
46.50671880394063
82.23260254437882
117.93142011973609
17.165501538486126
87.42546835367833
53.406502894724476
77.1317905335178
66.94124100586207
24.249664614585875
78.40160613016683
75.28823885336713
47.87617896475005
30.4400652127783
14.196426861853396
31.917394280671033
65.45645619107921
40.0841101502548
116.89693015412213
67.86991950963727
48.55802435084391
12.884672717998122
107.20973722113399
109.78798538817408
33.45542749443825
117.61101504113452
9.747169621063733
37.664025066399034
108.87842893523899
86.39561454587503
18.990267055591502
39.19175338767922
32.42356989693293
123.7414445081116
79.12565702870715
78.93445733544608
72.50727386462592
29.52031961567117
71.72413099709155
60.568539532286636
118.71566798939428
11.901753504674375
18.49780281875664
93.6863003671211
31.06899193463377
64.98276707405635
34.331353383423334
41.1961890383853
51.74630988962086
64.23326966514676
32.26572139053295
88.45163045195089
18.126635295014488
97.92212295470179
98.56790999536125
56.53110709985437
94.60247264226608
35.990813353091426
57.09372364970633
27.66296052193431
52.57000551800725
42.7582751902792
7.529645227838287
51.810592112630545
75.34669048151005
10.656832129917909
59.934048764092765
36.81207339011402
58.30713076761681
7.774339645984668
95.07467727064167
102.02606928789308
8.864881974564206
88.41854129314446
123.09470395104333
108.25852889678828
64.57771140126876
31.5867168775279
24.443905467044246
84.29735434885325
71.98999619491835
89.82393718837281
59.81285177232814
46.90834670661046
108.05845469023923
45.24667180833396
59.67506927441411
60.457121234295776
24.929354886547145
90.44831510838375
42.510430982551085
92.6556412516122
6.150300311850891
36.200547902635186
87.59695469824878
116.19581799717538
44.53890697529984
113.11741732307414
32.03504786889361
75.0493158520899
59.86969818857589
123.19739058250835
75.904541676653
81.5393199067164
70.33325795923085
83.53722542822416
111.11834402186147
58.679941641647446
61.29521907565984
106.63916200867405
63.177825047649456
87.34062750781743
70.38163172232835
59.59060677816465
92.10125296982889
88.87140874815208
21.43614106923698
83.02902934763695
30.58742382790726
46.93738880995211
79.41097957786309
54.506922124397384
113.08441749443429
19.131047628037187
108.64442807418916
102.6187943616838
114.39620408582869
56.44557100374526
93.95011899623967
98.25882106904248
43.43615758406196
69.35638331938202
58.716757359839
76.06038658024731
53.752448338265296
115.13052990342258
52.39700514900417
42.9954586868445
112.68608709717194
34.61302495497883
86.70429211528005
7.468767417254156
76.20478934553644
109.76777693705395
107.12876850353426
29.015982082616397
41.27768358610091
9.224975891406586
17.25118577889195
118.27490640828891
26.26812986705051
40.849939395098346
43.24757710461725
42.38547701389016
82.2017728900475
124.45940964863928
54.156461764027405
104.07162375968954
98.22786529605213
119.80511101529638
34.98027371638945
60.58927027630229
85.92234018436713
81.7505344646853
74.05830323177183
76.24205208552299
118.45201093681588
23.219076810981377
92.84728382695066
121.63303124135146
27.92278577487798
118.08528566454848
47.19124916876534
95.93938594630762
42.130455131803075
46.02099925816718
71.63412025783539
78.49221647922957
48.01414414281443
19.12916339329192
74.99418728046389
116.45546838401148
21.581682842778527
22.33961597240142
72.03816372031886
21.509240046675203
60.606605693353764
72.90228830347203
108.47546576074924
28.389360355105495
23.00569805672079
18.868044319501976
117.79308817680732
114.12319266861007
93.64490487161608
43.28742981211721
38.91728022802751
44.92730208375802
23.104775992125482
81.96282097717088
50.9674018409212
31.264306404667224
32.18043059361018
66.09793628944756
99.34078037577002
82.09093666468176
40.92930059907012
40.309014799196376
32.876867522622454
23.213337571817753
7.995429438802894
36.561151180537195
81.85953043011793
61.43507911660891
45.43673095304292
50.33628687304774
65.67495475457987
81.33013765784645
38.13836982588481
50.61963995789881
6.324219830181846
56.19559765134639
91.4382823094598
65.70495896639113
63.583447378165594
103.68465634630513
47.64053648418167
45.37865563560859
91.22931927484002
35.21861913001054
9.927571461480333
24.749048845242086
28.654396237587598
65.12148484126905
81.58320257844744
66.9859387421003
69.09840782136715
26.944028941034226
115.75603690226592
7.286248915462224
43.10085465454405
20.08750736618564
83.13658160811511
65.59373605685978
56.98044232572719
15.30076241853753
12.499717657845913
105.14350991676972
39.51884296319984
95.18388563001741
16.64970891746183
84.88299953194098
44.28492815777492
30.143666947031946
87.61125358194138
42.76867831836036
40.41962240287632
121.67018429665342
39.67521924455062
57.75470203090126
62.58346407862687
45.92274323115695
52.22381489487883
89.90300182916539
34.711740902532846
78.44073876803314
114.99166987066573
53.39684225959437
86.18989412301906
36.46409889080645
97.91273958428496
84.25397824659579
77.67455856621437
71.51852891631086
5.046289413111403
30.965459279347264
79.95730213529416
35.01391986105179
70.88299091510083
34.000849746876824
56.83771730583475
30.10983805742049
65.09021794106434
17.50018884664754
56.162587085950456
22.550237923490634
94.62757735777535
46.70581059386065
86.60965254947827
13.259707691133393
83.97300764798682
84.69465726246031
112.26956248110486
22.3053531933
25.97146090447324
101.12507858203692
96.5492306123021
36.87324673446197
76.11785505945247
33.959059842208475
108.3851565588688
89.88965724337416
109.27273116513553
50.31515012498399
28.00738664592226
76.51663719517529
42.467319594732174
40.188142149055246
83.160102390482
65.28764909628931
40.4587627910997
33.87349584386146
41.87693826078852
54.64882266478566
109.94713400772136
101.3174632169067
47.30445666431624
96.05660570695088
22.24087202039967
88.14681200282419
41.31637116968432
123.94391129332135
59.93712811965079
68.51989726091912
101.33175034679024
14.675958122867065
82.96883979868447
58.94207124086457
116.22319809284743
111.26119436137907
93.70078341281739
79.6047573993222
8.115287119534102
51.17774637339678
69.45267449710123
133.62411088122246
171.77238433610273
191.6899938337284
180.290189249181
215.97493321857235
131.4408514381642
214.6325617550044
207.33481961895916
140.78703850414493
212.6222851594202
179.07119079101273
188.05487129169646
203.03285703957548
138.42923605590576
138.30032537369325
206.3899841409089
155.2952014104082
184.66448793274554
207.85440490110653
188.350472458266
195.36764453196295
176.11121886946813
179.0455343991568
164.77549433716305
126.07357781523856
186.12630950375922
217.43999895565383
145.38794049127355
160.51882793317574
171.2203206195366
158.39012343814662
139.27306060348587
199.03774180812314
192.21678688587593
185.23102889689986
157.79509729529155
133.4905569798505
196.4092530417581
177.2455510259607
139.2999311727921
211.9718586656455
166.39886142262037
130.28929307198416
142.66527047479562
202.61004069557043
157.70113737257466
187.7011096867107
158.65466547062127
181.81690670544972
203.46342961345553
195.1885463868721
146.23742490410962
157.24630916149573
284.42162625891586
266.6411281368388
269.20143833608336
308.91149070856795
227.84661748304103
297.8281156946242
278.2671533090843
236.37006464818396
258.2639916289317
302.07419624665147
233.9330291833973
243.6800404238994
294.24886308320384
