68.17872456567572
55.245803999861316
16.388578356549445
70.53187581868099
5.137996306768667
24.088598193283552
44.490173719027965
69.20010720635683
69.32692960127193
53.13709121928568
57.59355271573348
5.146775517503446
70.7280164397432
45.425346524249605
41.521110512780126
58.511874221869036
65.5990796205769
69.60960179587136
17.056065557740926
6.229596333303661
33.42231495420673
42.38579815412355
40.566509030726394
39.98847820518071
45.10032809293919
51.28681436344234
27.001115816525104
14.392430904482612
56.17164969538382
53.6028763747119
52.695662688885406
52.06195610406743
62.48913087950119
33.59229883694426
2.246774456578521
3.7230644880941064
54.564179146647234
44.848939018428325
27.46209531699111
49.933713721164665
23.45812931057553
12.269709080238993
59.067212130642986
7.044949438439964
47.715800161135704
48.484309298405016
23.437813336955053
49.44132190111881
11.117439351359131
43.003096385769844
23.115051597841607
69.42112797735177
5.252260733925375
10.614804254066588
52.0404580757871
34.7560427288846
57.80328393521026
52.566320385034516
56.64627774340025
41.3112354524229
34.72295395679219
34.1146538949426
82.90981948173528
168.6829145208307
156.6310917932283
101.46162156746271
136.16591228880534
91.50268654180826
172.07976535414562
93.37329404631467
181.86476706867927
88.80802937598628
156.56285619002074
110.49590147100477
162.14951657271087
124.45151292058885
118.45952889282995
141.64590890734198
137.3133700174392
162.82821899001658
147.802376428238
132.24871414651525
136.2832405025609
179.3576394174231
103.12043026355352
169.0904837195656
132.88670711947142
159.765891251796
127.62251955518931
141.29900389308554
169.2892637549815
129.4631681944364
136.50709648747346
167.15071206201156
105.70425675468164
158.8638312186179
173.15489284786406
103.12237708989338
92.33988573541258
85.43387897175435
85.54086373400737
140.71827792977496
121.43088649740736
130.71678965834028
138.9922226196428
108.45776372415452
135.09421758192914
186.84220748814388
115.55212172442519
136.1338150714869
126.26718533510746
147.31581823121516
139.60703766442944
95.74752806864419
176.2051311530169
106.70865766984856
106.71678624939653
81.24498234718959
80.7445702044264
139.44272272655337
143.5861267226365
127.04493138363226
91.23936458972923
180.89616491984813
323.5285781474973
361.41699439302016
321.81824387395716
307.3570800020056
355.47684645455854
197.2602971663576
248.48374687054275
333.26422670910654
258.0546640411583
214.8173532700559
318.50908374125555
317.4574082845437
306.946188625738
245.0549778119486
318.9165558718816
308.23966903620317
227.8627479655574
239.51266737162325
307.61723824341465
352.33858325124
276.4733284157873
245.8070351997643
231.632772517374
220.57475973435376
199.82620429431756
243.61379148661607
259.16227626666034
261.6628389566447
200.23448751871848
249.24758556522437
230.53832153705358
301.77457826393663
299.8838932642376
307.1616313946059
274.844592986075
196.9820353571434
358.48290661544866
277.9106116489291
293.2498177559314
220.78636370602945
317.357051545353
336.8569110871139
262.3878249350414
298.360596179009
283.26191537564
279.8116310365336
193.80953825961677
352.27410360702595
312.14225120466375
266.7680645492545
223.92218210492874
227.54102841165255
276.39458174003505
276.8069287312032
239.12725977367313
266.0843014990134
264.76715568941734
197.8227435808352
202.78589223487842
289.5520475421684
318.5415418332374
267.6484737485306
51.50763015931141
63.58158973913242
10.464446206559792
60.52444921685879
90.79537118839725
104.33445882391652
112.07932784681103
1.5380432352228013
9.6654453023191
117.5142421030757
94.56229234606137
41.49315629218229
108.72472562355694
58.77814548522831
10.102305388825869
91.09931620350616
35.09718226343189
6.284260544810735
107.64351400481026
16.789115927617118
107.25930623923549
47.78982836588788
2.063884931022045
80.93359898129447
56.346533320646806
1.9720037336766865
42.991660024422195
104.56926670279714
5.140402448426713
78.46548618679515
36.78702925267007
18.811977658451077
50.12864732270447
66.18945332471357
71.59089671636782
12.549247435129907
74.20645296634234
91.94579086475895
42.42989413765668
100.31544810357951
22.79671825367302
4.961023297090598
35.00169326656334
5.420334103235973
13.18060860431865
56.718558482836855
99.79214032669981
83.76950868606976
100.37730080877373
45.055026533554035
122.97663077469849
121.96969929599828
71.39214540053203
103.46387910553554
25.01427803813275
67.59798881301352
10.6959496797067
101.41227308374746
97.78824748716201
11.566287550511824
67.3708160886255
95.26329055050635
82.17139713734785
27.32209784128851
90.37841143887839
67.8559601691374
75.53893137509411
16.189000180377285
10.097787636520486
86.95864944355968
20.537598969379573
74.64750695946994
28.760652106393557
117.33919809212179
33.00218285692873
77.42166314718749
94.1923765799522
53.502748054057264
28.220319495284265
116.27740834976258
45.467093310282344
59.988963191078035
88.55878526782683
68.90962204816681
72.99005055815512
59.42493062471768
115.28066775769662
10.058715685476464
9.421650266869662
95.36681004282767
13.834441407888242
32.28572788653207
94.23358643043196
67.26496925503928
49.88567216678401
54.60753113848585
77.89061693782774
47.73171281182251
96.35462328935613
96.04079451480182
62.733603105507534
94.91850643333285
39.471314868574865
43.49842033045453
74.76045669345024
89.84201776224823
44.84413369083803
10.188866269520695
104.16391028575084
16.739416743773276
75.22442918884515
16.793013241575082
48.624721682663385
105.53614034435056
16.858114796960002
91.55505599260786
28.216277592150284
93.67636711784033
65.15472540403557
40.27580346095009
12.101151622334136
79.5692964124845
68.89270882248296
110.24354037768829
72.03562637998893
132.7276036083874
154.2402643045294
148.99981372580655
151.49026554747516
140.813740801151
134.99900051259783
159.05371742369132
130.8064964548204
153.21799938003355
141.21140625644966
160.66938064822259
139.64919396931313
133.05367693167008
145.89057516157146
143.358696433714
148.5283965742536
157.68488482620216
149.1030196484288
158.12262512500624
141.35665073334815
157.1290500952903
133.46024164497837
126.78060361027268
153.9964678920557
132.390688107601
142.28573812677263
135.12339762904216
140.31029710145668
138.24533928321213
139.86537930231867
141.69012004564462
154.07366043106907
144.35962658164655
132.63329256760812
142.63102349638848
133.63764788841212
147.58355028239924
124.35738447439402
153.3003296744286
156.0641555934825
135.6681541555893
135.21456869923307
142.91480486920148
132.301454598111
155.61239657074034
144.80674135514445
128.29990401820768
138.31894082453223
157.63529608403226
154.07465776387193
141.11808932095883
141.01190532620015
154.26783926759828
159.77869222843745
131.05119734544368
132.8745075779492
158.1557984770012
131.80767090099053
150.57868805430925
144.586397791163
129.6868510367855
159.5196674651354
138.17313363747041
124.43521711906985
161.88276264864834
143.14284140846226
159.81917842781397
136.0043090124256
134.8706536922038
151.85583449279775
141.2932478259184
145.33858184157776
156.27697449533096
159.31805263141044
140.19882615345037
141.60404546314078
146.58858081302765
131.47946089569552
147.53712910847574
146.43224594313904
156.0231090728974
123.28561925991914
147.30517268240783
144.02750294394062
158.37717587732553
159.12492056308128
134.08269290578025
149.72812794703145
149.81463001914005
134.64708566569286
156.2445625739901
132.79421014465004
148.11466383067
150.49403621024143
145.50000489497447
141.64366470591398
127.03085469320479
159.37765654807626
129.91892708791772
151.1426174480174
148.88585709022632
158.79637619972024
137.8332236296846
144.2163002409654
141.39131689729786
150.63363772085143
156.30858826638917
159.78175938894935
128.884588255788
150.57720639934655
151.8333255703983
144.7677050260186
144.74536662743583
146.34146520599992
145.12783258487835
146.62715069878243
138.03179720430475
153.81943296178184
148.1343080448591
131.70343108569173
123.57227855677209
147.9147525424827
128.51919161223174
143.04964926752737
148.10781539432938
162.50910737676915
166.8401481503899
179.18141259387878
168.38551107301808
170.51981883912757
178.7313965921474
181.27892289699162
171.0886675719733
181.61599605317954
177.57129416290917
167.9090274418721
183.17043827336892
176.69744948667957
183.18708362193433
181.9980377004413
179.55176147446764
181.0332525020207
183.92653708457613
173.40771092725907
168.89017343050267
181.19869277269132
170.40587361968497
174.7953644807967
178.99348941274908
167.98731723594466
166.17090640866599
162.63430725019452
175.04036779313128
170.3767752995471
180.5640388703618
184.0056886126887
170.86235074856043
169.12535484764527
176.55475198556732
174.7164401867495
166.76686969941034
179.4428718307264
177.92354004644423
184.88339461278775
172.50935271532407
164.8377099157912
170.37811472435305
166.05431765453497
182.74171854335836
178.87323860149957
184.40334721620093
165.8076879629404
182.8980177941707
183.70063466940334
167.4172192338813
164.5955399003271
165.173414039956
177.70784678536364
173.1454955040129
170.61330341204217
172.22301724829393
166.09757544161488
181.91655216821732
169.8834675334821
184.22696422285463
164.47659736364764
180.41037009987713
172.00963325282373
177.7816337645143
179.62346886301611
163.83042102962835
170.57478535371033
170.3812533493538
173.65135963500862
178.82680492257526
168.86710130402696
180.79464117861863
174.9706811496865
166.9979404389648
185.68114371951987
171.38523633620764
173.52072502385784
176.05331276723777
171.6011407302146
165.66858658287293
166.85116692378685
174.74422498807957
169.4141966477618
174.11742191961534
176.15162479921923
163.91682716253703
178.04888827310535
177.5956546488719
177.77474800489304
164.77445869706793
166.87027434833232
179.65833940895558
169.19558924908878
176.47573173179896
183.33502751403933
179.17291589423905
164.56502667382665
177.20521838683646
183.44326455957295
175.12487996172683
164.28244583867425
183.73315200353446
180.75926120670889
164.63548627696278
174.87669405566976
176.51461447766377
172.65079861831944
183.1470949906171
178.41427695619507
175.41849400497853
171.38204275704683
174.57020597917895
169.78278371513616
181.43262148739203
185.3829885474796
168.76952815002002
171.82722530511245
170.55886088420579
178.0544236978374
171.72597156361576
171.07439794192402
174.96031511071592
173.0297130385616
183.82785642259483
179.40084425994465
190.14576798394427
206.98996239370294
188.0527920089738
203.15925757691005
198.71320822145333
200.18626581061628
189.80749365087183
210.84272123757827
209.319761672036
187.94647233552294
186.27291856984206
207.55401657313487
198.4571245266089
195.8077853258605
199.50870832965145
201.97428335114412
194.75483209025447
192.42887493611443
197.80322881600026
205.61970495067547
204.67633013079282
189.93038981434012
186.61278163772644
192.5318569318459
212.76852234715847
202.63862413069924
210.94836453203376
202.42676049460107
196.14326931910563
207.2655206906438
209.32559209765066
211.07429709066304
198.24726701060575
196.91223496659595
211.71033398675638
190.98499496904054
203.69337075931298
195.5568497004943
194.02823946674914
195.29350512287223
191.9377941645835
206.58788370558366
188.03287858745293
204.5938754906816
191.97785100564428
200.3981141004005
206.17813322417643
209.38404949783785
196.18686799272717
202.24843630013993
191.71185151388315
197.3005886487839
187.34440607491732
196.99757713787793
196.52178562279383
206.44945922380882
198.44446786704393
204.89470653672672
203.79440405735969
188.75252166305748
203.77777486297313
202.75604327939564
210.02792809440615
209.72974262341407
194.7160534193651
204.1159062084196
210.3696939783128
187.29478607463744
190.61273646496156
193.9280701669905
204.84536123345953
208.46693436368818
186.65896673285357
188.18709767397712
200.8721996165808
197.2759085382957
202.33561378111776
206.89991410760533
197.07173289824436
205.0543863313951
205.79838266664254
191.30248314520117
208.62463726160976
190.6788966699443
195.67868888081807
193.84841020011967
199.36889257257926
204.3640200116673
205.87476892444656
200.7128932809318
197.55578043347242
188.3280692959245
208.83254209318133
200.58019001088354
202.16510793257856
207.23252095930465
202.26453411143655
207.10522915187832
206.31045213978723
207.19844827411563
193.38079916105391
198.77028497535008
202.24586832423773
204.2100367147256
201.287299447001
192.29140110568696
189.77469953377982
190.28732845396144
191.03672451026188
194.81278698182015
190.08226538874962
203.11620307312177
208.78362142167182
210.17045577581524
188.84089190384242
202.88238592476077
194.0644240477862
206.10669911417688
201.69124239995966
187.18637892281484
192.8052181059789
193.71978745982585
188.48082945265983
190.08971995051812
201.54170315683677
211.6894034068563
200.60504618153962
194.9961187436193
188.0903253821894
196.48523595844816
200.53268842630905
206.50574029133114
200.05383834450217
196.03130999156284
188.10218384126438
191.9772092494178
191.28551778788201
208.81475423288626
194.70350567634307
203.4545194169683
191.22496971547852
193.2576326294094
190.42206616928297
211.23717709110173
189.05580480934526
203.23086821602644
196.4529116559279
195.1155446190011
195.60171185224772
201.15285263287888
206.93538054275055
200.8196677410926
189.79302358183884
196.25656397454625
195.36666450044478
211.88626429100376
187.73987603341095
194.99747893523173
192.85912910053693
191.02030214487638
197.97625817146277
188.8505928185976
190.3779426486179
195.09111485053796
195.24175235970606
198.88154485503574
210.96997460435554
194.67132354462078
193.73241556100407
208.44082236967182
191.29787205541533
209.08335617492912
189.76746097903663
193.13144178559497
192.20315756319084
211.8526542723812
196.51829243174345
188.8928423638191
205.7239127117684
190.62832915801923
204.5771814103514
204.39536649915595
198.86011019346742
202.1309715231395
208.29866170981296
209.7829461569395
196.66157596430062
204.41433120986252
205.47373540577107
194.21371908745817
188.46833271337553
209.74076088567026
201.39873202246707
189.8885502865415
211.8482843014945
192.9122807285872
195.91591015404794
208.79637091887676
198.1215988451751
205.07002937794164
191.89589600055177
203.3065287193487
190.83573398982298
206.2472243649967
194.36118341879657
207.2866546553294
206.13068903478398
199.9215674257734
191.95304700609708
212.85598538409525
187.56343273716706
200.4972007882977
196.14313377580467
197.07711689538243
208.78018905320303
189.79467005797136
189.7512598556187
212.27105446183558
203.24411583643612
207.0258125101599
201.2897821752343
190.16305507720173
192.7280556998631
195.8834622531495
212.7082487303584
200.98365936327733
206.1427521337464
205.58709745537462
192.68588942592064
199.30601307856074
212.6383459744726
195.43237518518507
193.45566071201813
210.32020493310586
208.88767764016387
199.62085573834867
190.8664634051452
190.33528300670076
190.79464418395193
211.3822498433014
207.79991042755665
209.62387462317426
189.16589306972742
192.0808066507506
200.69007685894712
192.7457100147277
195.3386820976416
204.44092045052173
187.67682530316696
209.00302445599743
