35.05851632367687
16.57123560897856
10.170611978677051
38.54719368913218
13.82092723527288
25.26538477776208
17.92370503821845
27.420093369462734
28.559671608161544
1.1532752988717299
11.000903514461513
26.03484857459126
1.9522812021493579
47.60927470838162
29.028544156814704
28.78139869446685
23.683538901637007
33.83544522926653
14.784742634223889
55.33206805265526
35.195432138794445
20.608066789268346
12.650588874939531
27.495931470096863
11.958706110436125
25.21242492238645
16.40930273873571
43.41090819684178
26.223905633892347
37.90623900649915
7.883607111019725
23.14340566390269
41.767355041873834
9.322135031361562
39.996736646035316
36.48759368012555
30.97757440857239
9.812094805358306
8.626198376613623
8.706782115174533
54.78694145709434
32.47654813051332
29.833412394880032
19.608762636765995
10.969652612082818
29.680523246565187
52.13105907240314
41.11316778323247
45.475575090932054
18.166482164934678
31.923015536733445
13.81134254632028
37.30163086871873
34.92074994537444
28.903191535417086
25.493466682094823
35.078523201346464
47.01815749784991
19.24887848676355
15.783253089838542
41.72729299568672
14.891787508497307
86.00485351411379
70.61610195030791
86.03795484474439
57.261293844116096
100.8688574730356
111.89588147133185
106.47280109121948
95.82874926265089
124.44930378604799
82.82457784413005
85.50677630594294
96.63517872710835
107.09661950441367
73.86205834429703
117.82857614042697
72.27879344006448
122.35648823083412
128.82108745655952
85.61100686349721
119.61215612283088
102.70747724443453
111.23409824312097
116.92777667603795
99.30735633539744
88.43405489957962
97.06554463203959
72.50387718453209
116.11835470078493
60.955638381674746
118.23479364687886
105.81406867203985
71.51693783170639
89.05329653096604
59.60477607511254
77.43218122797208
99.17721171742025
73.17777243870616
110.32008787265846
70.11931163989581
122.14351660640045
123.94165325733015
131.0041633359653
86.3184276375868
79.6187642516575
104.6777406134857
73.40967975623866
116.99847363958892
129.54734987023778
99.47548908652735
89.05122755385145
129.24831223673544
68.5556364670111
89.71533617876989
98.8407213494644
118.06040838616484
110.35828183353041
98.85251651654337
98.72685952334012
108.55055370686983
79.34874890446591
97.57602913455183
84.1444598126188
211.09669130570578
180.2527204804808
204.05504762940097
168.93665979689322
206.69779812934004
172.40360288614573
137.2284171407328
172.38053869572974
139.60216774191025
142.38263291335116
207.03875068629122
220.05207505371726
165.96131761905406
218.49134893174386
141.04856033028227
136.63672833956983
141.09231009571164
209.45218270189488
177.8902455021827
182.17383543794907
200.5907017305509
231.054405402439
179.61817565828616
208.3844069303101
213.31553277491753
158.62353515058456
228.14975881597206
137.87435201530982
194.7800168900574
162.62123361075788
197.70892965939274
142.0541503344803
150.16682404055743
134.8913485110064
147.30015698745623
152.35513697029543
202.4450059354084
170.3370690842264
197.23894745177134
174.04806087100508
171.7748842930587
177.4953712314163
169.54825034767066
138.73611365875118
171.2443549815195
180.98546774901345
204.00676880686717
171.4460092935158
147.96081926894553
142.45820388076186
157.30045041035186
158.39177426977898
157.60864428599263
216.68058645346628
166.48925782510452
169.0395123291267
197.94517463614838
186.3598053013718
213.63921349867135
176.1428257660522
215.65665107186115
221.49192112548863
30.95367821103843
22.812365170742332
18.172446744567075
31.56383983671533
32.629016457358524
13.933281348111755
14.457048730732232
29.475987987095184
17.695157810016553
19.731291990355572
15.22696950463316
33.767425001435385
21.070162427655028
29.186358460125565
28.622440580470823
24.627486209829872
18.232828841144254
16.15560350920596
25.296463474636436
25.894632083901318
35.23782839201913
26.042790795011317
33.917868624289376
21.807952588668037
15.594274860267838
20.055669867687698
20.83571182700325
15.069255561405862
20.280463926484735
35.634927038049526
31.87112367255186
22.641846111691873
25.29683464046525
23.6208668407137
24.30409762624482
24.765632828872384
15.97813058922561
34.870104440804106
31.96285279297706
18.77178627491687
29.15317064015911
21.985014354090488
23.31111522121489
36.68298871170454
14.467715471385773
26.736909074085943
34.39690033704045
29.759665474669802
36.10611356013514
29.092720194474094
20.528590516289697
26.73638593377614
33.05204444042275
20.110250152607577
27.76670423027883
28.985917674876283
19.472624306247333
16.876466818878548
18.7950372495311
30.522024367809138
31.875388475551105
32.75128763424715
28.094786281146035
25.431158447386444
32.38488596091127
34.68269008012673
26.038758531942538
29.743383904141023
25.544974662438033
20.72011734898357
24.368621007453207
16.268886199685497
17.604755807853806
29.38721139987837
22.309088305737273
29.741740336959165
26.06645728855688
20.1226275556849
22.35962115108492
34.24431882237365
23.45778010984779
32.55506510869332
25.248068748055896
28.090800797358778
21.912664900682522
29.200636956663253
31.913568056502022
29.465029997888884
29.34677336549078
13.868029406852973
18.365107680167412
21.253766642508808
19.184023544732465
32.88942437209414
33.784903684467366
16.190223494104636
13.345303752249784
36.641489036687695
24.26804096288203
20.20554940876547
22.495240915386994
17.138874819493203
32.03575035327425
20.032555978568066
27.37255558794741
15.615026341667528
29.316158623025764
30.298457722951817
29.96207525730088
34.49109705004652
24.152169214788564
26.64620052978637
13.050915634802102
29.59842722756425
19.557435680524087
25.736619813666653
16.11244205535728
24.86288641517898
24.596594546407186
35.30689438665875
31.91518111185841
27.074397818916303
23.521506069780077
21.635259106343547
30.173676404215158
30.759111441521142
33.728759314814965
27.038028746410028
20.116143561037035
28.716755430084984
18.20515400930772
25.297598764236525
108.57268162048248
71.01153828101786
68.48996077358835
85.3213129994303
47.17180395471167
83.64433504915145
51.70293894021901
64.31139661979694
78.76456938040351
95.24810627968756
102.32939859720156
70.19433383522906
46.86393772060358
76.43281544533917
93.64992113001512
111.87673730954262
77.59102615689541
48.56336869030229
71.42786851577057
107.2241594359509
52.910148553665884
94.90993222199953
80.69447189704424
70.63983825072643
100.67297844540455
108.46269827592533
86.24376277059707
81.84829987538464
59.292090524187266
52.17561259856887
57.263997494572
47.22416432310982
82.83669131200647
88.13105023560006
54.285458190169024
73.71057756935791
93.20206835029198
100.57986749362149
92.25483131055702
105.16145238674565
80.55268939743726
57.572449718600225
58.806614409876715
83.68489950321246
102.1022816754047
39.38328175290872
42.120987012974524
49.30343920390001
46.58743659743356
77.87931657793078
64.37804956240852
107.81258400545184
55.21207280558672
65.95531996827725
104.31640224730623
97.36985477815765
65.72762921754364
41.38817085579075
105.13721843606024
45.3250859108962
48.77539113551218
50.75123273000922
86.53083713220747
79.38953622396653
112.29347080974196
63.38069158198578
106.50408991222244
97.31203994085442
108.4528098760317
65.2176768321669
107.58198559600223
56.194278070048256
84.53971880137341
42.14927823719172
85.7495886593511
104.54102748784331
78.3344435077118
82.73728830753213
95.04559297666674
43.289094011989775
59.50819718540656
53.24583518720071
52.842644652169284
105.65870015772737
73.67417492328153
71.42908940391101
95.34516948882147
63.44334902210133
105.55544846352201
104.25088135736792
106.6856978684687
114.42397826919657
109.78782678357632
71.17428879983363
84.04311708935771
79.71184106863959
96.00043452729994
55.64042166902688
40.27012763335324
76.97429210204385
61.87835264106539
40.54701325692516
90.00279353694057
57.2635298120773
46.363598838523565
66.59327948717302
80.21908143935656
89.38585632139834
40.89618494660103
61.6639483440024
37.92938071923014
60.207795215016496
50.43238568643365
105.68380855243063
60.41617654820435
92.76668501388504
107.89285649178973
113.29311365398502
94.97464055872982
79.19874004186521
49.711871076219346
84.27553745020539
55.87990274218158
89.34659418110422
74.34707618597206
42.133516161884415
62.566895456942525
58.25584408781313
56.73464224406696
56.5652430569306
83.39091373684825
111.18972577665885
55.36896875515205
51.416346587057284
49.102616367282714
43.84435122245855
68.79369635628123
77.26950730349026
71.06721222468543
58.04346580595711
40.96838825784002
81.11436322435978
112.70713115885373
114.92531489822144
107.16124940348196
114.46639325295341
37.32476977178125
110.9849034743427
61.117137029240986
85.16328499353646
38.86240221762881
91.17231089689619
90.82824046494734
61.077965356584144
55.08318804534258
60.24148953879791
87.50687171410988
97.18388339992322
69.31016732745108
49.39271092316227
67.7792581385757
40.661576019484464
93.22194442842297
103.36175989615151
51.38296955990275
74.34413494286412
103.94382026520421
45.72900025978656
107.05753940120113
90.79400069200854
67.86945636266051
95.36097389610231
86.36883041369504
107.9943668520766
75.69552214577253
58.83293704258571
87.8012996112518
92.82768655194215
83.08676719907871
91.74916782214511
81.51006418365863
59.95795570632221
56.745772208982615
60.92645964666171
54.000708927613
73.02319512743817
38.21220197144925
45.09855288599504
43.358755423680115
101.25128841081832
102.07128402035212
54.83434151481545
60.94250956727771
106.14928879258923
111.24369456998467
77.79872290591848
112.70198010675553
62.40441039257739
103.15121523569974
86.00328710492201
98.67289327075395
107.70943568025808
48.642116722543435
81.8988267324579
78.61377795928425
48.343688634645105
86.27422315314463
100.74995502261967
113.59070508804774
77.27862118185742
46.411586410058604
61.403377784181615
94.61452370701215
59.90758053087018
46.73620976619242
46.14908979447343
43.96374891002752
72.03425876177229
59.77948671670727
80.87914898262059
214.3901934959297
164.44229435090944
182.61996234096432
145.3735191963787
117.90480017004819
161.78399148647424
170.59048804631232
164.29625186832382
223.41846832749638
149.80586139234958
182.918987051672
194.89890761836847
141.23556536024478
177.70407784403793
156.27519113402704
175.21125727133017
174.7208508367575
185.1561591571582
190.46916890310027
202.89335198233053
204.9252761904816
179.7933193619679
182.9980592618619
214.28762976092202
155.27372539902905
133.82218659169357
222.84752087121367
162.93658125313647
223.5072578641116
203.37040345427303
189.45323673036845
138.73423256080497
169.2524431729346
199.64080545650046
184.62626628555785
194.60344047459168
189.43523378487538
134.5768209245232
188.2707308362804
153.96475342643552
220.4023299351334
217.71449370917088
166.34501344246854
202.21586509445788
