30.172218501442707
46.74072788171188
19.280384289787744
2.795501447391615
13.698416070045413
24.704731883573746
33.21392738784481
2.301281010163258
52.439420858281395
22.299094698375278
6.5330358452439405
14.73605492671127
4.753951542902353
5.981812856249508
26.378893267975826
5.7371472629881985
13.973350087788168
19.85516761365421
23.49282957131862
47.021594551336705
33.67297789069494
9.630904018213478
15.534863330821112
31.04800649999186
29.1192923169457
49.42938184460184
30.330458492437142
31.73241392811083
5.0782591779279045
25.06624141643814
9.883669209203312
30.596869252408077
38.58938927188169
45.06304954367232
50.27419734987615
26.464567647301216
51.34962941810598
23.137241276491583
35.72268485270621
31.321646510865424
44.85753496096653
20.59620954606966
8.028462419681823
21.696603265321922
44.435674813936785
43.8542150836796
50.24603361350602
33.87167252823938
4.313313790591337
18.999107708648843
16.219503091966196
11.233047119521302
26.408830890917937
1.360092070486445
43.70263198310284
38.82270657426214
30.968190217273097
27.787165571826293
49.836448359044454
1.831204335275487
21.024600553814587
23.96611313996887
111.79910709477694
67.27742143137414
82.24761638576088
120.79479022527276
114.5227127461324
108.23727552863228
130.2942453650168
103.90296878753801
79.48373866557245
62.372808037908186
66.30817884567969
105.03970464786609
82.56572839675786
81.22419725943443
125.12643059947433
85.30244408400922
58.65933600658936
80.42740209811731
59.681318166509975
125.9203837919112
64.03518141174465
109.2243145061232
83.63439407049277
78.50937204840261
68.82180432651812
83.40194999195111
119.27696432972871
93.87073434241539
76.90659090732346
69.88593404283218
92.22197769865183
122.08502998262952
96.79916275605274
82.29485589582147
82.92808409299153
106.91718970599064
77.0603003618169
114.59567342963564
70.9114954191865
56.73185137701234
118.81146375179775
89.49763262739079
109.20719521136292
98.33478743645826
99.35067082007104
113.6321393398546
83.59845964492118
82.75956314722677
114.38873458356002
77.1962275430486
78.23126348766633
69.16056092664526
99.08826962891398
66.30620913393236
110.92410082653608
76.61512271967807
89.43853520242843
122.74751817871382
81.21934831619255
79.15673129471571
72.38806547250894
78.07363560578555
167.96385081055692
231.2638639207216
186.92833802600515
136.76466355041762
190.52445011824634
227.71646192697446
160.88561917644557
193.10015814861748
143.8684151882907
218.97200151484222
205.1900255686042
196.2966615718033
167.30803944333266
218.82495742039953
141.87727973794372
208.73921411495377
191.76905297676274
149.5405557856971
193.6601681411505
204.00309757316847
144.18283266641174
166.13680332475784
169.87483563879366
220.64813048401788
181.55928339686653
226.44035664589984
163.6063607390978
169.03102977386638
189.16364375297823
231.59734287193172
213.87287579026622
156.20702643979263
182.87863354980513
178.35811713271568
147.0689956885681
219.34449077456267
231.55888241388513
209.25939456941967
181.69848789889642
226.00060766293763
183.42102897588103
217.34807630879152
173.31560091264166
203.0487164869966
218.07828468247183
185.77608366766046
195.27218527410315
190.0665492337961
186.97629600806033
217.97053537543064
185.15964092909633
183.4265303021798
163.61316722491338
224.4644835585992
179.61426870974685
147.62489527080123
149.60516921757576
195.6174601972217
211.42412688888462
168.30590160924666
177.60384300160337
187.37686120490307
21.64098868020654
23.603372241055247
24.08152854126545
21.412277645996085
33.57695595675001
20.20459664093762
21.8089396008941
35.88640555322913
26.74963158181487
27.423574108716775
19.637937031198316
34.04805258168954
36.55610495406554
26.9556945635617
22.095673294853903
26.2255211418513
16.579941017358188
54.26385108765814
63.53478318946442
72.42182286655857
65.36858560359295
85.131960496682
93.00651047477064
40.37141589864691
75.74733053188416
78.96433398618468
105.66654324018867
61.67068311377888
81.32047949923175
50.85374597917688
70.74220259468294
69.44792348943099
85.07739273909316
96.6872877165234
148.5424421199458
181.90184760493221
145.1315073918421
135.3220796040415
154.8978024513628
227.34377632034222
121.41108332684726
131.38751711520598
200.93862453592521
131.48434128266342
222.5436448439305
151.6535733448083
146.41189917295333
223.1997218847734
146.50239289572986
171.1332399595719
166.8731855333908
122.64988376418408
176.77928471721134
157.73498509454816
211.75653708472655
162.03441370798043
209.15832275033597
176.39018138069179
151.3500410198458
122.67750726080996
225.03429782714153
212.4713671975631
139.85478642766984
146.5831269112109
141.97498466364587
215.4848895349177
185.01473612937164
211.51224344475602
126.51776188931751
141.37022308595087
133.11691722334166
230.36642838123274
197.1913760847324
168.2745245982522
166.54478568828105
183.7270224602801
189.0932545832939
119.21468448651558
164.56348607505942
164.01114723661325
116.58679829936528
201.48621846640285
220.2041151372868
145.80265378830552
199.14001859608092
116.19526769656986
133.66118480814583
154.1650067153084
168.28177921953002
160.0380116958064
199.24171727858837
123.56422977197451
228.91232405760226
163.89837117316839
172.17933780796653
177.11335419900175
229.52623296800107
205.22813351765603
165.49618124202945
139.3194005529652
203.88842044904183
222.1534338460602
222.50273869570958
209.9941691206398
202.7550005629117
159.01965491544698
189.1495108474975
191.14149553830504
160.92222156797052
179.93982491797757
219.69515664646093
224.62815478687202
156.59223968141393
224.31546003324243
187.37576193704317
222.28266245906647
121.51393068205303
167.72662437715485
186.07828149846705
192.62400153180093
140.1295793912104
190.84919232436084
166.38416343810155
191.69644807587122
118.04805922827379
186.5197373185565
144.93946498356047
122.08640047585543
148.77529325879922
225.82162376755088
134.02301442289593
173.12650490393952
217.18232852865808
126.41868784822367
185.66231783603303
228.7943953965829
221.52744578520057
129.45609628540112
115.03386190780478
169.75364761230867
122.55859405260233
155.7285955094355
138.23740576300696
189.34550974211922
181.87604459179042
217.1775357571704
231.28202621719726
229.50925030393094
231.7859394821923
206.86721803699317
219.6170987684733
181.03183329423655
147.43822011289106
217.6519568759401
196.1665930765344
163.30078967049633
230.2188043059909
152.9333368366651
198.1156111555678
175.90824377424238
199.343564369889
148.92652999779025
195.39167461990772
221.14772080572533
158.6468586232798
227.15125897746327
196.9411431948356
162.5691210950688
160.3163188753789
193.52280136993892
173.3064588429725
202.476418031377
140.81260097191588
159.63442691028942
192.87334244225386
227.69222517396213
162.18340441474027
164.2189927417389
218.3841859919475
213.46727817858945
194.07324873927251
158.21812317272241
138.5891646738346
188.5379821204729
169.86591205216823
172.8229106849434
163.8243626506135
135.4153939589155
129.81527582150727
193.27225097386474
202.2865502634846
183.6775106602473
127.6850204430742
151.35258077271203
180.10182723568914
174.67331154789892
168.13308651152605
153.0561726833665
215.51934918090006
152.16115541256278
231.4544638509946
202.0971930098812
133.90728327994717
121.81119151325524
179.14510267105376
202.2366340019238
204.43347528237223
164.36320872744895
191.40999510649067
141.10068818294468
215.6916240458121
144.54780713201896
147.3385714253026
145.7537430032764
215.20726310515818
157.52351562105505
220.93364753119403
162.52238227873696
141.6042953006833
154.23179330691622
158.90034848123886
171.00223533489668
193.08949641977335
136.3469718706116
218.28508488257506
132.3583962358758
219.68136517702592
141.2117717949247
139.41402848418977
222.62596919084967
154.41714586280108
154.73893500111902
201.54798663426163
139.1068714318904
147.4787801547019
208.55639392397774
166.82168906469528
164.77217072985758
210.29925117073344
172.9647085836432
135.3433205196149
169.16296892453303
205.17073780760978
202.31943004690146
186.89735317893903
151.0103400416906
214.89337381114592
170.75341339742943
119.27368861339224
129.65922290649655
156.55620409886598
222.23496471424303
198.56637909598186
184.87791294507517
129.02748765029028
190.78549492363146
151.5840834627513
186.85064751093495
196.1381741364651
212.5420184556899
133.96797746498734
207.57314838659002
154.09240483666872
185.82469495475775
197.9269092730645
186.27005961140898
169.43519239860518
115.88558761192294
215.71582970483905
197.61268050490344
193.32444163299047
169.15351019441056
190.33495095304642
138.95200779159077
183.54487077049535
191.27524955254293
208.6138760998869
187.80843008212292
157.26256736695532
218.99290880781803
117.3434588035341
185.99590208909885
179.6370630965423
139.9261937666374
168.70757657543822
162.83043770820538
119.90576762421597
199.00104426638944
150.359327796573
135.8427799400156
166.74892014605746
149.9210454889522
165.62484215877188
130.0884905908866
177.51614804641613
140.51921614594647
195.59565752521598
174.9745648938641
231.21522961491522
126.26946950152487
133.3709329153188
187.71733986393042
185.1464879271206
167.55745667201776
150.35810525738648
128.47165056392447
185.76102445339546
167.58531158219614
124.06679729317698
217.92388326399222
117.35402226712631
201.60034782215487
140.138303395638
157.33078757024964
196.7664652558832
198.5891462121556
165.82544407775904
159.81823560028838
200.65105506895458
135.65207327639737
139.7389440247103
185.4116555042112
202.17552916638294
147.52603383560455
199.08213240680809
192.89795207303837
209.94290094091173
220.11266933594496
164.83905210315984
205.25225583485832
203.5082470229652
181.40266078769994
182.3991666120097
175.29324286372903
162.7638576119398
221.80474463002997
222.1345900509417
177.8691069338543
175.67001088573633
130.7501069767833
157.5347518375589
223.43882477349115
208.22980949239937
194.86879470977797
207.00086268175147
155.6937477932172
164.6114846529042
161.0426293811996
163.6981120508389
159.9708958125726
152.09163990018644
209.75231929447375
189.37467418028328
179.57735856430222
132.02778503435908
193.3814566506864
151.9579251453123
184.40320910767213
175.38157828146814
174.73735722965557
135.72140045277547
163.90457130333292
174.49679791270088
141.34266061248616
127.27166689426373
145.23049095683314
201.87117297121526
180.80955989764664
169.0851292686963
180.15919590697638
160.91124532104664
165.02355116615428
155.02647272920794
195.47593512580454
171.50257440884303
182.50527445238953
134.19978218931777
220.17488713258655
200.69159425243282
187.81969398304466
182.41650627827553
169.3522448773294
