19.809750391690574
36.840143754867505
30.93638523612958
38.880461763662865
16.297061390769585
14.83193293850182
48.87578923108548
14.380381158547353
2.031229838124471
3.8811996406332554
34.014963170983755
5.068629499427569
17.48980048582333
14.61106400201355
41.580328435166074
10.898825514862473
41.77007854159673
37.432423383173415
17.144506159426307
33.66566043290796
26.662336468204835
38.27051392974322
5.573213444281322
27.141816403616684
6.207983461661769
30.302520835711665
8.714931996956444
16.96756768479232
1.0532925248372322
45.58164802872034
23.943884778455846
14.572818438630577
31.45038375259709
28.388528998904395
24.078554651967288
22.60488288199234
3.6214728552043596
7.3733886009158525
43.06283583873369
18.541106477403773
11.547531866667796
31.59947192580793
38.62930767256485
35.957089840380114
19.720893877469685
51.358625836014845
55.505924306655785
11.301952528949403
18.182193212003998
2.5912079945676965
49.216547524632084
28.28407296858795
15.51545664325074
15.265339184266642
48.69830975949732
34.73680331691823
46.30765940998815
29.977285441275825
11.758065566074148
31.801257479347985
34.348329985897415
17.78626979163144
54.10651901391611
46.212949544210986
54.03805120262382
31.38743980158181
46.90045000531343
46.15229354697104
28.997611957314962
34.505173466877366
6.197575402373527
27.44038880633923
8.776194425256651
21.417061671895908
5.129174337822448
14.449025965228149
41.31118700677544
18.045084034151184
45.32783045945706
13.090869871079773
2.0704180613759497
33.62717972080302
5.5949084031318925
13.108656364365066
30.28329604056212
46.812180365659536
17.563662334085897
51.81820949059505
53.80610441248505
27.90709105321313
32.673963624307554
1.5728976930109937
39.4499230579693
50.07832947766492
38.904041695670955
8.016549811615889
19.590522634188623
18.216730026093508
18.247949014339703
30.650564067793994
41.03548363755798
25.378692376433293
31.325666992968024
14.352311748660611
44.33817528416224
50.51391464514403
34.834672898154
23.12083546626367
50.15266813143063
15.718169435219195
8.889095796912919
28.640043324364996
20.127289577022005
54.539254927444574
21.985500979585325
18.095100368500475
54.477053719738194
20.809413550177453
27.138449977624422
20.54023967303121
23.552060123260464
8.593878830790224
24.79120026209712
15.084109279439245
21.224876280212595
68.10250757918587
66.59731242319049
97.1393150384196
93.43591159058805
106.47738467342263
78.42740249955719
95.2675971567812
78.22866310915563
104.22406984995867
57.47923166995791
97.71638201399263
60.049858531759654
113.16834184150682
61.87152110588665
102.94408086767126
90.08002201450681
124.13012204264744
84.71804437014846
122.38619464647562
67.29371199379545
105.99764668833082
106.03289780482638
105.57048373895658
63.849893349275334
78.43675957895178
120.88181278462326
101.01916494359745
83.19953641842281
85.66752644793864
60.14470728502446
90.45362896582112
207.7719411787582
217.18089107059006
174.69860488437038
172.78277908928388
173.10328523561267
142.28401091643735
147.5050030971105
137.53759723694387
225.35375631267183
211.9378322495568
141.31603826094715
168.15596164945504
227.03754794564355
162.84952857805752
156.5887337796355
221.798616606807
179.22550572031858
200.76050577663312
188.85274466554722
207.3233626629297
152.95807562054304
231.01332044870082
174.17203333739832
166.86571428632348
188.09813181489307
182.417214567624
187.6063476454582
142.6887974800249
156.93279662163906
144.92364099085688
142.47723726319919
32.87797484486749
25.69966986185693
31.91446686891419
23.315723345081725
33.779795128044114
13.813937993987352
31.06988154234837
13.509740808598576
22.936286076305493
13.132526968492865
28.63140930533597
21.313109156438717
34.27895253741895
30.295201899217545
25.61239238386871
28.722837863991003
25.90733818570414
29.87108126569542
26.823403554757192
13.049039484261346
24.94631290509016
24.535721425650095
34.22695806735764
27.390365730264865
24.38551410214791
30.8027514926288
24.222267937055374
36.29585673636981
18.758200085026694
25.53886360274934
25.884705472403127
29.74038867221517
30.4377920556132
20.382798381215604
18.467136819231214
21.013296241192947
27.545339087154876
34.30046128419355
18.63301165096748
13.354955880270023
27.491738630453263
16.726474150433994
25.192027508124735
30.855769361269143
19.856000831860243
24.927867530242402
24.951913649652557
16.775016487064363
17.326116467704797
25.465599684514736
32.52558440041785
34.3557949056422
24.564032503379448
31.20910714988835
32.17725877145924
34.45871907739914
20.6663754191475
32.82761924311394
34.224905705140316
23.9521177440888
33.351137426019456
26.71137881419914
22.46143230153478
28.96605816679083
29.62610356283136
22.547904383373385
20.110143534869017
26.68352808926949
15.811169164032385
14.694160706675207
25.896740458561183
19.421926653778257
29.061232930145703
34.11785727219787
24.89200961925883
22.757465526938276
13.858563453141873
20.925383883010966
23.32691076735241
17.449324832738174
36.2950948490536
34.66892927593017
13.735063921609832
31.620416838247223
34.38333310825243
20.835670653888236
17.186737773966964
13.816933575162889
35.14561516634669
31.909441927384883
25.09364072325277
29.406841497895208
26.010326726491982
27.098379099782807
13.936497233585515
31.656527451318915
30.861410768814167
17.500988680086106
36.4247127082158
31.6478682774299
17.73636477835606
20.59830121198344
15.38708365225574
25.105121559991417
27.71911637831888
22.505420963677494
29.606707503012196
23.665425584924797
18.034752325332448
23.938114102434454
33.518476964342014
19.070022419087795
32.18761317731581
29.641045352381234
33.00198029034915
16.124151127409995
19.138157884554253
34.30688605499836
19.376188058920484
36.185092177882524
24.33745758351065
13.270710520434255
29.944554083472035
14.350392887330754
15.614362300170088
18.210469618636168
31.159827929867106
13.456512067383978
33.09645405842278
18.30155614656913
19.332739646185555
22.614321560869286
34.711321466645174
28.68496863465333
25.30149554887351
14.691070639531391
36.485091775945634
24.19650409468092
23.008868492594885
14.20727285504587
34.25037124547416
19.868921554767937
20.532638360413387
17.841714482324022
21.761392218318644
16.10123192833142
19.107732799320353
34.04473719715686
33.60292104264765
28.58649781366491
24.381089225538254
13.257689609425618
17.928111961617375
33.15177947570082
31.811273580781936
21.797022044267415
51.46907387997827
80.23009410587798
79.75813624621307
69.21721964335255
86.90919738342613
91.35251990538924
114.97452888560761
65.79352032175788
70.73685170774921
68.74576211179749
76.14178074041988
64.75789070802415
38.87482232864067
99.63723833077935
62.79312747052532
85.93335850481259
92.86163785584978
83.65035354574516
65.84191757883737
92.56246817075454
57.17625004567526
51.239102964837286
113.4116631800182
83.84662045967153
48.80322522665
53.65517221785166
72.18738003059633
81.24177027600962
111.7744773306941
67.78302197030426
63.68985334507337
94.28939419912896
102.65612564242113
65.44130701901008
37.3112627971415
82.96512935016672
79.93266602943022
59.85659131588479
59.59433469548874
56.78085170181285
77.79430140232336
103.80597860707451
110.01157593781922
62.67356475806808
47.89625192121337
49.61353797591163
82.59617687632574
66.26883367248377
104.02844138880994
55.96880823668191
76.78101927358637
46.42234770696092
46.15077913215319
86.22423435642553
57.56732711004896
86.40869963844335
57.97854454335046
65.95176309444976
97.85741426141601
64.0241345717019
89.36451541943997
66.54456946844037
77.29167656845766
94.1644793823879
89.23459726027217
78.67321786396326
108.31453100814792
74.46698293297612
99.71868098866575
82.44817968156683
59.179060434677375
83.08527085609954
93.04746478673857
82.51750588499866
81.53432578839575
86.46241814089407
66.61638244676249
80.49791138716068
83.4949330630168
76.20992764694475
104.65332110118642
55.095075164919166
56.92995421426748
62.185899065620475
99.23345153543718
78.50246037262896
98.89144182242416
40.36480067530026
83.08676246893398
55.239735197143574
94.81734835742748
78.68861676103056
54.13919531380032
96.2428262367402
108.469814524794
61.79883493013733
78.83896930254224
50.8553339127208
99.8636114718873
79.09797227961135
83.88192445616384
57.41859247143171
49.404150814187034
74.40885367321656
100.56846569438841
65.90056218739595
83.35879806440688
60.987254249936875
92.56934828872208
73.85604699491435
71.37417501175455
45.12393987807812
79.68650614202093
75.88649640234715
62.04777649921536
55.15203634087054
87.87813917197798
98.96383830082704
110.62373250025084
78.08617178825787
65.62484559289834
86.35742869214407
74.66750890319553
98.34873923420588
56.2558677250539
49.68313302897009
59.18473379609331
73.35265496664098
86.61562938179472
94.58105482270604
49.57275082832272
47.47495088365958
72.98359914586136
75.54030523416887
73.26363045809971
64.59155419800697
74.94594907564601
99.55303948936324
88.72717263668596
88.18454551608909
103.11295232727943
62.868238984512445
84.25858403845005
99.27345304055285
87.24364786752564
85.15502934272962
51.14919022254037
67.04990458852959
103.51255412328408
108.31905405928418
75.95637457409582
101.2610082036048
111.32363670850056
96.45511025637734
59.74079415175335
86.27300152972686
91.06700751294245
111.9003492789728
62.344653496512606
110.94641061254771
103.71127050592716
165.1202863134598
133.89538411817935
177.64929478556712
148.29778259517337
192.4234864297613
156.54236038300354
174.57831532072163
142.87463282867293
223.50416987221578
149.2866780872794
154.3241308146097
122.22082780424046
218.75774159581115
140.38451237745423
166.84575109908891
158.8529780264435
188.33573974322948
169.30734667416093
215.3764747883979
163.31189060086663
162.11095583105768
226.11216128012663
157.3636989186935
165.23118017781542
143.7524614502397
207.88537415994728
195.13156659398928
182.501873441128
134.3014009568475
213.61789573972274
158.02120400299594
174.0810872173405
173.35538121951478
203.30840793047543
129.72824158279622
155.82609895948667
215.19227544343107
167.60906467392576
206.20797068852482
201.19483563976797
128.39170169675648
209.85853251774594
176.01496315502277
145.50875300074102
153.11087888158755
187.49118914459498
217.84624389715074
139.31965058475262
184.96614836067394
139.47507031155376
191.60200721284204
126.79738553038425
120.71881130918948
141.1121105595608
187.21251824288538
224.6085044728632
147.08467087165423
118.58814043851342
177.20610437656993
212.83676623528498
223.58124025831933
155.25741636808166
138.57459325251997
137.4963947412732
171.51574654619614
182.7969864980456
201.8319070245547
185.18565431155045
217.7220332955149
206.53794885523317
168.88570290702435
121.52480548523901
120.11775616523823
