19.388544169558546
23.063475839234048
21.43686406937462
20.030470057583734
14.260607380755674
10.07439744710296
14.736900813148102
40.508713566819786
35.128721286551276
35.92398294229609
25.124300359617457
9.046809089085855
30.610211628177048
1.1666064509658725
43.55265679678092
32.128643249537014
18.779754874854483
37.337216482786296
9.67920094345187
20.77124896743749
8.153781204994758
20.732570376130102
42.195735951091606
43.70196080591653
44.203710756265295
6.382788169942021
35.49628951026858
22.80350476511873
9.917898871782228
23.20149939193563
3.4579932017286446
10.688614402411067
32.45075196519335
30.388765724270907
24.933941625215848
29.48143980035622
7.5444304320461235
31.20434488707059
12.735826672791147
28.906072996897013
23.09952669757043
18.842043217663708
36.04388895536552
43.41995332506029
19.214721788198897
26.914456010769477
15.38162740076746
16.37661551813624
23.463116712251335
11.349242874076717
28.987921296468528
4.123696475239964
10.394514740920727
34.592118446604935
22.35570937088786
40.28256192926946
3.1836496006485717
43.87234705608505
14.746347347770984
34.668411766361125
40.85629661991112
5.340952566160368
51.96935072299436
88.80760108654835
79.8504015017274
80.80365389943259
84.7586814662272
83.69848691424232
63.87500362931931
53.44394453926891
83.71667921520266
111.25966046564119
75.97817831276666
84.14829605714688
83.64580400087105
77.00158332979464
85.67106195635378
60.21538751005016
59.33425006906026
95.48361391876028
85.6421830459587
59.2531536415088
114.70671768867774
54.12202727894768
94.10943860688157
103.09496621771328
114.05288879641853
74.91362246556055
66.02275220951452
63.42137553544348
82.78119966763728
89.896728698789
78.12455900059489
115.35141031109256
83.60706228507132
60.64098296788006
96.33461915002333
101.69983041018038
111.04026195397712
67.99255994563782
86.47045044530935
72.52857785299062
80.34412982191785
93.13389592696295
91.55525349429766
63.91672882877833
83.74352508859596
86.08084519888392
85.16955287560442
113.4496385863466
76.72937595908425
84.46319569501667
83.09720090679133
102.13753591887078
79.95010508335908
50.22445408043061
114.63662988715583
63.11228872991787
108.63635578049015
110.70590459971584
59.44370231684441
62.59375693276177
111.49338707239828
83.50857924477134
218.85855728083564
181.0114558538743
164.4175482301722
205.94681625797537
185.78918369650145
180.1182117165411
163.70906647570513
182.80725599778043
183.6220581022771
179.27828378581935
152.4086865214631
170.24589749126469
223.65714876123675
128.29481096150198
183.72526173929182
214.42657561168994
129.28882626829096
176.39393056903492
222.18443710579737
200.21641374571254
198.52181107030464
223.43688597484686
119.24861210895548
124.85831482110414
230.86461989337778
141.02955272078688
132.99867146504653
168.21032583414643
176.10063299111462
159.76367642761355
230.59586333707045
179.76820555346117
122.52870405014562
216.02612801207812
156.85149979970745
169.410956331888
209.1099923726279
193.08998158657397
179.38623426736038
185.14562300360615
177.4624557868045
217.1295517612245
127.97161000836573
198.71797527764937
155.0152000787659
154.3401709287562
210.34452403371563
146.238055080193
225.48204802493
162.19123259151294
175.18987373246995
134.3785404945544
121.7841024773389
154.8044453082121
181.10279832327137
227.0516334970486
160.62623611966646
161.90336130394104
202.59715784496694
156.2209384500614
190.4872182571782
127.49940999110831
60.95643191785091
73.71659355738987
8.953152923563941
21.47781930743419
33.139322179082114
84.48218936751178
40.393231341220876
67.66041484747915
30.87557011149204
62.824110732560044
40.39985758136322
96.15583015741609
23.97335143891398
35.13258643103208
17.92389911699466
40.68977147194059
44.95580754763478
68.93966742622828
58.88243948753989
58.4798064672467
50.60341716605099
16.763631802678432
62.37651015210559
24.71165607827859
77.93798539546289
66.6421557131893
71.0664708037094
78.18756721399002
53.68258955150531
99.48192763721761
82.07399859694864
87.85919200062926
65.17229388715538
9.068800275823477
27.079430490213486
47.075682341075435
77.39966727997592
26.972532721732073
89.14326395825199
20.51703723131125
97.10954230168232
77.63016924508543
34.54654587289657
22.86769908685158
42.7051325094812
60.061562186451226
60.15859278187351
70.25762211767253
85.32047548488902
46.263213130438075
61.600643822566404
80.99604727473933
27.776729243314577
74.10900731320459
37.68522436926097
58.04945438356436
24.54914192791725
85.00737625782475
45.35123191489223
45.63689768746873
68.67488441139145
74.66942903099162
43.276680041420875
17.608479543378976
100.14323809062523
73.55860621857029
88.06970651419215
17.76072550968155
48.822887126909755
63.040414102976996
46.077386653334386
40.045551456795316
9.546481757198478
71.04475319163257
36.01286639007324
41.55402936430851
40.87832371189751
12.326837675999535
10.982403931689923
18.71411323954098
70.52711468403564
52.837282135805125
59.16758831692309
70.21011834969472
47.511688918029975
78.84938315694784
14.534758513002288
75.56653784137248
40.87990528933456
68.6857534143811
7.000640527832758
95.73081110301982
39.34486127006875
38.68941821597239
11.446880829010695
35.92550388930368
64.93387969339554
42.30315624982016
16.319427673581053
88.91852975866956
67.38859355315972
8.168219100864235
59.753508613956306
87.2582427678808
20.574919617219642
54.4487240325759
99.91900705786847
104.62356098745624
137.73508864709294
126.64419791568142
126.45280097472734
122.89002693929058
145.53018711932788
103.32545565680412
101.21810978718665
125.63085764417897
115.09289614585869
124.32060891031506
138.86456669661058
105.52311329754295
102.4508153121447
129.03579699338803
130.0749912894036
130.59231761763115
129.79728676253163
110.67621758288405
146.73228732978916
108.59268657742
147.1163980917805
120.89942557967284
141.48780498166826
125.51768743467392
137.28050256099144
122.80289257069393
131.2266450681797
105.36446883237858
129.19782822274433
118.9358087361725
119.52349867135125
139.66805655082922
111.91509064106079
146.42964460236308
147.67181076604697
104.34168749307327
119.63763024642623
145.2370673591522
117.28437331084477
138.71423588503256
135.57816139895348
133.3572768675322
138.6926963647515
115.25452514623133
118.68944296484646
142.36277862935503
102.02574183627837
122.82265906930087
112.03982580656022
136.0245555077542
122.12145925788239
146.40084239892903
106.55460164932904
132.71730470400252
131.28025094039273
125.2696753220105
103.18293267286123
148.81895412442861
110.75135624600804
145.89486881296202
141.32145672107677
124.32658781029751
107.70002734158535
115.98960405329387
106.69586392071751
107.43113733934544
133.38245588230754
118.9005438832806
114.85822845217116
135.20632245936707
123.17777316529198
127.70069707797344
120.24928518402895
116.9908640108409
139.4859672396351
137.53938147194575
129.53542988081082
148.57702967123532
124.61361155101636
124.55445048944436
133.89119258200478
104.39461505153957
124.3423870850341
139.58940145258384
121.03936105848844
143.25018745940918
108.98590335366565
117.25881484334872
136.41256886670152
125.99771315729507
124.45325691682274
132.05753456110995
131.91097191198025
112.4237444892693
134.80927644751023
110.57701852587891
117.64803255613484
104.12616319031079
133.90966420190026
136.81164900286035
143.97121713886347
108.78866653965989
130.34875719255152
128.72310407311565
103.06290019902197
118.19317061628206
165.25276014324098
170.20348510382183
168.18722391468123
156.6688912691725
157.49041624814947
155.28666187888038
169.83489745536525
163.09865016861542
168.2861197049889
155.1387494734839
158.64279567738353
159.96818605625054
164.71030070506336
163.70455529868343
159.7163075203722
154.61297563694112
165.2269094838755
151.05379021531886
157.43302279518724
156.66023718946064
157.6433706726032
166.51548679796474
153.90370679567624
164.83752841757448
150.0326281793448
167.9353032446445
162.10636738866057
161.69779078912046
154.08556182359936
159.90792555792652
170.74988043291566
158.6608615300685
158.56740805038805
158.9109963645092
160.62590494571393
155.0321395410275
167.79438403574977
152.71286192340656
151.6242908751078
163.15100040869703
149.50430937154138
165.6565224160824
168.16443273088953
169.37819502611094
159.5412357111854
155.69367365564503
166.0458779066229
159.31563329439595
152.16254943396638
164.61718727081976
158.6509417951938
158.90448364653884
164.54212678798825
160.07302046531632
149.94244792489923
159.15158418880307
169.6572734806787
168.1843962241421
156.43361703692452
165.95558348663238
160.79469826492317
150.30111978313525
163.64235882866205
151.1551699370744
154.56925899595467
149.0704667929529
151.50899886350365
149.87293813581715
164.10437727524678
150.36945085034318
163.37829063231476
158.65386480680925
170.5164231773849
162.4144243887625
167.655066096227
154.31811116145013
156.4105848649006
153.21888844532984
162.35591462597523
152.50626624555193
162.23716208176495
170.1592805737234
160.66469229129586
161.83953387361612
150.38521670861718
166.13281733316916
169.80956887794224
168.13178990837696
151.38318610123963
158.16091746344162
162.2812121491421
166.1760544502306
154.6336536931837
164.374282907652
153.0786189188483
165.90710658248875
152.29205144062692
151.84174325782834
161.92056709124904
153.0432386589223
156.3856206405569
152.3811441005273
168.26490755078828
165.80095000100715
166.74198570545272
151.44070109139307
154.1421853187015
194.23402039288575
205.53757646570452
194.95030689178319
189.68873888791416
179.62231479265066
231.1820077398186
191.70419906060093
216.92869651797173
214.91809925342773
189.135381196031
220.50357878843562
221.786958667998
223.18277290415136
220.44759189257462
227.69213930344682
219.06732199143042
172.38981842190174
203.12036369285087
226.6228323953157
189.14162494764287
220.6375735441909
204.8027437194001
219.99229667565524
216.8011313469077
190.4565986942017
195.16898288504404
201.7871929950277
201.59553272395843
195.91202103327154
215.32618200858377
202.2771946851106
225.80706943237155
177.69182736258662
215.02952971192943
179.45287449791533
228.63845362148356
226.14011190144058
220.74430617738307
171.25634196923875
208.9567583306503
205.1069479191945
227.7606351563661
200.07528664515425
189.1503484218082
191.768785475999
223.91099056768178
221.3525436387561
187.14694326445348
174.95425421356526
177.03659549804775
220.70232526984685
228.38608802101393
224.82048156362123
228.9830373277712
196.79835985131652
213.2880993149313
209.13108457972322
223.51769766759116
217.26349166014276
174.84628682400677
200.0836752898576
192.35588306056263
227.99893043234115
188.4639268804558
201.53611357880825
220.94727279053558
178.7674019200932
202.51849385481754
171.1470214672001
179.67580672705463
189.68645408184014
176.53477917413312
208.75055570644582
197.8031643382161
207.42902991446658
181.35872109312706
209.42141995598848
173.69815658661835
224.39011637453694
193.13639752532234
212.42077515255687
222.78510374578298
227.6926662676471
191.6196340237224
192.3367928679617
227.720574358403
218.91451868963898
197.8489705778432
202.64210567029042
191.69253056549232
191.92780286301385
172.7129771757464
227.817735786289
208.33159717106406
213.1734523683616
218.20410942139793
175.46880338489842
215.80715911159598
228.9308926246184
224.97588909108507
218.46756608954212
174.4288542588205
196.87216222087656
214.3645573149073
171.89397061391537
211.08220422968515
213.70705692844066
188.28544480801963
222.60854217120672
173.18110925687597
211.8506950690413
207.75966600600506
193.58921653349847
199.82926742575444
181.62940627000518
190.43149073491065
212.49292702139732
214.29041491893608
213.77352514074065
213.5718793868719
208.51898910019872
228.75030509452213
187.9263863215642
216.65624248454466
224.95913154926657
175.757814449015
218.51625293470252
216.87787702261022
203.21545194816193
197.31528255051012
214.1332453584614
204.7557191652446
221.6685438842288
185.61828634526972
218.44863148767635
175.44012624820047
213.64174940981925
215.6784536930879
180.22478289452863
205.22176558296616
175.10194060273818
220.7835935970116
205.71097632115476
201.60913207835435
219.58111732193436
194.74536777449566
178.58338286415875
225.46751195110775
219.111263429035
203.75296664567963
209.85644151474332
176.83657861427832
204.79398506640624
203.64414650089765
196.56810967131943
218.63059102726478
226.00980442839568
230.3606355207624
211.17130045880256
222.81590581611735
178.35170299134234
214.34636381824578
218.56149866411963
212.42481316798106
186.78339404571963
217.4857476918962
181.66973442623816
192.40789355022653
201.08037297465552
220.44874667468383
197.0811020126428
229.7635332423738
194.89894729654225
231.76491631507548
212.14305355896806
199.77364916829995
225.64973240280386
217.00932647096806
206.29334554254737
208.57929345864446
186.75891843673205
172.38682757712164
201.14942283369422
200.9077822522444
200.79152418359718
171.25277429657987
177.5990347585077
179.61271354966428
184.11761545961946
229.74032712355017
177.04203136376157
192.96017414656342
187.4370867621348
184.45480557255814
189.86567114856817
195.3171407817715
196.22285925240976
205.85879338645887
226.56649356801748
182.4126444350266
205.86505284180473
213.67464952597507
179.76095404313247
208.53401043749253
201.49736773615862
214.87135652746164
222.15694513682638
171.93741232508188
173.2761389330796
203.595073596948
186.07114361220482
214.66347043567436
225.39170222111045
192.9478266692294
209.32972977849832
171.67456656720458
188.1472842445306
179.852699700924
224.79714390675082
209.44020111542002
206.58527541808866
218.39105428282963
219.15737787894628
201.93098132806952
223.17497734925894
208.62601684079772
229.4484180950177
173.76616731098082
188.20792956434693
202.78835222202105
221.330380143375
196.07376567082113
192.16899700143654
205.06795931472976
207.5187951715347
196.72504570052726
205.59557401166518
216.6142206460813
172.80278644464434
218.08594815725658
178.84533132304924
204.72600010366398
205.2523560249716
182.60555256203745
220.4010378244921
231.82727167334144
226.62691876166593
195.4947696927333
194.11843951790362
193.02713761070328
204.3139065399034
186.91690623049274
176.4943850357445
202.69292481677698
207.05709055516212
173.2587820965214
181.89814238598046
194.44659328030997
214.8301477227614
185.79855566966418
173.92784071109884
224.7337871000051
186.67257633914863
224.18952738425438
212.30993230771878
227.54855158550748
216.1302930651786
195.14181863391664
190.69376946354126
192.76747067986258
230.7169931726194
201.2401707084654
198.78230177810363
215.09460772206847
208.21594683877473
213.51449051521948
191.47853628043217
193.38882334547816
181.5003852607735
178.4592981879538
229.43610623497253
218.37870776892075
181.90063607436485
192.04685184468062
197.55544433790595
190.79157513901828
191.80726819641023
188.31161482401424
229.52355767926178
200.7746409537881
228.8552976945059
176.56956231072678
182.86722209670978
171.48356844771266
179.31601164835783
220.18521241038061
227.48615052695502
183.61623850676307
177.4860368617922
193.05163824614056
199.81609486514242
184.40434468968934
201.3141500911992
204.39164371085505
174.04811784183278
176.83864233880726
209.54145731930387
205.38657034335768
185.8506196077542
189.10516281462665
223.09085502133263
212.15941464699554
203.5680173422839
199.11292340350562
204.4934730154589
206.15549333494775
190.39905865331377
205.2352479180714
202.0231208865231
193.58272540805638
222.5598030897375
