17.938183558424562
47.458980619938956
61.60744751471678
35.00263389005728
34.22536548414969
23.21199943077491
9.17971798216707
53.1396705199129
29.941450458133588
51.14988695525584
54.62022805595252
42.015148826083546
44.98233415869325
32.347118576588066
7.700732118780632
64.0983803739336
42.05340352584993
17.269864883474664
19.64309883846029
41.184266930295735
20.10688730113688
46.14180827412236
29.40679663548196
23.83953776285578
39.053940529733495
44.15544646841282
35.39402851932811
8.97933795679948
48.509982523851065
52.11098333969495
2.0647182028553033
57.01154456900451
42.60501239694022
33.69239400694028
41.444205199705905
55.86988591437853
55.46136152109953
39.60886492171673
46.003544002660725
45.88604368951174
62.03775786652347
17.13459359873214
37.22854291832823
15.281658984727201
45.15329346987258
63.63059479129591
46.72015033187453
24.295196572071454
52.80697632988901
56.89152483704647
25.582882042968016
63.409612591388324
50.080139746113744
55.342150475442175
65.31281723620994
44.08449778850853
27.39662500766016
4.953980652472421
8.613998815722873
17.05122197616247
34.64145757984339
62.61055284851933
17.19211747525421
36.96239308255512
13.793240740440808
45.6050250320138
6.036447839349968
30.856792738432013
21.20372176525887
33.53027422052897
23.98915260908506
34.43734347067794
13.149814262677943
5.856112134139387
17.74829661229959
21.441138061271907
60.555491707990384
2.5120804159577297
16.123842331576952
48.91739826662439
5.325343435229204
25.019532878047922
32.9489636822683
64.64853130278438
30.33940870273302
52.277210754318695
56.57690447857155
34.46381173667182
30.768006027670715
28.890913867692472
35.993414916023184
39.59071542628537
56.77699417001209
19.37281236880775
47.64680112767215
3.238058642301162
35.90125095929446
12.525790004874612
59.11467064158538
57.65041469718496
24.498739215024532
26.203237896971896
8.636457831991756
15.392432282305705
54.060042034701894
51.08704070379117
25.32966148651655
64.29698024448594
31.660338339181436
32.766529014399914
13.626739695790459
43.93566169823208
17.101064504054477
16.129704989363695
28.986040801013186
38.968943798384586
53.470882539688745
8.798227104191547
41.107332133070486
51.30007744263922
59.82733219370225
21.78809747679049
58.66664487613985
64.89543120716661
14.71899430835224
19.54952043773016
11.056462322428981
38.75194618647065
52.447423369172725
19.000980232266244
34.410044589394545
60.517926681300054
13.664284946673476
24.51020314791012
9.276783457922438
8.872994940497637
51.47686117244077
65.42915222705034
20.647898520413115
8.383437101195483
9.767392995689743
18.095448301989645
46.332332656124194
52.76949113760455
22.809346525887143
25.13346622376268
25.798842087233144
49.51116651259151
26.154016840704312
52.267508013745235
15.798155125440605
65.01417353433746
34.212450082787704
57.56118005869377
2.5986473638785235
29.846688699456145
57.414709592838946
41.87403329972082
53.34997944872704
8.914071135061924
46.699993966787545
63.70556802954542
25.500178753018226
34.96086969314156
9.240786659748302
39.34983210770839
41.20389428849786
53.09885308187491
14.603107760307353
60.2365750408899
14.546077290273871
6.174495432404026
49.29898256071764
20.552813158399204
29.950006554544267
35.640956593723836
42.3695234680489
35.23298422607922
65.80904299807867
5.1687177892242495
19.999293127823144
20.767552635084094
30.70935060438146
45.439932934332006
46.82978495863266
18.75711651389662
57.524804729102144
49.469943996497676
62.73490964916063
38.0675324190928
21.494741763913332
57.403437711422555
18.71532913624838
14.143076639291298
16.43466417463433
44.20382439288194
39.97731483857504
62.817543727588045
14.655860005240662
38.51825413359735
23.161229982810866
47.58668944307085
46.14192622172375
28.16527738878581
47.1454549742777
25.49905634482597
9.864692895931949
5.774292996659419
42.173330195291996
45.031095227763096
31.037280910887485
12.08050920461801
53.29680093729348
3.1689753351524352
12.969555820667612
39.66538563059028
52.358770611983935
47.840158260242234
12.518907747186468
23.394058102487392
40.14769698543846
48.07210006469005
42.65863758679409
20.3233035876711
21.961962134058574
42.31586268571198
29.221268303587784
45.74287010139175
56.82391052110002
26.62194065492735
54.21894495916189
31.70191364674719
30.691643096839396
60.61493277809363
11.110533536376064
62.71486387765786
10.64448751324204
24.396910343300988
3.4832347312792997
35.548800148750416
44.261115562819576
130.87652235620854
88.9373912361713
121.45932526800114
128.69204572178904
84.7014987398541
107.41887766516795
107.3709087567211
140.717987479184
110.90094346582443
102.02920605936656
82.5945440276149
118.99583057579233
84.30997446796627
124.02377128566141
90.11110266134978
140.8160778291542
122.80139470679921
89.17820815742111
67.03906439379513
69.4532298139928
154.01377705982213
117.86919866268416
118.25215783659424
106.66871303139641
126.3558583524737
88.37064954664206
149.6780028679543
136.63846177225443
123.57474838880266
117.29245659501699
116.04501217502963
114.0129688986912
137.2792990497461
136.32588406655267
111.18157145782831
103.5155352091118
88.41122759346115
119.53280378634369
123.37357093285948
110.80644910237216
73.91938344530215
74.76079824741387
91.1141456019128
76.04483163860505
113.84751783352091
88.59547131307686
95.85240515964864
113.425488596514
79.95172887953007
133.83305997335287
95.58172807638724
121.05864993068309
86.74812086023603
112.54163952979201
130.58640457917167
88.6180244197609
111.17030621251746
142.31625779276902
126.94235745335132
97.61536905473295
132.61827290400896
104.1000125357595
111.42185187850058
116.89630689057759
140.6273802547219
117.22916585331073
101.16098215575308
131.0400784144566
66.43012146709893
137.66458032202354
138.89085696688852
140.273287832125
112.02554907881814
77.62469211038471
143.38987268517695
107.97489691357316
74.94167869596322
139.22797134183335
121.96160126470305
79.58242343781973
66.60244825012529
106.74668931021503
143.15184924551536
149.99437884331115
99.44962359960914
151.88068559451216
95.64445843399722
116.36625407022943
88.48850806860995
90.61940071072726
98.08405060113753
142.90367620854556
155.36595242199888
121.06452568175281
134.5249367758918
84.70287254333888
123.22675483431166
108.2345898655246
87.43570885719733
125.20093730838369
130.7965628715956
117.94994960364373
98.25894443504163
139.09743076704257
100.03968121405563
76.3587518173707
101.37306080940445
158.51105674182074
76.33209507785901
120.45718424035974
116.77410071073587
102.75245784914495
76.18361415979328
83.82761455427591
116.9653163142284
81.37225455498995
111.9406622885944
99.5581867681814
67.44280239777362
77.53983785058514
107.80168197652868
66.26858932377178
86.9019782370492
150.8371676004335
117.50050960095447
129.7573353332506
106.90545363978907
118.25115927490269
76.21334118866977
111.50311018546995
122.70245245147606
128.88578705655922
73.35954636872259
71.40012495060716
145.78452768236133
144.42331809429277
99.43419817378488
93.75551700506922
150.8214274068801
153.8951541963942
144.37582661000744
158.8725896674204
148.92480290900085
128.84614507986836
82.9858885585808
70.0652001433551
102.50757856576286
74.60698575039886
98.24305082390985
88.2773836863374
102.92850407379528
111.12305980914333
95.45706503794864
145.14247113328332
141.54939837225515
124.29920988695692
78.08093154045247
141.31238514462385
86.76025613425544
140.26379421101547
88.51121685523123
116.95033285024837
86.51700180492779
114.40108827009651
91.72240329482162
79.32952513832804
87.70172167169643
99.15920944579719
123.8930636046655
158.9233307439223
139.4368427875624
118.39365177040654
127.42823459792808
89.24283676892675
133.0281625959502
105.26184358301246
96.66774215806146
125.46620383460987
156.546290499214
107.77581142403746
123.44359803765883
88.92316330639686
82.04008236546497
112.07715236780822
124.63870497658351
91.9729981104388
106.98831308546471
140.0341118472481
98.00693826439637
108.63435820551662
118.58221747438385
103.64120730231663
70.36970217975617
142.89326371720676
103.47646265940604
126.38479506993842
140.9993750206668
74.15362051787518
70.62499708329545
103.38822732522625
85.01294416378438
103.81705535767875
147.70655942257628
152.5137001928801
152.14330278223377
144.074588802165
71.28146606020442
98.62784047077301
137.99635229029016
89.43918967677463
145.8181867623615
74.19621199972495
102.93153454068499
66.47847848195542
140.61666444463233
97.4487110609478
158.07516706138472
89.63996594764845
127.7882668076558
139.5240252702147
127.9693487722579
145.3791111290529
114.71311160694569
74.03070385098017
109.74007311490226
127.92971026469026
123.04885337337504
109.85541525944592
154.4853541709306
141.27165015247658
148.64880187827933
95.74925558284225
126.53694005610136
97.56361564674476
109.35144983078607
89.90447063547025
121.54977809924517
86.13861472392846
100.48997955721933
100.07337409367223
90.50588027092356
232.3175100773964
173.02740356462428
268.70266714776113
177.44640408697342
211.31959141231775
241.50447572001718
207.58349942647936
231.2072726211038
180.50176968636936
170.02152750308107
312.96721844607396
268.0044245968355
184.02972138024276
307.1787810237429
247.74667825930112
230.4022584285071
238.96687053016487
233.93773126453655
280.92793130165336
277.62226106205253
246.61839823459596
248.13358686639188
232.82442926268274
213.35002867055934
209.04734530702046
205.70004737599663
181.00554893707738
172.58087375846878
275.5499517154698
216.04584814158576
188.60288735895463
191.73349410282083
271.0559216369051
229.7089193193615
230.99441442044247
304.40727881230544
311.27888843696394
167.74711511682136
275.83795858681594
223.54721858989765
208.2666374507506
284.6392052721127
278.96236141777257
167.0632224769877
204.47527373040495
211.02872143829399
297.1776207659458
302.09735082248045
242.6610574633095
226.4881711253495
170.20710148993865
200.718308212627
285.76108019297027
275.5587467420802
171.11784426380603
174.0183395555295
166.01635240863845
225.8065792693178
183.87259174211982
294.32168633553687
215.6442177320258
215.2846239050461
175.9302681454574
309.6820941650899
287.4350453858204
210.1105380390596
240.6754784177903
228.18726366260148
295.4756813633038
178.16578364682454
245.38356845524552
230.3580273211327
249.32789344627886
204.6763643810437
260.0196383963738
246.76783800712562
208.44494796039334
234.3445779737536
204.02665362060054
293.252795022969
170.1617308504616
304.1746676357998
177.9754623238926
256.0815122617933
194.38875645078974
171.6205874732218
274.31525362970314
205.19128718980613
211.26756438868847
261.41825259556504
230.7747492995063
274.11621466101866
302.54840161931793
302.33160629216934
310.0030158307989
303.9255537303355
193.69429592350545
208.54829906934444
269.57549399242265
163.9398260348362
246.86113074811723
181.94330219623475
190.57159816583294
286.7426229309595
234.4920432705649
160.69202643278976
159.25492061465417
252.8497826740381
221.50378551658545
202.87108950769095
183.4666928231182
246.01423269045847
175.7911609529451
184.6351938302239
191.73426204582123
284.2754750669062
210.7650231735393
179.05068356368372
304.17648334616996
207.64343572288809
298.83520677430016
183.3596556975047
245.0703726516635
231.38342292346357
298.6190738855696
199.35718988293837
263.90472955426594
239.4668653065026
198.8299066578154
198.3857564723044
261.99536892417666
197.08024706834502
164.85344004775152
166.82659628015088
240.89286738702071
216.78207049655495
245.33819670988166
243.71674682049937
191.47065954327996
242.89570233536557
239.05907836428338
268.015070680335
226.75765930767486
212.35515655476894
169.9116657637557
271.53356919569296
311.7040793820334
178.7173705205526
183.5375149675573
219.31265538266476
260.4264994951342
237.6592234006498
273.40088292754217
201.04919226521116
253.91961103836283
213.00584586375464
309.30788905434105
294.2660965931282
207.38655280805645
314.74228115784484
263.35076543358946
296.93961618950914
275.2989646916299
177.1400152740465
301.8886688915061
266.8517165507503
305.6224030056817
214.81099044253062
301.29448190220904
167.5648979297271
297.00947538824187
260.6155699628679
235.94045625650838
228.0497427995919
253.71776163926745
292.28219430849
195.93293511799237
272.26731725834884
208.20573051874632
231.4249390860666
200.40277675796287
318.16534244057954
215.5144824948087
236.74907278405573
214.80448699021443
216.46991597823225
206.7835430895519
311.89348952331375
246.75197027720915
177.88441610301712
176.90386636479934
304.96017544451564
207.85644924627937
202.25920472141763
211.17066276432743
307.76366727202463
211.70671321256512
273.6466826970961
242.3028662623523
283.71285511599865
230.40117173072338
310.84162382314685
300.4672718653443
222.40026454553043
232.739925482031
189.42156252069472
173.32034222593524
219.6389350023764
296.1965060495918
214.50454250917022
187.23732855607327
297.41463195736526
258.76779969147265
237.21368497192063
222.55691655209586
279.1263896314892
241.6746921312654
199.88847748005603
220.54065141139355
307.6491235547643
238.17505122962706
176.3579588546769
297.8049782060726
254.49094659153513
307.13285703474804
296.8421455595915
210.684190111176
270.9502630764613
262.02656557844546
304.0773417692482
186.92873293429528
259.16644737287044
229.7930096361652
227.14045362388345
241.0417769286966
281.5123883396497
252.8508114888876
206.51478109496094
250.98276575332267
185.55984632075572
222.19042026317084
34.11937476213757
104.78882836258725
29.785093576129476
48.70316481051707
89.43051675006902
63.82830047031536
44.3594360522959
15.233156337258634
5.178143203600889
120.06112859126577
92.75623985159072
12.808018935896314
111.4092916395908
67.53675920795749
64.26732514287812
76.98482032781865
95.5359628702268
115.86672891704822
78.02414570975625
87.10615549991797
14.66139822060704
39.58931346877594
27.240455205746287
112.99486904351289
28.645695311075997
16.928468429776785
45.63745801721969
79.61296170000938
6.2665558310732195
22.906734154677665
75.53583470912818
4.485537600646239
70.22040475323648
68.4738314248627
72.21048340869292
13.61793752068003
59.989227290357285
87.68369710455207
38.50480650580708
59.07470659840609
11.359993908876717
17.15633285105011
59.72241336177826
39.2499652037148
51.901012451221206
32.55127326750691
101.47309104122911
23.852287459980545
98.84121136914335
63.148350775008794
48.07748795851464
37.125710210661026
49.18123032392744
61.68418577833596
103.00263857647485
8.623176216055562
18.729829437356734
66.78773009443383
51.42164581648602
12.921985476521591
75.56634271840335
9.929650278852193
55.40981295478076
93.3957690888829
30.073209739260648
99.37934719592884
34.539012339523
6.877195049019633
106.78535657478001
58.349304430994984
30.49755045625463
48.41145575089695
116.6654945111427
65.2976164852281
88.89173187314356
108.11070341907414
35.095836065224034
23.472736882491006
42.929704634489255
80.16017825874002
38.871554378751235
88.12713790097791
40.03739927821985
87.79146136288279
47.779237520819194
68.55639707281185
53.586641547715246
77.39930273645467
10.795455461688476
39.776975055025325
72.42819478771357
4.665106526837818
106.50558070345357
79.54521928121358
42.2935330482672
16.120776304793765
87.28528686292742
11.579363607147172
21.132492012168832
40.841870502625156
53.29799649375702
99.96056599904108
10.264351365803869
44.25050313790223
3.23977158885873
33.68931054359546
28.672969902573918
85.2083618147135
64.24805273082642
116.88057241991379
3.989897619833698
50.57199528304934
30.209247955846923
62.38836158179575
87.56587858076827
20.98295948539323
98.09223025049673
108.11113874559118
18.86710135128547
35.745574791501454
60.209157742066516
62.87151808243504
115.15264452680255
14.77788601566516
100.20881617632955
54.101824025230464
93.57652918099758
102.11235212071264
50.88276541939041
67.0467556684407
112.28679752769625
103.80924817939689
11.013771608605104
37.504901281306395
86.52262172898851
65.6939511322332
48.234936258662174
55.5021538932325
11.711995504017182
66.4410030894862
54.36706242850283
63.49966325156094
18.249004525495714
85.8087148321172
101.94822793224581
29.035909899623185
15.166783977097275
56.57887802828504
65.96767506549602
62.76458286792931
117.3832313425354
112.60632154770376
58.110236159947505
38.38149253079003
67.18675690587958
46.50145008948164
76.50092139520221
75.25226121563449
69.82099578403364
32.00633096596427
10.999303197734612
77.81230344304724
78.48364335503517
23.35747250471651
52.96112814285544
91.53067435240717
59.85484235198489
82.84465534604013
98.37710842234465
7.467296509460176
54.89683485148962
80.68094099691825
87.32476776757582
92.28149446425357
100.53687556573482
36.01104503734973
49.43831483769598
40.91584126042788
66.64458605537544
75.67977073159875
21.722453244880683
67.02856650764495
25.7370352440402
83.735502042288
18.125614339146303
57.139591876307165
64.35934457190862
44.49468629225723
41.99286385818486
51.851344079320555
75.00100319765728
37.18224729665512
67.44914442421198
3.2605110856635378
48.13471253122741
105.45141769081822
69.99710270078992
71.8660296130269
36.81245463928833
104.94237345468437
76.26464035819939
28.39151793720025
99.28962698978006
17.34301097675879
92.07194117271587
80.44839716128894
87.88878668668038
67.96497979326338
61.98495602728579
77.45198088146185
62.467418565105746
108.8536479351996
98.69840999200798
68.59911964339159
100.36046772257319
29.13622805303779
70.88494281611273
43.24832019001843
46.36517621874432
100.7659170594197
56.93393127616008
77.75374771915463
63.32517207161342
8.917637883583772
33.06476853542668
68.76733137569906
58.41692549468603
30.36874216246233
52.17119570386419
72.67955739232566
66.3553662716811
104.85899464750798
54.92719263087318
71.15422768383473
79.35929414670552
114.30957190168732
41.07852256463161
7.943360520673998
107.55248463652993
110.25600191467535
14.209850645163769
32.808340397276766
53.32376964457411
7.072089437689122
57.44368317051068
45.13574222860459
10.657982134889863
95.58330643782537
100.9309965031373
113.64306945920485
9.406304573785803
9.825584079993249
45.72084647395587
61.083501464714644
78.81466272946601
22.416366849563197
31.942774743219818
106.59912176472325
42.66872240539505
52.399304381461526
61.90826951662334
67.28672575260809
79.34957039661329
100.34189288775707
59.98752532906479
88.81209820580273
30.127196054125736
18.56335839674888
92.94642801994443
46.85560067755337
104.489780285278
24.874964575834575
49.92442003405069
52.412224892331075
83.88249678112146
66.26802813538445
50.10296070429253
97.99260220414834
9.073283458217283
84.58401078030155
101.99623361745547
68.83631848674547
81.42027938913463
66.90594096380308
24.191751398060056
70.35336035310186
22.866297339321115
53.338264341679356
51.01413988941607
55.94274920193745
102.3448988142487
79.3614709273995
75.31242154119265
50.689260226411356
76.40967881418445
80.00593725843032
106.50861219987141
110.83052704855615
85.83628014612476
71.00042900770387
113.3257631498583
19.11905305389427
20.60281490949167
90.743148584545
62.14493371677875
62.397092804553054
96.42596868055008
111.46658302720448
34.18510729176988
54.17123479159664
19.082915498781063
119.75277044907546
118.81146707115988
62.815836066031316
102.1830865692049
77.81033727990558
65.86682572501029
90.30825319914275
33.471033594382924
63.246652746723676
29.128398432655416
86.64444700443737
72.36333194144115
52.0379119296923
22.530194998148517
98.31426062034964
117.72874280378801
23.364869905480532
97.33323099182437
41.57602565053003
48.99276217071154
94.12448799931771
34.429995278358035
74.83020245889091
48.74110289508205
28.71853065239548
111.98769606773946
80.22047161501433
78.23960226069529
32.2557620733085
102.0915467584553
120.3344252538439
116.94364603062476
9.521750588164927
36.38168820739276
34.128576547220604
37.14066249452539
53.534588469347334
90.67703651266304
18.210025915858616
26.888734534780966
55.274830884370374
26.490124368952074
72.68830425698317
90.3216876577956
40.67743022527874
93.60500616022529
72.44239055640884
26.570938851758967
64.68862348751705
65.60644119301243
30.291941192798205
50.859928365200645
32.2395428457021
107.3154450396299
19.426115547936227
49.46837127143141
38.628863148441994
52.743799928870416
82.84546664807402
79.6536981620026
43.52990284370581
92.08411265783056
77.06845526050017
4.202719352310282
82.33563919878408
80.02250017581748
95.28611419139051
112.6168440735517
70.59390003276708
78.18323532755278
11.385140410387976
20.956854279214348
54.9411173542959
46.81278224302779
56.521673522555545
83.58286399720956
46.22567534224338
106.8508881194038
43.83467232653935
20.136558429231364
86.7736897078396
94.25766321620816
63.154215776314395
62.61846375274676
62.921259311556426
97.77637686544149
108.14814074429768
27.976630415349817
74.45690082568876
25.702542541548667
42.30779605330008
23.73240171943732
50.21945920235571
74.77500391009032
100.65922496021423
63.63796178998583
68.34842773590637
95.79516335694197
101.19792194307509
78.82644339184736
66.97347237686205
59.30177662080173
86.33175771706014
17.116386449288626
116.4115116229855
62.989938551423556
44.38716165198989
103.51568409339328
32.88093259754129
116.4227846442399
23.43977457712957
99.3407565047299
109.18369418655105
18.608301243178616
119.49592638277402
42.11732508860425
33.454505223633554
50.36087460955369
103.27523097541916
14.02208354509785
51.72341834858153
85.52182492367481
43.069064578383696
46.616871447435784
92.17811772284108
7.299873726831123
71.23742571449628
53.88568071967018
99.48160888221062
78.79667161722196
120.20246422535917
74.54174135270956
96.96680359116476
94.80092815402925
86.80160820504662
36.43253675123156
55.17162917768816
83.49477667284823
67.16760896522557
101.36227671616103
82.30293660528041
83.27832913569434
54.5675321638416
10.777563670529979
93.49794164302347
70.8690312537308
57.55971709846956
37.60460098583385
40.32013007477928
12.47672218752173
6.766393761545871
82.14136482545514
61.94071396331178
46.06214991802126
8.627619681989955
93.29124938892792
19.19359525846037
66.9794481151182
32.27258052433189
70.71178784986283
99.71111499559164
10.479978254824324
27.251634314599507
101.7183809659623
90.59591969918263
96.46837600937862
106.49311755167918
25.300464623116042
16.99786464769506
73.96309533046204
64.17458341359523
109.26504147822027
57.48079182920431
17.329823034205383
4.104975542305233
32.77576352070914
6.0935351455002404
113.32812520033355
13.261789571509112
43.10173750555116
81.66270025070483
31.152876262956532
98.24739644671801
101.56646558174366
29.2386518267026
52.53269681180827
90.679781303345
18.686365332766783
36.778936499737654
20.777987195798858
119.43032097882397
89.66445385360043
94.13255072832106
73.47189750917323
54.283628273437714
64.36275882723419
55.17002948125304
62.7468984913644
19.345191402899616
69.09685340722746
15.91560438176618
98.35538565871528
120.4045604549573
45.43176759726373
24.170820766258032
27.788007874180487
53.0937489873145
42.90975113607376
95.46204458900749
69.23181314531038
71.41282708804434
105.9806067386607
73.15006865898873
89.49519260601616
20.09584844048247
81.49103934221642
58.584130212960076
26.675041734592696
60.30083552787765
50.8439754362047
99.12484278363289
90.50793255924542
17.675806454829143
90.12574685548239
20.57757147237877
55.16282860086921
87.42027692096461
115.92094109774735
81.05341879689948
8.985038547513355
94.45551882537832
86.98756461128221
52.18812018126424
73.46452256602288
105.438660818735
55.23123232782011
9.383630969848191
75.68144587928846
94.26819350150885
106.94395165264574
84.58342410785504
112.5553026951452
83.34542933688418
100.43850372485191
48.644213067947376
23.3989262660061
68.9358988543567
98.10247424716005
71.46854759407535
9.669979335345403
65.19016213668834
11.567103827273634
68.45920374514971
82.26466948947181
75.1909081310433
34.23637708625447
104.47862222416265
39.138696074847374
52.4157479097932
41.8036908997552
55.85375149291788
64.16105765433811
28.741038275392867
102.488771640724
5.173077893374128
19.70647680655128
8.81507009875461
108.64619417098294
63.70387129630192
37.74649192497779
87.846487126798
39.18913760017578
84.52070044320718
21.98098843317863
49.60300743338932
78.68226318208045
21.624654188683998
40.39968372218702
85.43967434271894
55.95000897430897
90.21380768525326
120.70704509270993
102.24249616418783
54.3074623623408
23.32945673750408
100.16646116760288
17.40532871607298
58.162936266088956
93.9703819802822
41.46749823689319
104.51791662231419
107.08678982105795
67.95863013524514
13.805182021355037
7.665672983408896
109.17458120495508
106.54799607220491
69.44467540651898
40.81514604339153
68.5723849066908
76.71308997623059
115.49173408506788
56.21652877312817
21.199409943826595
68.13625359680101
52.39205519895717
101.98868398884164
46.97043183394142
69.93764689990542
74.04231705308145
118.06476045418606
30.07163729727382
39.617643028030045
114.49497199686374
119.3785217479719
23.658143517446923
91.88791072836881
75.1028219201491
54.35119862067306
72.01442788975638
39.29342102353928
91.24016317175202
73.51206733503986
26.19254990378125
85.02895585946017
118.96985041398781
91.44150356995553
78.0855194908473
80.81790323758838
23.048516833368296
115.76913197861055
70.27753353770974
77.85138377218061
20.638902867840052
10.939440870553646
44.4395075156527
22.726044030736972
114.83203363299515
36.653447018501254
101.65425542942404
70.30182185362557
82.2611507353908
69.62326706472733
66.85973728580016
31.498510113148185
35.6027365946906
35.20088621732019
55.68289812638394
47.479617995139726
88.97540800035794
112.08974168453483
86.02875629029751
84.25281546665519
99.01371182420684
11.477771623911103
108.1365229452968
16.79758726180505
68.38519266200099
15.036190845280338
29.406860522240045
48.48321592110011
99.28425177247433
59.730151437991644
62.696280980871265
106.00519740244988
51.676508868521
107.30261918736322
18.106260799781204
67.68763856515153
94.81034768832667
75.00209857860122
39.36393159085311
31.59285310473184
17.137598508021817
53.98660672333827
97.94114775312254
63.35287618813786
43.43499746793224
8.004998697239344
57.40958529219738
88.29702448347173
104.31141222067451
13.554215315672835
65.1474762005996
77.3339247017091
102.87798942109086
69.03248343860234
27.253130404874696
69.67196305832545
28.802646737803094
20.79213062905346
52.75974431304925
43.34102197401705
109.59879082014797
31.794310802426246
41.817986051118744
45.300091626524704
72.95755416105246
93.33526352507488
9.335047857228055
24.43394056106981
52.92148414233739
112.96100629023107
98.64052537879311
56.50029883968842
73.76323851927711
71.17378390868791
8.873256606183503
59.237689737832895
4.565373510385982
71.44782025196812
69.46981963420927
85.55615118065361
63.42495365338474
105.21141777212648
9.788141149141268
26.565993411751307
84.38705405068092
61.25775174016088
14.071484111654385
6.325629937553458
96.36180826251322
25.025427715064204
111.15600589565861
52.42479724668878
105.25474717121173
67.34224312020841
29.960689279809237
17.120891889726778
57.27114373977353
31.99846230412859
85.33499156249664
45.89737950514682
33.321967582542925
70.7313555550203
27.419257279983924
60.96987843163449
72.07608122289183
107.66390242150246
17.009278241756192
84.27051490694245
25.383492554689262
32.19539570928988
61.74856839564822
103.61841681756457
117.45275631882394
96.98178984276925
20.557325006231913
63.54390230923131
84.0393303185567
58.068720172315004
10.007222160119895
97.91516693740618
57.84269129763198
57.22378234865979
94.54017281570123
21.675312173019137
76.33185623342257
71.13110858040696
96.67123614321471
92.96522502015176
65.34140929925509
67.34687386667794
32.79335680433287
119.59005891047762
24.011449530939416
105.81507063155018
92.98669882638552
85.00554697422953
91.86390385983128
38.465138271433375
119.44362497560613
42.10463217308647
116.06445850296134
60.56749327589496
112.02350609422928
111.68356116207931
72.12758004185481
4.272836678862838
58.96099349027577
32.90063078065975
38.96149072532614
24.193953731200587
50.85977756215743
59.17678811590904
82.1807840843008
72.48926453970135
49.1513423049708
20.610129632296022
116.46954920823461
89.7680764054999
115.87033846790146
18.323683476551814
75.51540012630173
68.89405705576225
52.941323849003496
37.68955979450601
81.58816003422055
65.51441624218049
5.562556526381776
16.486466188189972
114.59009851613766
23.089125400354675
77.96712258422869
43.39204877736891
109.33105478035486
38.26811932585838
116.91155736211635
62.96303734036573
69.12609945630837
42.75784603502412
73.34632779940792
35.82071821567051
70.37264117511056
13.537668192611171
51.26274387194569
55.26545549733504
57.68001441589963
21.401876410801506
24.58065948338183
44.99725194482503
47.64234886070858
120.98357006552074
39.66649477645983
108.35897685650419
65.35116527803149
80.22407757777623
59.23902703963313
86.07622554809471
34.577744694641254
65.26204617973026
107.66000617540551
8.960582539650936
40.13983284649309
64.94529550885652
101.59785516690056
48.40020914323673
80.21388128940752
44.91578120238533
53.469540697517445
51.14305697595049
76.94934443345562
59.512686151368406
102.53437148861164
66.79424708100348
71.23341918943119
92.04562673346999
55.141501909624644
69.72764826254966
60.398954377264054
40.749283161128574
74.95040314276075
47.26406800797011
52.626208184050896
50.379417042925944
6.6426646928383235
67.54211753643233
76.47082050674727
95.86583699426228
98.27076553145727
30.085475075110853
3.4256098613545376
99.86054791410056
45.82457762406984
92.58784761589084
49.046203593134805
75.8828395645195
42.6998376796238
51.26893152584637
13.151445335965832
70.80193806434997
50.470287040825895
90.03833861991242
120.10483453010323
102.56904601307511
3.7462500634480307
22.090267710566046
120.52845259594979
66.12628348327408
21.058800408651116
78.34016727441437
87.90990050747709
25.28686313497574
64.64916678440753
72.73126546806654
89.11620711539643
9.487210192057475
68.1588500006827
66.7879535115742
98.49403210814341
53.1191973342707
9.835086330033327
80.95550372532738
118.81646043376978
42.45075901138986
84.61143535104503
31.105360373652957
7.001066778051339
110.22121223984269
118.05478494662884
4.519804809050548
10.603763487541606
26.377770406504332
37.51251448456633
53.69367920829899
101.31537961803707
23.503338063903506
79.66646067658749
18.004069944661637
100.9737317803862
69.20816879230244
4.777582195576983
43.309117022719036
63.41984660716432
58.32922389370095
29.744643988620133
70.5001293602078
38.37300069335453
59.92584236486209
94.74811511894444
107.01787466786888
10.99983900925735
71.47958617850155
92.81494373496591
75.19535997813452
105.53965431185003
107.3677316164285
44.3590588340035
86.72667925713642
62.98451613416007
106.40677871582275
46.615506074581845
64.16291056673073
64.52053309168315
94.61585683991817
62.9376307045549
46.07936512582724
36.8279522289135
71.58370512344315
45.2281243456206
50.55899559749708
30.40694867741857
97.15511940414724
77.49404715000338
65.76831196257292
36.27419045485492
42.122020592330074
47.52835072009203
56.20324417388872
73.52729238296624
9.636225110065908
63.402571523675086
114.61499215110396
62.55995976920127
17.657726102951223
119.06761727417852
99.52151539718865
24.545851864360408
9.128133148848548
65.66628378315525
92.73908503518055
83.07234668456663
66.65774561264459
81.5953520053279
39.32922020685664
63.170651895120834
94.08151606962417
87.7277856519804
75.96063886601225
89.6323074968847
83.95326347261535
35.56109522902143
23.46895445404315
66.92475744365186
19.292711161899042
102.1278579407399
59.53879189953002
21.578819225317986
52.99119738389175
57.23934268173427
108.59193670191299
120.66349295261834
33.134639057220426
90.47218179939465
55.57345550180374
70.56723736839068
15.69600546989664
33.54775536121845
78.19764210328262
93.19885224224268
37.96609765220451
39.609663830154176
64.21309626358261
103.64379138545658
86.40124653570629
53.24224336147388
48.46243967650084
94.44887858422595
4.998704428441215
66.68738791089984
40.99488002718142
52.74051664628457
25.624240433628252
84.0581435239529
12.125092750316142
80.2279233520673
92.1161953408899
26.821057970459037
52.70772844337624
61.86974831681992
67.72969503157042
45.07667677175603
39.53614032842664
19.406356204117948
109.54455917157358
28.559667850205912
56.726399123621825
80.32376759787171
33.25604131981015
95.01988544033657
68.63381810785579
18.61554257370568
14.411474835433324
120.56803448477396
9.581119397152605
106.17633978522954
45.52769866003244
9.409952576887697
74.30034802885017
55.01398665124796
7.131152512708077
53.6087048856809
25.404505547723076
55.41504406283025
108.93726687952869
81.71022003617765
118.05806104824153
80.80949548441657
106.96035070336019
64.5539154186602
47.95286107566464
29.33027829817504
108.8745737066795
46.428191901445445
93.60827264579639
115.53717924881117
3.2719917932234566
50.37859628297945
110.3971438879235
38.00681212449095
115.09653575759951
57.41040515673053
115.87820101238603
108.40804384887821
58.9171994183857
18.909257277157266
105.20261488653512
56.786116087865494
112.68650479235697
18.455641280945116
41.24202693018607
67.45539235296079
33.39424916014658
65.29838865495508
40.105560875263066
102.79417655937777
84.4979147818276
12.453837929589746
62.476778392373845
113.46689990030396
109.89377830857447
57.582249471359994
87.51584516187881
101.11315375605292
104.46320362731859
14.042841486451039
41.457876892145066
24.000559464259155
71.09595121977193
47.528569154897085
8.609063121034609
84.0455647619211
69.74752134818513
70.36546380785643
61.79954439509179
26.3719868464839
60.31708388431891
22.651307510088202
105.817667290314
22.545532721915876
22.401869827233902
24.514886855225967
9.387828156221282
102.50510786503426
115.58911007768603
97.90160603657029
10.517300832977881
27.689683011520444
22.580969215333155
71.35440679041854
58.06272076680049
100.93848314745252
68.75015388954978
33.78591624328193
36.17803639825631
101.88006059871948
4.390583554658349
81.43916579583777
50.38087908986823
94.30652659668353
108.73179403881312
71.84465426981438
110.97820417033053
100.12060443215984
63.23413364268931
22.479761281597597
3.278511323924562
76.53192930353278
39.92914093156057
83.74003487825556
94.34681118470967
115.25850122875076
48.86071483447553
56.60322849832348
81.54326365749014
69.83006580953534
30.59443209802761
40.840622550864225
104.78361478806818
60.990442848519955
39.45785217837563
48.31874688900244
66.96308815940512
95.05467252033304
97.12801571091978
20.875835807131097
44.56485594928819
15.01986358816292
32.50843721790195
61.89802224892615
80.82607199216258
51.55392263204331
77.81379431701666
93.58353047107715
8.139343359438818
31.96616121558062
98.91956682995871
153.85415821082103
195.58847536703422
191.82044333651822
193.84777115724353
131.24176412845634
174.7754738173537
183.71065891325304
224.6822945765405
155.27470350819283
150.30429067099664
202.27924551324088
158.81270665617728
149.45982527839627
165.47140547984185
140.26332668695886
152.8659433240354
174.77489443131634
168.12623146963924
169.43922662603617
179.52843564793392
217.24671861029137
171.53898599627985
177.3083221189539
149.3875828450307
217.52968181383508
127.5363462286169
185.99211151202712
209.6027108998844
210.80594717027927
185.04520679134168
121.13845925618455
159.2044229198468
173.21864269799434
222.10486003140505
187.6614795592722
144.9095271198961
179.98062305284606
182.27384815320772
226.41342959040924
160.04500207834772
130.5594864850882
206.76171586176443
206.18151594325764
162.56083604197119
145.73516909652392
145.5981806111002
148.90811012136155
181.31134158255563
158.51291696422396
163.0810983488517
155.67771234914122
156.1783010860143
177.44776386654516
141.2041443824399
153.7240018782411
220.44746912010382
145.8818672456628
187.4218152920467
200.42025851340938
167.80924143783332
183.38820581064874
159.72486668012348
209.99219775594685
136.7603199260313
142.893620543717
199.6665694247129
197.34463236055672
142.59680470603496
144.68981077930144
185.08159271645897
222.85130599712738
214.50098399177983
219.24991268838252
159.98890265524142
142.4643169473877
218.97835691743325
174.39064152133076
183.90770301953586
201.36065967550815
153.32167649303892
225.11322472170164
199.36372980178274
170.9024096888759
164.70063212669695
196.54776265358595
154.6550779889981
159.94864408622698
201.05369507625784
215.40745432796922
211.70670547379265
204.2879226172459
169.718648060923
144.9063809553544
138.2643223579375
122.11344548935192
137.0761478709569
151.65570184315138
127.83790354503847
136.76333875569884
193.50082848278143
227.2834033207519
176.58333129824646
173.91216612686605
177.8610544601382
205.2123623560904
205.6750431570831
158.73540406890226
189.91220369205837
197.94642912190136
179.45133146046035
202.70702811828298
217.07786312978635
186.27419488541662
131.5201849162986
189.83667005174587
221.83147455856914
183.0769715526681
184.9809227358689
218.0209435021219
199.45382906424038
131.18011396601503
181.4151067837057
167.91668913376637
150.98431667933949
229.37673478543593
206.46393153584788
220.80544205655582
213.71718299663212
126.20768100570783
166.68824902271925
197.32298917046407
134.24974556140066
131.7086373399008
137.36830692633546
212.42395494140013
124.43454334432535
226.1575739015338
186.160464695666
211.0748604578162
183.5386754357851
181.91953829527543
157.03147618750677
227.8296832033187
155.23977163699197
203.37663712056082
133.06503315067792
210.41273804747038
138.65698865762462
221.69126624232018
172.31963953499417
221.9711126483117
197.84085895603536
130.69696799387992
153.8075502011587
210.54283168008325
162.79514053894908
167.64711275348418
198.51314290445214
168.36454932043694
160.70104509746946
213.39462857031435
183.83708688925014
150.6505986641089
202.92499466304062
173.11000538574567
137.63053038574867
215.6844348229751
206.04044118535532
169.11484691354866
160.00834046393481
132.19535273437026
170.04039506629618
211.76817363155214
146.57213751173668
162.83148487828814
144.77931287943724
162.3851029880656
212.04377877374668
187.30445187254918
181.72064029211603
163.38793410904762
130.70206475290306
121.41646573873952
153.8738387779865
162.6130849323738
202.15941295266762
171.01787475465002
139.9335582566083
157.03633739744046
127.77183101046504
131.80160762239177
149.12868155583527
208.87942579345724
125.08431864139504
207.30292084981613
226.26281453553742
131.5734248613425
136.50575599080182
208.774703690389
185.45284407798505
124.35395431053527
165.36593795872673
197.99625509692726
184.29415092073702
227.62612493821103
221.6156745759198
168.28438803219612
183.99566868084233
167.27871241519352
200.5583120895735
165.0202455805627
146.07587050277593
139.33183422105427
186.63198281205973
182.31041849525408
181.40894175493634
195.39675989370562
155.14628264347257
160.51503750217262
129.97926418050284
209.12862044967753
185.2650253373747
132.74017740536502
135.61619229737263
128.42875481668716
196.65741016692976
219.6373089865543
209.30137904725825
229.5629415408086
150.86009817553708
190.64668148116976
188.13030823839634
191.34230822927168
217.3608007106681
176.7778207423728
163.1492976226534
163.3070919680678
190.42753980591763
188.40394003451524
136.00429356626438
137.71168107565057
211.08459579440844
216.48986144859657
166.82744070059266
147.69610779006035
229.44338062542172
225.63778614273204
166.3746133884341
205.6193274565473
214.57128964208596
193.59568577168864
135.2811658159811
136.80407380971403
166.90548026262675
138.79488302037385
153.59628796808508
194.26819734452548
209.29900327876814
196.95581362835682
187.74480152293808
175.59227391772694
180.97550410468548
128.10768048836445
175.46234113128972
159.68210134069687
126.55454052374154
174.46381589619511
205.1052349625363
135.75889390442117
131.2964755455498
183.05411230250925
223.1998528972405
159.84003541965296
209.32941009879238
165.4137198003332
167.1287548119176
129.82762126094866
143.81184281663295
179.9620885618694
149.46533965087747
143.9687273233747
196.5748900064226
213.03564704336472
124.8935837265769
188.12535423442338
201.72553356395892
183.4475108202152
179.86065456163948
209.8081755221804
159.53987485926405
154.5528312972818
190.33482919435386
186.24930564987443
217.5516936721719
160.68731754420088
196.11788943005075
217.40769263730826
159.91094228901665
138.85729686586393
185.33157196354534
143.02751081519136
139.79640934572245
177.53244483976107
214.92142921776136
181.40248326807728
142.2945652034293
202.79484782497565
185.95486203919899
190.5415243845852
219.16132079293587
186.8745227664669
149.89579566904098
179.89921679325718
170.38232973573045
153.61226597489681
215.85854903096765
190.25316320001804
128.16340206003736
170.6341991568015
121.35023656130599
133.1929546215157
149.72186979340267
160.80068108611457
213.39260437854344
123.69104813259167
161.18332226480513
147.57259892922607
175.7162688721277
127.41891077197029
164.42884161391433
195.7976342958123
188.32821304444073
129.85763688741022
194.2829060751856
193.62663252040545
177.37219378050725
198.43923852451775
220.36260453761145
210.44564445564552
205.15771235417307
122.63306028461861
197.61710572777213
226.74998906502856
194.33046683552726
150.6577406240495
163.23279235276746
121.75021978237226
137.94467666799335
212.5965917968769
155.9993044089117
209.8049222696604
203.17773733881643
188.968646762098
163.13023669022326
169.5149230679871
155.8270219575863
144.24323652874355
162.33395542414172
166.01509980981533
211.45917587454127
214.47508102665847
121.11326757018134
156.6434129523277
147.65026241607373
135.04375949591284
205.47113791284693
166.42139604171447
212.0084586899836
165.6851158744274
148.69630956298093
177.22124092327996
221.76924995264562
194.80312485282187
190.70122157480105
133.4237723357181
162.0252514133326
222.93372634443045
158.34912585682187
129.3144519556804
139.8074075398999
183.77440839962193
170.2520274988895
181.0018177614283
137.0638117784655
203.0744094244975
196.43210647963014
143.51386480406694
192.28519316594856
219.14347315921026
178.909883079482
185.89389654546704
125.6405099977619
194.47796973874884
186.73267585897958
186.88891313355828
199.74499773912953
157.7216424775583
144.26729081253816
207.35021612516613
127.81019834628918
224.57495537932655
196.58547052980305
140.10926922572995
143.8394208790771
191.8222624468893
221.02914680135896
196.89065314493917
215.62528951895914
220.92317827478868
206.3376487590787
148.94084993611685
194.9715408797967
206.33697181076087
168.3057903851255
138.6878617595304
132.4350669809956
165.28361757574393
211.81478745234276
121.24927759262371
193.43833928894526
149.6588546209092
152.91800165612622
214.76399608009575
141.1002266787932
135.96859362480598
212.4303859744215
153.00450039577478
167.19141190986616
214.57595145899793
202.54300847919214
166.998077864204
198.11353033758024
147.35216286663132
222.8974424346283
155.66649587588657
200.22564175383357
130.18768648481267
173.50911717056633
180.29571318450158
134.66357020477483
184.98829750002304
178.23678650062598
140.3069266183515
204.75437580057437
206.73408789115874
174.48242143972962
214.53382122443577
136.5366782716797
160.75985387460753
148.97665470369532
197.7611027659396
154.56204373612374
189.6423809963187
161.34901174086687
175.46377781836946
197.34135364979295
168.72163514533992
140.78752143186506
156.73909360712565
212.08050630630765
216.79590652855737
188.2149615645829
189.52013104678565
218.34403206315895
142.92897457942593
204.02190556366355
211.57734132929764
182.5917084638239
165.38383454232115
170.84051503278727
149.7787850789194
160.52060320568043
165.19629351562315
227.5753535166877
202.79624538466385
216.04999237599716
167.71605598679253
157.057957557132
160.86224853575638
200.54415580904137
205.9472246688008
166.0756696513651
128.3121117964352
212.82319724838214
195.67826284198605
214.845712101991
138.4155462175272
216.0063961279322
179.09855744964858
137.6573008020975
198.39913073223474
219.6687823437069
213.10172381206303
148.99087041583593
148.49806432877307
160.7728622545856
145.73224700093706
172.2372172999198
180.8432953864965
126.59773514671178
134.4333939053
175.63966992769357
163.9490051675066
215.38645321322218
156.55653653406452
146.78881236394844
159.5971447058355
185.3031421699997
133.4691349374839
157.3776279502279
192.71025872485714
172.7914482275985
147.05815461212367
151.0085713040167
138.18879925789352
189.13444396274576
158.01236907257646
132.1306098628277
217.34640704694192
160.8111929649811
222.14293703706738
191.70506722069672
196.6343159103807
216.19134787235376
202.9013751769304
167.54355148616605
160.61198225879394
125.16140294526983
199.3154267982578
138.51353759505773
190.2342425568827
177.89458803925257
155.9514798097201
183.24871665502454
204.58743780399732
183.85881349265642
122.95299477307807
146.38385498254553
188.91943017186222
176.40356736534872
165.5883297465777
138.36769174427099
149.77585182533127
153.41042169773107
141.6069371155312
153.44124083779593
148.1755789903889
148.20901984973162
207.9857266451651
169.60421295628265
141.34590370598897
211.63395726954258
159.97065510167317
200.6647950527854
160.17757624572516
176.507305696365
204.42366201908433
124.6647031211119
172.6969260724774
186.8165109316506
211.51338990205952
160.3372494170414
136.0543289014258
214.92527485342453
174.26718521148234
146.31667871187096
123.1086817997945
147.86611234369371
131.94942139704074
128.6055449458783
199.01302823148248
227.95539613219833
215.137158752919
190.8971802653108
176.36509243015388
178.5916002319721
178.17132534482332
171.21411429585427
161.27533298779332
238.72516262244977
278.37714977325993
278.2836296664924
265.9561300617652
283.73640412657534
247.86917887640084
323.01033554358304
314.9403617308879
330.2898887697179
302.99841821426526
255.1865430000791
257.44947452667225
273.41711079195505
269.391285776481
269.69198052944506
316.6281237550874
238.52054951938337
283.41577400668814
274.46670705637047
265.1658239188568
290.26269259409054
261.4865771213553
259.2917820396096
274.9706920927565
317.3962516531919
234.79768079589977
289.7746955930494
300.59525528563915
233.74941445808992
294.27409523858836
271.72483711542054
280.3558969116936
310.69362515599346
284.26892027568704
250.94477998200608
277.6404924385025
285.29622871909527
267.63954911411173
266.32352779292137
265.5500589892272
273.2539082332813
282.9117360850817
263.19795766953547
279.18479641258676
275.50055973180304
297.602804990405
281.6388586648407
270.2953342381333
325.9422124201251
259.30268446156
258.23996920246776
317.9938352156806
322.35928441515784
271.0961261580943
323.933070686393
236.47175617755755
276.07297430581133
294.44168988904454
321.5609226171892
270.6583927191865
300.58069083583183
306.2158909159115
285.7448625607837
296.68698078873723
286.83432963159896
303.77690071754745
286.25162300080297
296.5779791922684
328.2516676797295
246.65752930817814
245.41712045525833
309.8174503535695
272.38388150540555
240.20344056158547
252.10606086696495
291.9156677224059
259.27928059388785
278.74209776438437
321.219178093638
233.3651552924479
310.2554617579899
255.80554206019482
310.52730827295744
312.14652731702887
288.0137675687421
244.41890949911152
278.76942681561417
289.1725628868243
306.995103000143
240.4736228161458
291.7997862724306
249.1128804262403
251.46536685285713
252.06060816972152
323.57266663065633
257.8004871231339
309.38956233274723
237.744031846581
296.61298963079247
263.91174386443697
283.66471908087846
274.621995961435
276.7239334185121
258.14090109430896
312.41558087343174
289.9664409716326
234.4335168524104
306.3387001641183
277.2913470741719
304.43895855591427
310.82633690179284
328.3204818084473
232.8743448638191
304.7473228435303
329.1311128743573
259.6951531562349
265.7973544793309
243.43150499022937
318.55848169972023
285.06115817420846
298.46168546130986
238.7820980076596
284.5934687651069
283.70624671105713
289.36647656350937
250.59383303577434
317.38457621386635
311.6963456786483
296.68214331402316
243.49207028353993
310.7681078677447
242.3938945609765
298.8205031741222
257.39958878836285
271.25017588480523
316.58060954713
317.04322976728
249.02375949974564
285.6995550230241
287.2088928816532
249.1153011999995
249.1298734406824
269.71016259124303
246.97074389746146
241.25407241032468
317.8528110723056
291.8186753601438
277.27551318356257
236.84507047483592
301.9785925574893
255.00057019970674
269.1553233748773
239.05719382832618
279.397331445584
270.3831323005824
292.7717591648798
302.0902985215958
297.51681153448203
312.55339792368864
325.6459817870442
263.40431755255815
319.60106387782724
270.5842147975906
240.5419614319124
303.6366885446711
273.09214757332865
287.98333791769636
312.0536384485301
268.2767325401614
245.48926888969763
233.01787037163734
258.7751543175102
304.1848496334449
302.0064771708492
242.7422511365274
312.73701863803205
286.98451063188423
266.47844429949646
284.22783461759894
314.07338894723654
290.5957367528881
271.4289761709113
306.378643628337
291.9130488220508
236.73584714895023
252.14238615089323
235.5755749206673
282.7897497774261
251.69203692919697
327.82423876956415
316.5818467024838
238.07352649773316
255.55755829353643
241.984834748875
271.2701353352869
260.3463882738297
301.1214467347144
274.74062010702016
281.31896340971184
297.87238785487347
274.2071133390846
247.394987435129
314.4455012060562
252.75030429747116
303.4012693123287
232.77883235650566
314.14577444943177
256.2950034459669
272.93591479452135
235.4030691674272
261.1080281474683
272.76438989152103
290.429092379804
286.7730065130352
300.331652852935
280.29153777287434
317.0037484388213
310.3698083788174
290.7376876300784
260.57828994536214
291.2054843934889
268.3027722214458
279.4556113731538
296.82303030509297
241.24112318312214
270.44748021206067
253.29866427669236
290.1531778590217
248.83451525650497
273.3036546214672
248.36088849733133
283.8881749877605
246.63016881583482
269.8087341527745
235.72015016554042
289.98811612241633
316.02084650100545
291.7132212837856
266.7747798475155
265.0257323197428
260.25231928628284
290.1510956419349
254.470071645537
311.49114770143524
249.00670379850374
271.6865683093383
285.2210468799471
288.58024828352757
279.49073453672963
251.2596269593707
252.37798646411707
317.8139390969367
234.3887382675968
280.47372896446427
301.45297781843556
250.2010501557527
291.38493623383687
292.33901925917667
269.6966411851556
312.51348554045626
321.9015177970036
290.6638128213477
235.34132014993997
281.7357780566887
323.3890498867245
251.94822356391265
309.3909129732731
267.8179324007815
260.2501637872925
295.2495656885228
274.6506363770656
261.1298118037864
281.77359927596643
260.69232980332555
252.6280084979136
327.4162054918723
309.10438809102163
289.90831222317206
266.59183072633783
239.21997993835964
308.0873331251986
239.0995897672189
313.9021097798665
291.51217756891305
314.6192526838703
301.1970752472516
320.68312474562526
278.97021796392795
278.2198812905694
260.70654645498723
308.881091927541
249.2285743130922
270.4180757102624
244.5326894467549
307.2705805777071
235.6787885478566
270.4343349946018
280.9274246477449
292.05974961347795
319.3406302629585
315.5439624707043
284.0258235716916
267.6747901264458
230.94915008979228
300.62336188555815
325.51170796260686
300.9627455860244
293.589413412506
311.0457702208388
290.79694466727614
244.49448902558754
321.6010239787231
236.1332922809295
236.88303660028595
252.73850391510945
279.2271997731874
303.9446425779344
287.3941849816169
233.81719360591373
286.3666822547339
309.6136756241446
307.8169232083161
239.2200673744958
277.33669438950704
232.51301022428592
265.0508286721831
283.8670398438887
236.76054699710966
251.89491474592356
322.11160007892556
275.5552685842202
281.400050866532
262.0671890822449
295.16074336312573
289.0956000481128
281.0964982391146
289.19819609008755
298.82862477818963
313.87629817006416
281.1133879431018
286.4092515910576
254.06563739895017
259.6748662554846
312.6432306612908
271.6214956048545
247.37451804040347
293.44752588906476
295.73336820493205
254.5139539850352
236.2244615498494
308.5192440042226
319.15822955208876
238.37434698016088
298.1979179680254
305.6240640993953
276.1846259675633
262.6453440210262
295.1598105865799
289.38900208817284
243.14231758960221
278.2378787781727
252.64109077149791
313.08332060721
243.67424412796572
258.2402607638423
314.1706616190091
254.43752604969328
316.9301484870154
283.2677970148172
276.36736076850895
296.9320302801881
238.06879938961944
292.44918357431163
311.9537407653506
272.66825354386583
266.1085154372883
262.85105001406123
314.04276577073546
256.09247519525627
312.51528921182023
269.2044102494555
244.5699273048295
325.7941329871268
305.486679428142
260.2526281658977
306.2801651629146
288.54189437749875
319.7585417573427
278.7518035841983
291.9974016356259
276.95039725590027
298.9968888439927
273.4843407344994
253.46031299545487
261.090952622063
275.60547332353104
285.59037217769645
231.86201614224188
300.18273849554515
314.76998649059453
328.1672335174881
262.66386963339426
261.60111467063894
295.15306765505426
287.1062392359635
295.9698589973691
296.5812132287428
314.940718856897
292.2317584486286
297.4325682724139
272.29871168318306
247.12748858328925
234.38734858205692
237.82086280736758
238.89461601554945
242.60964809736612
244.27209583027957
237.7782702535362
258.67466369253236
254.1577594239187
269.55466589003305
240.34481320358645
238.38815100194958
266.2631184845324
322.2342801669042
307.7309590040055
263.46073865038966
315.2319586107194
267.03103641656423
255.04098308701276
278.0595498737301
301.396998847139
292.01501396908395
325.08361232971197
306.40222531000387
291.4337479278547
330.4620738246429
247.90883661616948
234.70586136137973
254.3427342438943
282.99914332959804
303.18429340898535
291.2082935752401
270.9709279741168
263.19752529982713
285.04032816055667
260.7573827265509
272.00260314173175
277.7816264823366
297.3734318131053
244.0852988583531
274.9008269379975
248.89759173467564
268.03317974560304
256.4701974289878
269.8791876861327
277.7089112266587
285.95646496982755
267.8968702818252
239.22209094738403
310.71355204380194
279.9398922026911
235.6559358729154
272.77278464388206
246.61477276724008
297.019385208456
320.83288051848757
275.31991548617
317.64040165244694
296.01921283893665
303.21558374862275
274.5728762539067
305.60683027435164
267.3283333397479
296.20242065579066
294.4799872701083
236.83744254915644
312.07890967883964
311.51939000887484
287.3968626893359
283.1450082006189
300.2321544107477
237.04545717516595
247.56167445820145
262.75424663524115
265.80430923464905
268.12913075308876
288.657181680903
264.9392923042725
266.93988042007317
309.80989380761815
258.60605349339903
256.7787320320437
286.1846999477098
297.9104959495761
247.65565076820877
297.2942858095781
279.0065100830784
273.9519665838185
295.95068891558634
281.2430194746778
291.36961699166505
236.6764542669871
303.3169633586207
274.10651301907217
310.27261007187843
277.78222516197405
265.87851981743074
298.4020895388968
252.4338472907692
263.3454547589172
268.46387819093513
286.2444569604103
289.51262223292304
307.58313044817595
273.901625100953
265.55307407061645
285.4297893867877
252.2583421196772
240.509871990364
312.66669657951445
279.5647055929504
307.37383739970664
260.799322521616
299.767949452642
232.3173473933494
248.773568335631
282.043129855537
275.3641577527612
231.79368838297611
267.4341595898216
301.45855030558073
259.7828707837798
273.2194599560123
292.6393638591983
315.5715502146637
326.97943930070863
272.495560627641
233.66061349864043
326.3934891726815
325.59827925680133
263.9116623107142
280.9444519202185
264.23128361867083
295.38541481509407
251.27187219875935
264.30927204661265
270.89174390947676
310.95864068557864
271.8485745923554
244.3151252682355
246.76954166665456
293.4419265927547
273.9104988281887
329.52561910738405
309.6284164453104
238.26361404375675
298.8853301293315
304.299382610048
299.7991633756745
289.23689736819733
237.96355287425033
294.5538337900528
274.09658062221155
324.3025896999788
281.4590396747818
262.10226229609367
245.95834282500095
282.17204743000934
325.66951289312976
282.43847802698986
260.3141540762885
299.9205648233882
306.02061900382154
265.3388721017677
283.3803167632273
288.99089103950547
258.07130684418456
324.93549995566997
