39.725901307011654
14.825497210869818
15.887222659081342
29.469234698090876
9.240269777401673
47.6939727980416
16.977466763600265
1.3216211544670458
9.218773100386478
9.059600936533167
8.957610514038773
2.815854754362693
13.631772851784879
6.110503357746406
31.874187730227987
19.631467142337634
16.553909777153752
37.17639909240828
1.6550533292665897
31.857623155611556
28.56161817638389
10.519456228323754
20.508562200475513
19.834470768812277
40.56098583775861
7.675086852853731
17.259320789606313
42.248053768665784
33.990797970775134
13.30747437607466
2.5557776542189004
24.670229693850274
37.86798966689556
34.98022510355739
23.393879853658472
25.78648332183419
2.2640826439878268
4.252402093811984
18.077559982675876
10.605583421224424
25.933770119141652
26.332847403131606
27.028942544378797
16.679987033738414
30.37293021222794
13.362224427643202
35.79696303743244
10.963720235868951
35.88826826247213
13.039341953865819
7.294912837929811
19.57060973121913
45.29135206679044
27.15428208493732
26.9302499694598
14.437187018924991
1.202984080734499
26.29316687063553
42.803762923463964
44.00277753006249
1.8967325539786728
7.297142493603573
61.39314889325556
91.8952641813037
63.22530817792197
53.83173064262978
98.23527787288491
73.15034322453928
80.34847721516223
100.68478153283048
58.88382659170766
93.64853075658945
50.12585248852116
106.34419085700831
107.97860649699408
72.69160109630498
98.17872818972319
108.84374372673902
87.41862608208825
94.46920758501305
96.26917399097944
69.17767693781283
66.11242175864061
69.93077423602882
88.44808116718161
98.80365413918399
51.490498457672345
73.47542677698942
59.451890442001485
49.15126281978211
93.40481701147843
110.40522984444092
78.81862641674097
55.41658106335453
75.3215735100956
91.00390073918082
52.60915086706498
106.77250043977222
102.39126455585084
97.62661209678312
81.25898412381893
62.67539474829293
108.2938244697637
108.62018672360537
62.511630769832045
114.82269282801784
67.80270575866449
81.27475087784346
108.29828090712434
111.82440305404349
57.59156961943042
49.3371561987607
96.91836918221551
80.8032819436507
101.6455625448975
48.817612463772925
101.84141931474639
74.15613057612426
83.23828793390938
113.09035950162854
94.05785856882063
105.04670458324816
63.76962302477001
60.447344479253665
122.8135324450321
181.3787885302341
163.5877810192613
138.72220726332185
138.30740166841176
167.69228907802338
189.38898831757047
149.99523352721744
133.80279161432892
147.64892579951595
171.6215154425352
141.24660042743216
150.07266819443453
163.6019425454415
200.08665401300468
207.27098171636328
194.71851157091967
176.75524550305795
151.43780481681395
179.72871107439056
200.866683409424
208.2292287817582
138.62347749464988
184.17880021462688
181.06404860565948
189.00173452515904
172.57105500040532
192.81261377571911
227.28095392174538
172.09633263681485
205.41894602859
164.94841979944496
164.79335192311424
187.99129081652413
231.00091753415626
127.32797423012545
197.86215824841577
144.67336811900006
138.02371506694985
212.92564266236343
224.5288852154211
188.41593746126972
211.00429301660049
224.3937836053399
201.16130722335134
142.70964873708533
203.0687017484292
221.4772618053869
170.61483286629806
163.3460891256815
150.88649641606779
176.23384856391988
227.0383566634143
198.00613922692736
197.69116663050042
194.140784616251
125.008181874047
144.44950318110804
136.13206689790385
139.9680585979786
223.9359492899029
173.21298902323193
38.271024610228366
55.13438932718654
81.63226207810787
43.01102963305988
55.82790789958027
41.88495343797855
95.52706839641544
99.8685439022184
34.23161817107453
77.65696649496397
18.78528882513789
46.7295365755315
22.07754700006676
16.091790430933997
30.6531575919664
46.920660978529284
57.39164673247882
93.75002432919248
37.44556844864472
57.75153523330692
30.05053021722036
85.88597035048528
16.471536589938644
31.58256910382525
48.771389193752924
91.84942947964953
66.80784852446953
10.104692077667458
65.41984101578787
63.11495644768072
25.867308750447275
38.260754651844316
37.34219701891112
78.34252607924662
88.27763724942331
17.98815369604248
52.7495763050909
43.04915449907412
25.921510246635943
86.27748766166582
33.72000709814634
15.671039926220637
23.833786694514878
46.45830573795275
64.12950179858612
73.51361739968418
87.35423769363672
16.934432727671137
31.89135335139403
50.41878679562291
19.386498718928152
77.47911603433406
52.34290074923381
48.248905609413335
60.60589576709949
90.3161971392212
51.9727715789075
15.563926259864623
73.98994944335843
20.006611363902323
86.21271334499016
72.78456728932258
15.78315940859072
82.22717803382734
44.669994778860584
37.01012049252306
48.30363143951436
74.54947110876383
63.72148197005117
67.43186859128527
65.36805312932543
90.08147309299558
94.06147338176389
28.40823417977861
32.89527149505524
55.997946253314744
64.01187074004531
37.20401431014629
24.862607017634097
38.675961059003086
79.80105901814076
66.1437068852469
53.856571577652474
79.67095425446743
93.08339209333317
57.277753244785536
52.53474990485849
87.04525697285456
46.390322055290206
47.79322211223465
10.083310943842626
100.26718318838573
49.39556966126936
79.40558580709357
30.24098899765843
22.832099502786257
69.15171376533563
41.895397104623925
62.06772484438805
82.97043749252458
17.451995190927747
20.38691643387068
72.23962074919886
62.076607078617386
94.97963450393755
34.76054199867183
80.59592814790852
104.16366811380172
133.20076258802234
146.495783788247
108.0717735400615
132.84551204204803
130.5562294804704
121.28777704391341
126.24939947626174
118.61511174684404
129.80537429685404
118.12554480126744
136.77045264193976
126.16701886776838
134.50739944304598
101.53126436073902
111.50701558766397
114.28082938927437
131.2634056274902
120.42827415028965
117.08126702853923
119.35985285691757
148.7752155680248
144.57684666737123
138.89147419346685
127.7977570936427
117.86990494732852
108.7043110035161
136.49198205572176
147.26231188373563
126.30029177317209
136.78622362628676
127.01554045384906
110.30560213169107
125.90087719544425
121.97753497048473
111.5344043253464
143.5464026042023
115.91264502391004
147.82586030839207
139.49416819717882
134.35053582173333
117.97806035297299
110.43587405171144
132.97938803724304
109.94078212184742
121.30351813392092
125.61773459896759
122.69880861027457
102.30607572317118
118.1833677514105
125.67459408023271
148.48653287288866
145.84556763130854
136.40599406736544
121.37218115540627
130.63802340977088
133.44867719204942
135.4128006827866
113.27056858206883
102.11929536995088
124.94382783369981
135.44846534920597
114.35872681261232
140.7886425411777
137.1033992700764
131.73491450385393
107.10262739762531
117.64326801794743
131.6218202418073
141.47102838157835
103.60911422210478
127.43330870610116
139.92349183234367
111.27882415378824
123.68784095430674
128.49906220538693
103.20753744322039
105.57510472554385
137.38531951990166
114.74980073204112
121.50627319340843
115.56381785432151
133.6021146469195
118.73963144151331
117.22413639942707
127.39336923426774
144.9278393402459
136.56077474904683
101.72283606857164
129.92995340339945
126.65919969737247
137.2098436340922
141.0414994056048
113.96879504075727
124.0137989708233
113.31010756560565
127.96421636611079
115.87287601096578
118.29981811403155
145.56142249691263
111.40209314235166
141.4982570737842
131.5270547330141
130.89451851851516
141.91620946395622
117.94035342620055
115.22027948666044
147.87733207990746
105.5634118961443
130.47400702031504
115.1468766119321
137.0813982875841
148.83789004805027
120.91075689640194
110.7941173408719
119.05573588760777
133.00275028770835
109.11564367743054
107.61226898097561
141.16742699797888
125.47672514236184
126.14439744137091
144.53701892184546
121.23314954562046
120.98734522266699
114.83516714847174
103.6351358299663
110.08717762475995
136.09089218106516
120.56570061796994
132.28397462238505
136.67867068360252
135.56431567288834
115.21377712716931
142.31162930126368
144.43901981514048
121.86340967129733
110.08559393725022
114.19141166248463
118.4813633330406
145.76393963998711
128.35911843809816
122.45491201006043
129.8022714534984
143.6220472933237
106.96841349642122
102.2980788888375
103.11677985008416
108.7158531790099
118.82008399623282
101.1530671546595
114.35421679253481
114.78962479238575
140.69357665960422
127.61158724151274
113.05129304385596
112.5016983712063
144.4883451929867
137.66990144561996
109.78613150599296
120.04852917225602
122.94199018815796
134.84585127283637
129.64566023134276
135.72433550344692
133.89147697633112
125.73265542461337
142.85049600783097
141.4100330349831
102.74171849569349
119.5257255704197
110.98873571853719
106.47068085394694
132.21085280034234
132.45230833219105
139.68826177295128
110.37657445454684
127.68674564102454
128.88557581437522
118.8358561702593
120.95077568953559
111.14803302460481
130.11034377427006
120.01906761469849
127.07609401500325
114.77581780976556
132.52561032556522
138.48884357099135
109.61903087379143
128.48380790109601
134.17718193896573
126.30762474158485
108.7693362219284
114.92494657221715
146.0005731766431
119.29856812459587
127.95116759404175
119.33081556529915
131.27216373704533
145.0441037649127
110.88881963561617
117.05264433362969
128.370194696297
111.40718906496694
113.91292252402098
118.64398100863365
135.22460960136132
114.87106982363986
103.0258643538512
137.83033017344815
115.62658635916087
140.39673712275814
104.07806060959814
148.57739426280307
149.6064412576344
164.06762221355356
167.37977458776
163.68030077979603
159.3447381978953
160.47746231410324
154.8189825161522
152.34805665930267
163.09077329420265
153.28338371680414
169.95032869902752
155.45360882098967
152.8289325167697
164.8491642174321
168.37288182791656
161.10129705979952
159.12542581358943
149.38015525586673
163.0114125259732
167.24433238225046
155.58393598364563
151.09968046130666
165.29146911333555
161.21490125517442
149.67817448187273
156.39141775857962
158.05686267049916
152.6247172598216
152.46295408287048
155.42080513404298
159.82654620627304
157.9303600975451
161.8698198288826
160.64656389832862
154.8480479445476
162.6318700020938
170.00571102166515
165.796737843214
166.82440409527544
170.63583128841313
170.86190337556746
161.841568985136
156.1825506238983
158.49138539105917
167.45749124342922
162.76761426370211
156.5158551465412
160.6691526861667
155.3491866796737
160.00446039307312
153.71997741218377
164.10858801690503
155.8414775051118
166.8440676956064
151.00484762888468
167.53498075933288
164.0976761416157
150.72212204610068
158.75272906785955
166.18781600642336
169.48128496710066
159.84864089513525
163.4423263330574
156.98786849274452
160.76517735334443
158.42523509403202
168.30204736503364
156.49239609430998
166.27784532868867
160.47384204450387
158.36440555479714
153.08097645622152
164.31686733820538
163.25053092027795
152.97822605812848
156.1884501123571
161.64577275269042
161.74790076080458
163.67475031159938
151.61353301112527
155.90818017483883
170.76093086567033
162.84695989136392
165.79854317804435
157.79304418039231
165.95461388192098
162.4513016900716
163.53863256326403
161.2800781935074
156.47468553662534
153.0986926309124
166.00242944505635
165.5760755765935
161.11101718952207
160.0007569384671
151.1289010005689
163.61638394632013
161.22294209822962
164.42618085621146
152.65774222250332
166.40739673917687
157.78989064027806
162.25505390118468
167.48670371120227
168.7442131236025
158.21872714245345
162.29383188149532
154.2207580723361
166.7882245916565
167.7257514544937
151.1682644675364
164.14976633252715
168.5944634629996
169.25528112016292
156.70947142402343
163.93227835413435
165.27745265715885
165.03129670332797
158.34110404444377
161.94849148459457
167.03104038647058
156.07398764654562
154.58700852282695
153.30857105220832
163.25700032976818
153.3542128692887
152.97324250383195
166.52677219186242
165.55046444866977
170.95420375147478
157.16205219350354
150.66523455945074
164.4147813210987
152.71673226293382
170.74433426964373
151.1567778198206
154.17970806847893
156.75809355798157
165.01980459571908
168.5601445001997
158.6491170704973
155.25378735319322
157.2805888131867
162.8016407283262
168.30723027976296
164.6440613177782
156.54879608933973
155.96329946514504
156.28386799129822
152.88186793268554
149.78454686080147
154.4232962794963
149.9951036861368
158.76104381888965
161.1370477770811
163.09578107316017
150.8510227625907
157.10301128224503
151.43197735411536
169.63254615790544
166.8493534427269
152.75314108384572
155.61806266713697
154.504197074555
151.44986934391565
157.18985557317973
161.98385361811685
152.86416614643298
165.7206319871527
151.19311494033013
159.85445993745347
155.2983762338302
153.28561571187763
167.04254947931284
153.1154921507272
158.3120423517991
156.39219447862644
156.31044683096786
150.5432245430787
169.75275473372093
164.62523136773984
164.78655129935038
165.74875597448946
165.71155813238875
158.2694055398678
157.32092072576233
156.15996757727152
155.18541752574376
168.8045435632238
164.6859219445505
167.7520321779623
153.52413029233898
154.4968553867549
155.31884740755225
162.1450338360442
152.61920572247962
164.20793483078106
155.58947020368373
163.1978681731436
162.60182211347302
154.80336247102895
168.7844265643189
161.27957802893292
157.13145738963183
164.9088053009587
160.6647594779322
163.10624248819346
169.5994575601399
149.30186258437948
165.94914636573537
168.5369995662419
160.99172053170912
153.10850880288365
160.29088242902182
222.76326555565925
221.96482893871402
197.91411757423654
213.02224094340463
208.47402618593935
211.23926614195503
179.08267238998326
211.44727737422647
208.03883143505257
197.3247879734354
208.56544171984615
203.59071676043837
215.14632791359836
188.24695589140472
218.2978826765335
211.63034880541633
222.56900012567183
198.39657339616693
219.1051005668621
193.11202715089564
209.12492459655417
210.9295488544166
217.95348604686114
191.66394485600077
218.19991282021473
220.14694758194838
219.10141971604085
219.61013965181078
179.9600178141516
193.99667364004242
214.08866943477494
201.1294594275933
209.04404361480056
229.21966528215492
184.89817322339587
199.6428820334511
186.62021145091242
220.3736071857045
205.71412120312078
220.6258483929857
179.64372791616637
191.93753677146455
222.24082025741896
171.31893212962368
208.97519739588034
198.46648251036666
198.1675394466898
221.37185138963324
197.55923687193348
208.6123243423861
207.36366178212126
219.0000028780933
218.2497068931501
180.77614112484707
197.3810575662008
177.42348611297385
222.2096624170166
204.51407086139173
178.7879654141455
197.87779790160744
219.9821415772465
227.11483048954676
175.34405657655682
220.62034624067567
200.6528827457902
205.9153883621886
211.1556229534707
222.64163126450546
186.73811799646873
222.6092987866627
230.0110741134616
171.6718702995851
193.74538317626443
224.06975712558278
220.50106480029564
207.64255339674128
210.9424642538692
208.76851807134491
215.90960049235744
223.65477623453688
206.01903954408152
202.3892029020897
200.9619910029973
228.84358552760855
210.73224579369722
192.61215505162818
177.99836867037504
181.13872682501406
215.16322509045585
209.33376001534614
215.06593804727643
185.95445842302712
190.33426263322883
225.1662320403268
219.73306865883106
210.9217991350177
188.92041657557277
208.73473975105776
183.35417646050627
213.83609036722737
173.1219956707032
228.48543371611328
228.72931338904743
188.20019945618
189.90015634023246
218.8623942175486
197.9947432197793
