16.120134201049083
44.45648106093116
45.997987456077645
43.554985925882555
13.456885662158673
60.41259969904216
20.403005883178665
57.25808165949054
34.262556505236866
31.65263472765923
35.68524236588469
41.99678332842962
50.230321948510394
11.080861841475713
54.894380632685284
19.506600490714852
11.500203042011428
27.24652950381658
58.908070681064345
48.533750316341894
25.99529161381121
19.813767794692566
15.854731270150271
38.800689390697464
13.554644698725081
49.166203236515976
23.879475594719505
23.699393977508304
7.6117466850208615
46.37245764309853
29.82144026344561
17.483831182945945
46.127579771476555
11.857390872779153
30.284905096105046
65.60407614090101
23.298281769274823
33.38143785407916
46.95872838898541
58.94083254745233
47.03231082217942
26.443592072394832
43.53819970625417
41.10806988960306
20.38058401858418
20.992456825266427
53.206059015574525
9.615721463172637
58.53265634491562
8.67765858366073
14.842500426779853
16.03845954182739
55.30181766952884
15.106784025537898
45.84517113976812
41.563196390278065
3.5860837134923145
51.336617398799454
60.144673598310476
27.478496774040067
48.21135708256543
30.064923491869685
60.50786963647887
45.71876403421561
44.39059582321053
22.041137750812435
46.38506533457647
15.739896565050778
63.640014940871794
45.77616432582759
25.230763428865387
33.62426436253621
31.629291381838865
56.97734763903795
39.80491317127495
42.32577202559473
24.58210447908264
46.44487860530084
36.78027052224592
36.02915617122306
36.253113782816044
41.433614473582544
10.634238109644372
13.739490926060604
21.45443801620533
6.049783168473962
46.79278037512837
17.932222191954835
49.262864167156394
44.40304454799761
56.18128770034734
46.060379509052105
56.83218809917062
55.365202688097625
23.86060453283178
6.841558464270442
35.677570611038405
39.098279026115065
24.9321474224513
51.0499722621133
9.326571912616014
35.681352130048246
20.65993142909148
3.8159972938302253
26.55561508626682
50.99926678314797
5.39435384845196
37.91680372388925
19.152865523588197
46.53284897569663
27.11726807347224
64.15017641877782
38.82870799742791
33.43282951524656
56.74051404815871
27.093652137643293
34.768367515331946
2.8572017770212668
5.3854221318732804
20.586477189230624
10.808940917512789
49.05580044180613
3.7689429425104493
44.4984443699243
22.071114283405443
35.946964939539534
34.6351811518586
52.27781293719873
35.31220245896534
10.355037072127615
54.71784323756248
40.717489016780966
33.26406004620197
48.002408116900796
63.07686678795037
57.66424240614807
12.970324807255857
5.16788042062284
24.312172987358956
34.04921498522165
37.293302679699124
47.942555727699464
32.62510412855858
62.83250832709548
5.228169632049436
14.315881845986272
19.31673340731622
22.45977071385375
27.65029118000243
14.161070638823897
14.878585404543042
35.94265097482052
28.741221289702064
41.17525249367941
49.11364686984397
57.19815114184546
48.367233750490506
57.087042985986415
61.49067668231647
44.110280923246926
55.89865142617646
58.532016007666826
44.181026308071694
43.447958785416134
18.675135067145977
35.191602543090795
50.85435818262364
10.705455917478861
14.029319094968393
51.54851150785139
42.10694918595094
62.05877941645187
43.835124731969614
5.235885095834188
54.80708767870066
61.33130949047573
19.84879607958313
50.933156978335916
20.562745442824188
49.674505011867254
20.682826401365155
24.282595332323538
25.55861127728082
3.312414028342534
52.7374062332474
30.012935456428398
25.955684484724188
47.20883287535258
47.366414124501745
21.568666225467844
8.745031864163618
55.836587521021436
43.440460709987164
11.961323445812681
22.981084418760318
45.84663757383616
32.14008994192373
8.999621912974693
19.416046477834108
33.903864616294506
6.172872283408182
26.936709037956447
53.103920161296706
37.615307232454406
38.01009527804386
24.310496862444936
57.21666463886198
39.323389159318324
34.52214763890472
60.481933852596285
37.50818918977805
62.3139986567279
40.01643739014296
29.6414910333587
22.644694301574695
37.64608612637427
63.788796176199426
55.935012905762804
6.830234983367927
39.88451224340032
13.410495702437977
43.10157455069239
31.390855626364345
65.05420958577247
33.78154097522326
53.761550103828704
53.672668629989715
38.40416675144186
53.62436354756892
8.522370336061591
62.25237287404897
44.984777508594576
18.473851384900616
43.4818860936135
11.882421777683504
42.72665822951734
21.2600059313689
62.45976007675249
58.90380734282925
37.315126303334495
44.466079863328964
121.54617377791516
147.00533777716853
152.41236770554272
155.47787826062444
86.67939579239683
88.05634733301102
124.11737070998436
106.8048730687288
81.74815528306144
104.85665179259888
85.72334214625727
145.6005024168009
111.63277106559559
121.17645992627494
136.20527240563814
95.35796854836228
98.69450280241777
98.5019497358026
103.73918405617223
96.60375337565735
85.15242372552146
118.01678785000671
141.5686222495698
133.91298068692262
88.84254749577099
99.81353082190013
93.00910934011515
123.60573567115567
125.82637682132389
107.93471789340073
76.6848591895585
87.28614123717199
76.53515115836144
113.75390338073834
117.56045187969583
114.06256462922009
106.94414880130383
156.86317392663818
113.44826306277285
104.00326881289678
133.47226039805105
124.96748164575368
119.66493744489563
104.22279305992242
136.5114791671627
118.66923837046402
144.3996347469423
118.08032890756562
68.645342837209
151.94006007827795
112.16742820269671
93.55938639768686
76.47073908562213
68.60975802551098
116.42340849424217
128.49583799550263
89.53918467586689
105.00684037383479
133.58440770548987
151.2628119137703
133.63776047652092
130.1698518364081
67.22557346807625
90.75716745389772
140.74548370010544
102.46913286279242
71.16345526873894
141.44586798028973
103.10644438770915
68.02448089552348
130.76470154956942
147.45956411675695
97.21719850124488
96.08887289775983
127.86605150950504
152.8538318585163
101.86425184204904
155.60719134046678
136.36880084019703
70.81642814457408
118.09993066739132
131.34378827242642
132.0519601380338
100.88219832169582
116.14579507181683
128.1102150433356
138.30849273889982
101.14874094037974
98.59514388637895
111.17071769227874
109.59009235514955
120.91124889402285
121.30281118303446
85.41359991142144
102.34535881510209
122.0536397664794
134.40007432952427
116.14531036187972
121.95822633754152
106.82949857918216
72.09998777113407
124.57780535980177
154.21583685539818
130.01589691164517
135.27698289402852
85.4610829889441
71.5655815272174
110.06791658418892
123.93919759978482
149.1443874183663
84.55498406948628
125.55123621237226
66.27426074222285
143.56903971594966
88.00353495023208
99.29572735286112
149.6536693916896
82.89169250676728
136.00508591463569
135.87726874482945
125.89406345235177
145.40213825090433
148.52436964428546
109.14130975718163
150.24736765848616
113.86676467217272
68.33436139093241
122.50375538511146
75.92966912757046
80.858606018055
145.63502688840555
133.80176564867799
128.2695507260005
145.11990616629456
102.19539951370598
114.3858805542971
118.04160253374943
111.65590954308975
133.78562145210444
134.9445329556829
92.96747035842695
84.3558405591159
71.27690096149149
140.92525272745
158.42816912325554
84.09209007084853
138.1510929616441
145.91027450871601
146.35369125819705
72.54892959475885
138.7534685006761
117.6461899365907
75.36348283503628
101.44919845013938
148.45226630478925
138.1591441248836
105.47007130712319
101.54569869079033
124.18233280718326
123.61558277210099
112.17586176319365
112.60231195586925
89.97938582445927
116.29396292791395
126.77427140206679
156.7305135662469
70.90998297905314
111.13733928464242
126.34090211292272
92.34263191590931
67.07822452025698
140.1802167171579
84.4974688988967
153.19222903200654
86.16662628780978
120.14728545128885
128.79317768427424
106.21960881136043
95.47967792324867
102.11484889239121
130.7505300411843
121.05533536135864
134.74239823406697
95.81193342463214
95.76651337624303
94.68402171824522
109.31492362195203
120.68109587193607
135.30049951445176
93.03838715942099
135.75545577855473
86.19125292918275
146.67422807804942
93.43692824892698
138.8954545200969
124.19645816074248
148.14426036287045
101.63427015859546
139.60210064489655
66.93722668619256
98.64491361450571
74.4105931639785
67.14124128632156
72.24612544363369
93.54328125603828
140.26527011659974
124.05027177063188
119.38952900427846
125.91989620452841
149.1615285220203
125.05502991114096
153.4349998911104
100.63905801487735
130.12204556985344
73.8477464445524
109.22655761454394
95.74086288347378
105.93887312768179
129.04413418769366
130.94267099599506
146.21285066309756
137.70336603554472
76.72421093548502
129.88091421268305
69.73444518759548
107.03658660804842
145.57328480147802
98.7694011372206
108.28199343228272
77.85902725952228
126.56800616774902
115.22393486586573
150.4473667057393
140.2976367351259
123.5507488737762
96.19920193228428
115.75931762454802
69.56659474165977
150.03135692208863
74.52594381170324
122.27595918718397
250.8300941825141
296.3158740920331
204.06581910914576
266.94658415496264
176.8419667366005
205.38301884147504
270.72833884545497
312.9537137342575
217.5202284068693
208.35174483669152
215.67784285265066
275.6563607885321
185.96671436222658
159.788435108606
309.7291417116632
310.5225665953442
205.21576749449065
251.9809092578296
213.55620739697287
285.26512982737603
272.0632550639355
275.27356663317516
269.99928419536417
160.35585429682862
250.01763841448187
218.83458040640406
311.6588521729036
249.85327498451326
286.9582187601087
299.3765156470637
233.9370456734082
198.8774248112973
160.51871071288957
267.3974134036026
244.8199625575935
260.5481648465613
214.90182936019164
224.9482231492929
277.6794602447859
204.8710720505699
199.3247716302594
255.21474360193665
250.64139901824538
298.4145058824609
195.9749609216242
259.70700762649784
244.67200156103675
267.78581941705704
168.04770664807944
274.82528956847455
259.5292894376236
240.54664775122475
311.5601181026724
276.8573816556797
205.5178116005963
272.8312131257925
266.25475587181853
166.1202080393463
314.0381988801721
303.94583070086503
176.7593811791993
254.55604827124404
235.11423218221384
171.81374593278153
179.06587842639345
221.2984500832203
284.82392912070964
274.62993816396073
287.4221397752929
271.3411791747918
194.61265389071013
225.0456496123387
308.27176324384374
182.58416191393425
240.19094501937255
179.14598857067944
194.21904500274596
237.2747471562598
223.15800922628142
296.2230363940427
309.028158478663
228.15965614633734
314.48971330411507
230.7484517443909
184.78329922856628
206.19622797603228
270.10686136187746
207.88841222221163
318.4767009746867
220.79301509916968
208.9559900367189
311.40779743677155
162.3022192047028
248.1427576742047
269.12415149348334
236.8419395696682
316.9069116987527
273.6795958502712
287.7699906874116
316.90665649117204
181.14188810695913
194.72428066836767
253.5404122769329
228.80220858735123
260.9221899886088
216.515730827325
273.76577021422247
165.90300491052614
300.595800239632
220.23713475470308
223.41929350631096
286.2140236810711
276.1775474168268
227.7784131079995
298.697466621385
175.80627881042173
223.30746232359826
190.9557127588491
223.80886030171507
317.40137668690744
175.99343250717007
285.88959217980135
263.1601966666494
214.49288799344743
208.74569217981832
292.13980746397436
219.01387344125993
178.30830411693395
180.26402376662887
178.72094396685077
231.59772853120532
277.4075174498245
228.8101425051496
206.0911350804153
263.21760267271696
271.95146553271246
230.18208312738082
271.23942387146565
303.74961806097645
251.52587838092495
256.569328081916
179.27258076732113
315.9447534256262
216.77849928010127
308.1242975623101
207.08279447739295
204.34650277875213
184.1616912594722
226.7904038360916
167.49167289292023
231.49837879130723
196.39491516367855
285.02794713076037
226.83205272196386
229.6535800972499
309.43630046113617
222.22708840407066
299.20386361382936
199.50856423725008
284.25016357416206
286.4405947934184
221.49075102103433
261.53118986972373
223.78168256788538
171.47771582401674
208.07185812392726
251.26011851573827
314.1443077790176
248.45224953021264
307.9010874863494
168.43140058889753
240.52086512798195
263.0235944008787
274.7075580042181
263.02966916778536
251.92693074271185
285.88842868542423
184.9054934429753
278.7468379644126
223.2441403054493
232.67824304738156
231.0001436306682
234.9778397621556
231.54336530016766
185.6420291947191
203.00134567321962
234.56281937075266
317.426855020564
219.10309898984076
190.2352744838098
316.1179368301641
241.3599793479056
187.8673671008058
227.67151809478827
232.32136940628956
245.85862504738688
195.00758929031358
225.66002150034706
197.74799327071037
216.72836347167805
309.4222350499497
226.63486148221784
259.2465293924093
285.4878071498464
266.1078894057657
217.2280487167193
249.12387663730146
296.0138577229638
318.02153868941315
204.3514377065132
312.6817608950671
259.43758063804427
159.5875576168481
262.88020998912606
219.99210980241853
288.39230703076174
185.78877766856647
278.6660875512633
174.84933589286163
245.15163263875274
168.68427621069722
159.92988183573271
295.723350459497
181.21650786901736
227.1122111844182
257.15170809174566
260.3788146373451
212.13977521272068
195.75865749617054
166.0906239863162
243.1662218198748
222.21986382522283
309.4405233509526
172.42610702597375
239.06480008763887
254.5057991229823
264.94438551487895
304.6420885595228
160.413636973765
305.37204701104554
160.91989589024482
112.55141372745345
62.99613419757552
101.70815332454896
14.274933492105859
55.143197360266605
97.91978570115518
75.39456648992767
82.6289511675615
83.93992663831837
80.65384902852111
5.020524199789314
27.04820837269839
111.18500500458872
41.50508658388863
3.5648905421224057
49.43438270314357
97.74801742470864
28.96409409653493
109.99220806817355
110.37785567402577
33.410531934935236
14.465029791459067
48.54672377839778
114.56621844043102
63.095031686154066
90.11801556189046
47.52185809513198
58.58796190404681
54.9024449181551
77.73075178793898
108.10816796902739
104.83169090024751
64.93013267154387
45.15438357334658
70.82643496086897
91.19614214907268
72.68637511265332
64.23364226148955
37.0585159766525
3.6731200656215464
5.678708989083724
45.18356484819506
43.89483530528763
44.71951488945733
104.78542840839738
105.40867603252462
59.05721857079502
29.07065539992442
68.26165451521362
81.29669122280595
114.18654860380548
108.05119254928283
42.16577652094294
29.7160771275825
42.794145364589156
93.40233916824273
28.506734186095215
78.76141074492469
106.90153448478404
116.10266249869898
120.21735591251694
72.85924404824661
72.74953152992398
97.44548199950961
47.66324829471665
83.91429361484799
64.27242520470067
72.03958915570021
71.7306807330825
15.65649855971698
82.21561317333897
60.198593381455986
29.08928302772415
57.02974630308767
62.87624436596614
110.90331691016915
82.7867551742805
42.703133620341575
88.248186585162
29.103565583133147
35.699401345435454
54.50780610515699
36.7025144996134
23.801518774143076
107.32978512947949
100.51268771684957
49.041692260372386
114.95565571206453
72.1964070865475
64.15730538022564
9.517195198813113
91.66534657711233
75.19483855597011
30.53393056115678
45.31384330476348
22.58141820353365
58.44846236542569
59.62330669976436
103.84536507378763
35.16239623080534
15.231463710721016
103.2789580389086
58.14588603812885
108.2240739204945
86.86640559306016
71.0491250767648
115.94649134527234
15.96366720247348
9.136095007263236
56.20651335092352
93.72565059412636
4.36205779632477
37.83070326482066
11.057849663892739
28.464455507408772
46.53937503303709
59.085930684119646
76.24966603540348
68.44002136245086
88.24189525168579
70.5646637532057
30.32431594821987
30.21159304318449
79.64695848113989
70.8188666256163
73.10545684840348
30.481505939576937
38.60358078892941
82.12070692247812
37.70529885793855
52.50420268486189
85.76384889506944
45.968816032969556
34.60447015218402
31.959903254401297
25.338037013413015
104.85005727160251
93.25069393201414
91.84439740494892
19.006954725955836
49.09672685915839
72.26686306619287
6.160819051740994
92.79237740809728
41.61668083032307
81.3678643784333
15.281871271909026
117.41065108242314
47.32637519756966
83.64689969922088
16.35058792769604
45.01241804072352
14.938433333152162
90.9541370979265
76.6960853231746
44.30235108268268
47.65611879809963
22.825198039111008
52.007929884165236
105.65280071927717
41.482224499491764
49.97179541268988
10.959356240219684
24.53082986116663
77.07033595678197
80.14267278696857
110.72939675966956
119.09618831146445
69.04776678982904
80.68040416762163
29.130991574319978
79.68390827938917
58.45939942386215
120.01723479987098
55.84345243438732
29.061657856373238
51.84797372705786
79.97638126654167
91.67907508623787
82.25486728924434
117.826271839391
109.4482505291914
55.770899290557466
4.237109101297328
27.335941306874417
3.6401731868459564
108.6127104438097
62.66955334501803
70.15396563809439
107.5428060752194
112.10747518464527
28.359065825570887
120.184197529934
19.089569711708897
60.187396817859465
4.945582187404817
98.58399617641672
38.7985638073709
30.811322161946187
9.636814973781817
110.26268534178537
60.882268895699724
66.60934603277428
75.278488074773
47.24326054461962
67.98463940922358
14.814996757887812
73.64058689760016
88.16820531679184
38.7733253951769
61.30239378905669
59.45755303757409
113.86059673652632
16.354353059630455
96.48476682781298
62.41818356196891
16.05781988634613
50.80649187412425
42.110365096774075
16.80682034263269
28.235990428662532
35.26149864589233
29.032734660390737
3.7148198741373335
110.55724814840462
84.7214196516115
28.592361425851344
105.44454431867089
58.846894397767336
5.832307731409095
98.94131355417565
82.92651015790702
90.69767381883887
48.53940001499494
60.83175909394081
116.59548855306988
47.9155891206833
78.8797611288916
99.3916910981952
14.028908517067308
88.14265150853814
16.26562687834779
74.6522688490612
3.312085138619679
116.17215358648214
115.03022735116943
99.48089007868424
86.34954157544365
21.013188781364065
34.816494863235725
96.20545532717777
25.079663686996504
84.56147508974257
60.34263707383041
7.358751735285111
44.33182133267881
36.58246065740417
78.64120683495841
16.736037811041797
72.75697655121667
79.76320607293502
14.048968573638483
96.32975893675399
73.64421897573133
57.88449718739673
54.82320739824395
84.83134122233494
34.67275163064643
83.6687273914858
73.638974821586
39.28190798634853
20.64185960350507
80.23621554978962
37.30101840669427
92.97381320782247
17.45082907402636
64.84773743625485
70.74625721029372
53.75773279912244
75.61635714139557
118.0073182965893
45.145501410733004
56.7868474846731
35.586705825330576
68.47300442251934
72.24569501422116
101.11310917696237
30.749870015380097
6.152162184775456
11.095290168205011
110.72048213908178
72.4059913392211
78.26370418462538
107.34019050875236
80.94510697074908
104.25729148108695
44.89681104811855
104.29944951770909
49.56549187117993
116.80479523917268
10.371654771829647
91.85605398645082
91.36185236144739
62.43681432095294
97.51829614999738
93.98532763597582
73.37246543810205
31.717345108392617
51.46443680416231
47.11263448622226
66.17243014340772
22.523619341085443
105.51665866360884
86.9641683217333
15.187264746220897
22.045421137110573
69.54651019783381
4.116125785170986
22.11411369680758
119.04884578249212
24.204300856278117
27.2638362909342
22.17307281360182
116.60691065368172
15.85001297757853
28.34294472567661
43.971871535352406
57.05593989382481
88.88531167698339
71.9628172107487
49.04794931300689
4.884092308668265
17.606781633764783
43.349907426966915
7.882767275611869
87.3933311975909
87.31639593488241
113.5384655166455
47.1300174076908
64.12637564795367
25.651156129945356
27.44950999486006
111.70117804220706
79.19994985525106
33.948240104155076
20.502487494196416
50.313052977416426
45.864525089850645
39.91486993204799
91.89411551331605
85.72193194138111
18.26087650534931
90.07952203731625
43.35951099565739
50.82596290876296
120.3958613834781
76.1219331066136
3.198053823524006
84.34230611544098
106.50640795481124
38.544404827672025
26.171676053151337
31.50673940544584
117.02501265529861
112.4299739259854
74.58122142223348
30.806562359998953
49.34748520173744
96.20855669303793
48.1397783906466
70.05142128875737
108.53618784979028
70.71842120248158
45.23075919918382
66.24109501546017
92.98097034260225
38.96839891105739
64.29542529608331
8.410481823371427
7.171462202160448
76.30985745127555
48.77809993509286
62.70949329090464
100.28387063461238
51.86205857393276
8.259959856499762
35.34093098275174
13.61741995901582
48.668609523622045
41.22731101703864
61.97413698812122
73.13053517856257
35.20550579741715
117.09893209259924
79.10752311967647
32.06447838683333
51.56989617362191
11.622469448266614
4.3684139282350785
16.605553174457405
71.66818895424166
88.3364003619588
23.998035255054674
62.66380064776592
45.21875159277892
29.940295727865347
118.72580517595108
116.47739838742766
41.868591869537504
96.96314352410533
49.81694767130395
16.333970557669588
84.99421609317386
87.62666980859085
24.053012067424575
62.843831206647046
36.30486240282865
52.44293860587065
26.479396662849346
41.01503417576874
43.50734413045409
78.07304899130135
87.0580111170189
58.097341709396744
111.4872454205527
69.91015480190478
90.38436721217943
22.852602617889964
102.1720778286867
69.66766781473093
11.063326067660604
106.16602302113134
14.924428374974191
89.14771768979361
89.4989722885338
77.76555127154174
111.04611643633787
51.82856104153228
82.38965678656592
54.435094511147376
95.5345008627261
54.26547367650796
86.82494229901494
38.40514056170479
72.19803608786195
81.10938338767879
78.10321742315739
9.531651322991287
116.92879865119558
56.490126099293015
70.9686611434241
36.19064677547265
32.58888489182476
24.34778245534804
5.696034525071781
69.15186233790503
72.92046069384264
101.9978897989666
7.981951795046982
89.21593806565009
115.11904132389363
50.34247159796336
37.41401757798657
64.88990333091655
78.9640167260586
98.48531069257135
65.92374561558589
80.69836100098125
6.109842067649275
59.63071463124514
77.61132099034106
83.84796496391657
16.6241834404762
84.14377163211734
91.52514671617203
60.561463302132665
107.7956320385132
43.996561890431835
14.968301685540851
54.19445170848548
89.10237101621635
14.723056908739018
109.85437364460948
107.93569133789455
69.84669207965605
85.27710602358333
74.3757483525795
70.92736392829059
65.55997207984719
25.839023481350083
29.463200766373724
74.09782189213944
47.67398132693177
35.7021079124726
107.04527893172828
34.32259993538043
34.1428797969551
64.64599295978084
58.09686791458491
85.39846439478131
59.00240435815704
31.80933594441942
86.3882180957944
52.44925262560527
23.282171483118226
12.589716938483498
111.92396751258646
83.28249946764112
55.58214198421769
42.46113472704482
6.41925694558779
33.809907567368974
6.633582244093809
6.165033294124008
112.51157753982568
48.3052271024477
56.166850760539674
77.2390260796956
80.6079353990581
21.015263539880458
94.44152435148449
39.15625393543156
82.66268872293811
82.66016358756453
63.80693109715107
23.23438478586921
96.94021403516747
9.499204193680939
95.93673257029377
86.89477921330018
37.03100836241606
72.28341644356634
58.08354723574458
64.90505551043091
85.98489752672515
20.03507477015436
104.0975015442202
32.57343868872853
93.16278643900921
43.146218457779995
85.21758186621719
98.38739912295469
116.82867949752335
88.97035244614625
27.937148435258315
69.0217098500914
78.64680673540362
109.99290475081335
27.042169558802755
80.97385208019803
4.5290625622527685
114.53322754459094
13.53456248972033
8.82425860925256
92.00095070228554
29.293950235723806
106.88128009913211
104.46305328049806
99.85538120295176
106.53694576740558
72.02085927781927
90.20395562642989
57.51424077045669
18.52622184752881
72.40979168894516
75.70109223064819
7.236647160601308
85.90445834941974
61.36286487839536
65.64046259168464
107.94773437050222
59.84224752983043
92.32513084108723
43.536130330583106
87.99267728814777
94.97073521758149
33.66950789928512
78.7612308861409
59.85718735861061
179.44435630436038
217.41255336447625
210.26623059017706
163.79995880797892
168.7139636461224
148.60907740327053
200.79249656951046
181.15965588016704
140.74214795428307
152.4219818364227
172.3785735832802
148.13031301390774
167.41992470195228
177.69307703071325
227.71204862986468
193.55805447063145
198.6741268790391
174.32689375253375
162.43305004666772
154.1094759857504
134.69739322858695
221.40684927483957
126.97859303085212
149.14626255011544
135.19058591123638
189.6822467998307
220.58817368443218
137.1373920274403
150.23082105994538
220.00574960362843
195.19239221290897
137.93469488798547
210.05176843718206
138.4713644303506
193.5485678022097
175.46727312271045
166.03035897072786
123.13806838021279
217.96740097320546
186.90225518373592
154.71163106444445
213.7777366307997
159.56681588153495
144.39142602352786
207.87745196998526
138.0328645214422
160.92001435046996
125.04096405442817
195.99960102545185
170.82400860552278
154.11230253334494
181.280781612634
150.8830888294239
221.4966581324245
166.40287665291075
121.41612981828618
227.14520241429182
182.43024023987482
209.229140496907
147.05194591132488
142.60675475747848
154.82482110873673
226.62605686494558
187.27475431959354
139.83587567547255
196.3392119272716
212.7862658373958
190.93755307091294
168.51573468328164
123.9674977587247
196.77393382648674
144.09510783083482
129.35772573625195
171.62974244594218
222.99035470121163
204.13934236516312
222.6592344793978
178.20697789016518
142.29125255207117
178.76485162770285
154.77564229685626
213.08236000935096
137.65185808124716
161.1606502682219
148.35882950236203
138.21521799606305
172.5731367954702
150.40423353480352
189.90646765185002
147.99651335246025
135.9142063891012
198.5832394892213
200.00279545857848
123.48779118835549
200.46134637788427
203.40935952183435
139.946789151977
206.42521456547126
191.16162585644165
198.9112567214508
171.55734499070346
172.65706593517197
176.2054353982891
177.81760232285686
148.0930180207793
122.11343293242184
173.3531625959467
170.04098643551907
168.73738683761917
168.35981735923855
151.66415627717365
130.41371980520702
193.028556721617
207.59126184973675
146.89343653200072
221.19561238194393
149.52891406092743
150.62536182317706
194.14053789680185
218.9031975802713
167.78646786818888
139.71972678207467
152.05023571633632
155.2651021914944
127.76648486302892
152.11805333578096
166.7510350683683
143.21089512056292
187.21529330536595
151.91227082313677
186.75814670494483
177.99751890268865
215.67070467862436
202.2740140532851
139.33917026509545
125.06915439019838
204.24847451480898
219.79250022705955
222.2951529355419
147.95007859295094
130.64216922957533
145.19797910362195
200.3220074421139
207.46369467612163
158.46235198684815
229.06753851783253
153.9221128469356
196.8856236497972
143.71333911163467
177.71681899704208
180.7862422241619
138.56108954935254
195.79320111952745
169.34371619574935
224.41221564209255
225.01811723967333
139.8221816487869
193.28645723480784
164.35535555093833
171.50994606411442
159.28176887794558
160.1347298014018
148.09453858286312
194.7109198190546
166.63871278159684
222.6094300325087
205.6967446811157
136.13336491918278
151.59332766600545
151.67548834463207
195.79659486958144
187.97832109529153
209.83510507834504
172.6190371710068
219.15765204785941
147.2633033317278
206.7424183308386
132.34309078608135
190.9182926859524
165.40292948556527
125.74743086739625
166.00294943256876
192.97863601073917
176.9124526383659
224.01630936772082
121.52089690436608
179.55013202590933
124.69595834771317
168.10124743382147
128.376169195656
167.93459058051943
166.1555331587872
217.26355902994365
183.04095090350108
164.61059658019747
197.12468809686064
133.1525731054389
129.4590024758771
182.52172432584308
125.69639356316634
199.78267742525102
208.41911189269325
155.69828285559203
188.7045829688189
192.282981123808
161.51173803498412
130.15782445959877
194.96394231176308
181.20127403855014
144.28979798890924
162.75851202752622
143.39742186139847
203.4250396619569
162.98949778341873
193.2410037126191
173.5813906503723
179.3374558174993
150.3312600915173
213.95529005867417
157.02542626055362
210.88171168929313
176.33403997832275
223.53655822541026
146.95019831086918
222.7885696128057
176.44677825674782
208.47263764487806
222.04545539027396
169.97978643097125
135.2675700216676
172.59353662145222
205.91119893980485
189.05371761182732
152.31281255306737
214.35872647095425
145.11261512672988
143.90596714211074
197.87120932089263
201.89922415594356
218.94704682065128
172.5160895744502
162.1012634454808
156.3089014951685
145.30560699297416
177.31188768952254
184.21456020305556
150.57652871666102
214.3648547801101
174.39111966693366
163.17181397807963
122.45443630421107
182.50014786155674
145.5928333855868
126.39148460962872
227.31335482671827
150.0384914596651
163.66818638278374
192.19892159758493
156.73472056256085
179.50514123614897
167.55052614104306
204.3958551629137
195.8743613247043
195.5330182507575
229.1800213249409
134.63224089588797
136.27031526288258
186.6077203989398
189.76873723716167
176.36465418860132
205.8337896181983
144.74184850802416
193.65573228330166
164.3660797593271
193.24951340414356
183.99192799374717
198.66375462120052
189.93153672649427
207.9431097629901
218.61214262908712
186.1454279221846
133.3468891285623
218.288911656364
195.8574380248498
185.0409120395844
131.11206675898487
167.68888513391863
191.22496489924174
216.66592731210596
124.8610748632185
135.90811803110003
150.77928104189658
147.87358033659768
183.2458719855771
160.48671064612842
139.30319019908356
163.41004766945105
160.85378671207957
206.71364811340902
185.92376114868705
183.00608211968884
142.63927654123063
226.78717521653152
195.55279736377074
143.8407056937884
135.40920272810268
203.1330719280287
198.21604036579984
159.43581215493342
174.82490068502224
153.7817140854853
149.75273002434307
208.07540804733253
224.31182467354643
202.30002960273947
205.60875798303363
165.623023020911
180.66139236793666
158.68163170968455
162.73615599521744
159.89675445117723
161.3408792948877
153.23536279912236
182.05495924035336
202.66301391450185
169.04687545848853
186.92581202032594
191.80098027996465
196.69876525775481
170.61823645275243
135.50434392936126
220.28218999691614
220.1095251193317
192.91208618053892
214.55898486093406
126.69990584869464
123.58460917573336
159.50537418867842
221.44341635084294
151.26419601840433
177.5723814831781
168.162242769277
153.79627561694764
144.90196414900362
162.8855659455943
216.52620625833583
188.8200121851386
184.51653802170117
140.54014108233469
169.0425112376939
158.44707143754718
177.4216567345477
153.78931290305843
188.6427190650904
180.15576973568133
183.76966584778356
152.04203877886533
178.80593471817005
128.2810178218272
152.7281223356921
176.1401984433646
124.61743008334851
180.7950730402543
226.8011828439391
155.15930271460655
216.22614706918458
134.75650580862836
226.56142387747485
136.32848267862295
122.36174113315124
190.34268743272517
215.2383538103606
205.5640901250604
213.86811916175893
216.53387353115602
191.33425574374368
160.54767706360158
221.03365389966584
184.14382715252
218.58477309660958
192.49996281000142
123.33871833828363
151.87286803077507
128.65158738029095
221.65405499266706
183.97719289017792
173.3504122314641
211.94895843730953
208.26255275185108
156.3550787667346
125.21010563043427
185.1947838808775
165.7266574836931
121.35482019894401
199.55250684792938
207.44959022569927
209.57230754538804
205.1486676863489
148.95466583698794
229.1178251576839
142.07902342800554
176.5999687354282
220.96053763162104
208.9413707807749
207.24687837835717
180.85478663862875
144.50586575468
130.12643334274634
163.44203433347468
153.2880839425857
152.67912697068104
135.662748103523
176.9118594955947
142.4966279202068
158.0386840409606
201.7792507227423
178.11261214312884
187.44831418107742
142.9964798785933
164.8717076990761
199.23138261305596
145.59168078029484
147.43059404523953
189.9205594783104
192.25103883020586
186.55930710047872
132.80537062952104
142.33921116854935
181.76627069434045
177.62843758937106
160.74978499249545
158.39696363249342
176.11735542358554
174.80776565655574
164.6219016474068
196.87595619887904
143.79546426503896
182.6490504692122
140.96492378142455
179.85768001706379
163.72846980193276
168.89164118428383
183.94278248328737
141.6638976782756
183.6463494493575
171.53381411164298
165.82458719834872
122.22817541448593
172.45715950010242
145.64849751078748
218.17074379285043
192.19095790331588
161.62113718505654
143.2024909416255
171.89482305956628
145.16590079017396
175.02714631480845
157.14287411417357
151.61126958745112
186.45698518851745
206.48321103959114
150.57243270763027
215.11898940808845
158.50631003735714
145.7453680551508
132.60642198010265
184.0173398025468
159.81851394904754
229.94822332187957
227.55979579194104
128.8007041348419
140.60967795076613
169.2698098494318
178.16121946800786
167.38476401241886
172.01762003717502
137.34050680382077
198.7054870492608
192.5985340012388
171.84923156858673
153.42407884023658
165.848334734817
217.20838768608925
217.01338981603632
195.87757517483539
147.18007654039755
228.88489080693998
186.70492308153507
184.12663025923297
163.52096969966618
186.97695736658474
187.1874155180834
121.70290719378339
140.48806181484403
203.19885121173044
143.30895711963268
189.30490701573297
191.10831502106413
166.23080756677527
148.98990714062109
162.59240890163673
171.90185010332308
129.95647133730148
162.77358171541567
163.35453368315754
178.7827694667338
179.00491547619131
200.0028708609441
169.14978582767202
141.85975017815466
178.06176095215784
141.38999592565543
174.05205071903188
133.44491401978112
205.3799142275244
158.55688964264394
199.75909000719224
210.65022871100868
227.5062552396933
128.4330835774677
126.20304740269202
192.4510906086035
170.51478760344884
185.29462958762699
160.84159466933804
148.11450364509727
160.08727474952852
211.72282210342303
167.90360971253287
170.37343515079303
179.72130865842274
207.86625786596716
182.41634663838371
150.34754283699104
184.66189970798666
200.63634976806478
201.79394874955088
210.8990291336738
124.50962100143019
208.40587830489932
159.11445269964887
222.5824358102024
187.8140511088758
129.29423661762792
220.119226327943
155.3274844951906
138.66386115563574
123.99463739850094
142.69849609024172
159.74694554198953
188.51236667925275
195.38202339712808
153.95483479760614
165.78091786882877
213.78914035918706
214.9648908625459
186.19253491827138
212.59245011845843
153.0316102250925
123.9514241279633
129.46234839142053
123.09008223691265
181.11894770095884
137.4706188923124
131.72805083199705
203.30386664151882
168.68417472271415
206.39562173183742
203.26145483336518
195.78392988447357
163.4059648944218
155.38260733591002
140.32350811132133
203.36570193105274
159.8535974676549
139.2769990568057
189.6529732188453
130.36518416596854
224.99266148512856
150.0302691840673
202.1978206630927
195.4674298257527
222.19004057813868
187.30739886136058
166.62402314593143
159.81392497010486
158.19596700442648
133.17380775092215
153.9787934127422
143.69441543409746
128.8200569850227
140.3395988993484
195.65288676495913
170.5951824372416
186.017007049938
185.4567197721217
132.78340347009743
205.5723769469174
137.15442605171927
214.76670238152727
198.5435166602313
177.0052120789226
163.16204140783037
195.20359305380717
184.94459408709943
171.12904991808148
169.03821556884716
190.19433004441112
191.03964360574776
152.41542930436893
192.96878357814137
218.8758602396678
192.13884108827008
176.86454060026085
199.2450424269249
182.17137163592147
156.98309630967074
165.0647410841761
209.09987165703262
139.9864551924394
136.12161182674745
168.1164367294462
146.24836079277094
154.5005542757751
190.6059501142479
207.8194631780845
190.0322533537261
224.92320368384344
124.31601143877995
171.92914522178867
165.5305099101239
131.802655072358
167.73933499551296
136.60488081758456
195.58156977237488
137.86775270212863
150.87229510620128
205.52873219499173
218.06396731515545
150.10435109644644
193.4515010668359
196.05727929197826
181.84701699027084
192.98580123160573
185.4729687896927
134.79393418003212
210.50679064852005
162.36536034404332
211.97465001707764
155.29741358599816
161.88333599713846
223.6343252822195
222.15456254229014
189.8845289118795
143.33117775510618
201.79398011851768
201.21074094465578
124.4108040429163
221.8611086414873
157.39752350489073
194.18082040611642
169.64287294998024
216.22293869395267
151.08556598479697
224.96377690775057
190.1252486638458
163.25186864490504
171.5482714479718
148.6992871605058
152.1858950697696
220.80935581556133
149.64100647351245
136.4549573371824
156.38002430663266
191.51370219518697
130.94507932610645
228.3036710176072
126.972916478884
177.6586581213078
181.81557445179413
173.8886685786192
226.17932562079898
157.47486009942554
206.1938168491763
126.971817108887
228.78378382188234
176.2623915767515
167.89659242428883
214.0573235824745
154.2836889613251
189.04746849263677
204.90476360936955
208.1013054902938
163.34023076845273
162.2339771713603
190.65345400631315
162.32593220529796
171.97408793223005
170.92024474654045
207.062790518062
168.29385076588957
162.87767941140447
218.32940303988804
153.21033892542422
197.6464800353772
157.5218964119696
129.47666828454038
183.75652817597944
196.37516435637102
165.5594449113463
135.29363222364137
176.18287898311294
190.48236259058632
191.58839565224605
169.98063026367453
132.77606134604005
141.25104013851674
180.99542249729197
228.34362782411895
206.81187261127258
150.59687165318155
159.97890223088058
174.33875890270355
197.2601845778926
145.17100290596863
156.63009090731998
140.80506865767154
180.4002782109976
142.43416111735863
221.64461217350566
178.73722018592858
160.055127822933
195.58258491341437
182.8460133586786
131.16444246014316
153.0168980230928
206.3658173956854
152.09008986030915
214.8422987078299
151.752128351067
149.51219168571905
200.02798653127687
177.30794204189266
163.4360710061457
214.33108598742302
151.242059859636
192.34759031599228
184.47306630634876
169.5741679883261
150.82517805401844
201.3288904532332
220.95232107321578
179.6701120386264
179.1632993712605
159.5970884655193
183.65051242062188
178.5104417368489
202.58242276035188
229.42223076947565
144.6648480579737
191.38960592945338
169.52493700651087
134.37040514150337
133.08963114678647
170.77776093768082
171.10021546682586
136.7016228265895
140.56010626567323
159.8890737370977
152.03936817042074
184.0658028162047
209.7043672839484
146.22900297131335
222.21757635520567
127.01226175673123
185.4124414529316
170.6856358982447
217.76699316764606
182.23920519773614
144.6784410389024
177.45880217606663
187.98423795838292
135.79530781981475
178.30600656500158
137.74799841462945
142.85159611928466
141.76116230401766
131.57511913706685
213.04946781254984
133.84950537909907
196.85105534458035
206.1904650102592
220.1696811510913
159.6402755161327
182.7390661711199
228.03194321802394
162.66530761486672
198.5699297132519
180.6015015071706
152.90875417797903
204.40779976081149
186.81506312060455
147.03037001280865
151.5058947047482
181.56459908704736
176.0716029719223
140.17897294760132
152.4809328562253
151.3165993682966
156.38261048334988
199.31073030781255
160.9584460394955
203.09950583510192
137.99598532971729
192.30083810869309
204.35610579698485
211.35603761062566
217.0872276829402
160.27614222698963
135.75262143282356
224.3948933393462
152.44515351600305
138.9736475415873
192.8745589542737
158.07707695722098
140.80585674850312
185.1854542655285
144.14122187315078
148.40639098243315
122.60033053093201
174.0307369380991
143.92441094633153
138.07592521350995
154.7193513799376
143.47295540620883
138.8440119492016
158.7501696250223
200.97658124102844
198.19604407510985
200.35726442968797
229.5109164914213
155.63430996924092
183.03819181711336
170.1244597979421
157.43394759036929
152.52390649547428
197.04635970226875
172.26584596268597
144.8710880708022
199.92599480723243
165.6764878158784
173.3053011702163
127.17374595744863
137.58492680293134
176.53686432544737
222.17807662305407
148.985765229502
146.66760766407728
199.53264926733618
156.39218898374634
137.53318055701965
222.06376928593016
201.2570514956132
202.35140388803288
176.15406874404493
181.57130056897384
135.29284537584624
172.47073409603288
180.65804312391265
183.45600360439508
185.59597485445403
127.74486923543515
184.42769412215722
148.901023942885
199.85157331106447
181.17132605720695
190.02638086027528
162.90667848566684
210.97580637374364
135.36074060251005
158.9496191939425
207.9866592071854
136.27032963272273
169.01552635154133
214.52171659952728
165.46243984525776
142.09239420959562
172.15613731742064
126.46262742135187
174.5529408723317
145.85443103875053
223.50766099823028
169.73428288452936
130.45766959785408
211.46604191492116
210.0471619499702
221.00423323185086
205.3794205638212
169.72139137238577
132.57861271679806
134.65774308472928
146.99325778700737
153.33957225839166
226.0670950826155
129.4964057099918
158.4855172253972
212.30803753619278
184.50891286353357
154.18050999631882
129.97808466855378
153.946968526323
159.4596790726539
210.0335462613927
208.74051170052203
155.0076850159242
168.85730991761676
135.48423708710885
123.71369205082223
201.9706684843726
144.90386998704045
218.26739642735222
128.7379990236396
172.8722854405675
145.14511815196303
206.39209101747286
190.2934211816939
200.9652718672808
170.9909628588701
203.77450790525907
193.74551803357886
193.62793582531356
191.42791467304102
219.5032998322747
217.34013352440553
136.4617989125484
139.26981503272637
163.4511047298634
162.8011739258743
165.7441202219545
179.69215990540354
210.8313124606791
197.85827439514617
155.02739632371046
199.70925373212685
174.04666223957017
181.87114598540805
158.21675262221748
175.5363492374192
184.64894842207917
196.22308226660653
172.0729747588159
214.41000510913483
163.9631424959304
173.9890071331778
179.77109259491257
214.90231756695442
208.59585058305498
206.37755851865273
228.8626564887161
180.28844625694248
154.69718069932145
158.4229003806518
218.03286559881735
133.91264913856486
154.6483933399119
146.5734425637985
186.26994291618723
208.50930712409854
188.73978300161522
182.67137762844513
189.6906630109333
211.3119158648289
138.9380607839998
151.36222328645297
124.07405564915635
226.6094860426721
141.5751106444821
142.4839718953104
188.90181861904927
131.77564992069708
197.5826823607001
133.80256390985966
202.9811747517381
129.07751145923942
198.88976830246642
199.85761880604625
184.92437180008486
132.36073356583972
184.8431740337002
133.33710059968507
149.359265822727
187.49928742174922
148.5974207064923
194.10941267737104
198.26780242243265
167.28412253994807
139.02839053757697
147.2308243417906
175.2845178151827
222.09105582096117
171.9832050824493
224.25841939479875
226.52958045709036
156.86753067431357
202.95103388534204
139.19410832356996
201.044315078319
192.83437410704278
219.3454198080522
201.78301798560287
135.00302364488013
131.9810847955889
136.87499476068302
198.4168735191061
203.8844774781332
130.87663069362048
209.22421669422948
157.84267570188413
131.6526923694859
193.45059234318944
133.62449099818144
201.4772298932987
174.2745565136323
211.38188077821323
150.58525406550723
146.75351184638595
190.39569931054143
210.53008052082464
192.70353753356252
167.4053065734129
161.55054135679396
172.15378543146528
171.26035619428762
142.05168209073742
227.59087629837933
130.07404127685712
171.36290792562306
202.3168281733905
220.53435781811837
140.3375809497426
129.46884513313114
158.6591261990467
175.78941389386543
168.9858434237319
159.65413597940204
142.13678994212046
189.85941628342138
153.82398383406132
171.81345235549003
217.12121134682263
223.6466027395538
192.98680355501924
199.6586131854911
187.02739229763043
162.53412305284976
158.5244520818598
207.83651394624835
198.0387522481478
195.95842891849568
215.80255653319693
170.31077450448794
189.2169030741163
144.85479175883825
192.15618823440713
177.5038500178972
178.26447216627204
140.33718502015947
163.06834370105298
161.38966367559064
219.58875649880954
181.66842813285052
157.24528061987462
157.24476904197815
139.8557796509532
188.7747399273913
207.0956851571926
147.633298674163
187.00402533988597
198.14784550214767
189.26226487915537
196.88263269643113
165.52394559615223
216.41989122524205
190.8607156050235
204.2373613680293
218.1872796953039
186.7777947152741
147.5514393696349
158.62987354121992
156.4410918387592
195.04590248284546
190.027686063658
167.3008167268847
157.57916757866477
141.55962427230043
196.02889263252953
201.27244401063595
187.36904695914072
151.6491574357158
164.1425546826099
220.12174912491258
228.26266852370156
173.94166174747832
135.49144032103266
136.2461553567946
170.09221751196895
199.76013992218446
199.96334322317688
126.99284943763585
148.96092151404673
227.5398580546467
177.01104901443517
224.13910651714968
170.58211370991148
173.98103857990628
133.26492122791342
138.4455641289876
177.04738349425475
201.5804523938492
180.5941200091958
218.0776627059724
229.27979378209946
222.5746688019341
170.5883875629816
179.86961904821126
131.39755234396313
219.60991197728393
155.54689260301691
195.64582378796703
167.9082023992509
207.59184464057276
204.68977276502764
146.41358948929204
157.32190903661623
125.38224223762495
227.1825387409689
160.22044536890536
202.9779521490954
199.1598255705926
219.03715044736575
216.55780028124678
153.83012987460694
197.88211154730917
186.7830522634227
121.11545375441597
215.0120463972974
138.8549431176167
140.20866584750178
210.2751514073157
175.2145253104942
122.69358883099264
187.77062069260964
181.87511654690775
229.015917959522
214.19880882907864
191.83057063078186
145.63718735059524
150.24516006710616
237.3780190453416
252.59216921950215
281.88264858187705
284.9188754550169
297.7754034670807
282.6695935478918
249.77720170684933
309.0096337847108
234.18231820034123
253.50043620038835
325.3129976050389
319.0841066560087
296.28667010577163
276.3563751975415
309.48453907943394
287.20050813765397
288.32891187243047
305.37631235167055
298.2445554772188
246.649513923963
276.20495999429323
257.43139446700246
291.95815527444205
284.86724655784235
292.597196275673
232.46257902326323
314.3654828218638
255.72288632565062
255.44093981195584
286.30683187752635
275.5804829106633
277.3951807096587
285.7887324243145
272.5106382421658
320.52334828572975
254.77576970266077
263.2118946532987
240.7663365636733
298.3339440685581
299.03745554786883
311.57785366801147
292.9251737292342
272.22753618172817
245.88624356378702
278.1734407920205
316.8407262003706
291.3618971724599
240.2594050275726
319.60224203186874
266.5449283192792
291.9388867254703
257.03531567115505
295.4469947097017
237.7576913736411
243.4742384258813
240.35532789863655
330.60334636663634
309.09312271922494
316.0619121338349
245.5352165081093
266.70013208098845
237.09025567637627
232.53904456700363
313.5423863648052
316.87792376354713
260.8253088061051
236.50554138452338
315.93577557700524
313.4653546895294
311.5398927382681
262.62671032254985
287.00043968398205
310.7735601874494
293.1570283555182
254.36793896267736
280.4625725606808
309.9966470042349
279.1265099109299
239.82995011227626
317.1653074526418
284.1070709274124
275.5002289390253
281.22208241824444
249.57850013155945
303.76281776280433
311.89521859699323
309.0513692361879
267.40084115968665
304.7665368621826
247.6673804692324
314.9153189058521
249.32949247413896
257.51414459521703
269.87449123821966
242.62219405015378
247.77222333078123
303.75359761895436
280.48329482104333
249.37434065688421
299.131861023836
313.4713163840579
302.7848365716063
252.45946841808887
324.62630803748766
288.8962542863438
303.3612088331331
298.53170942935265
330.3586512294127
275.2164177370711
270.6123859175373
261.3796458461972
249.81172654760218
306.87602577153075
272.8490191943293
326.753380692513
312.59724715310887
297.06053995901146
266.55718615939094
274.95102646789996
278.24529948045245
236.6026475885917
236.92728567576802
285.6371779024628
302.7124669861447
310.89261872924135
305.4238712150001
252.28646255708836
258.6820746082207
321.38076306819494
288.5422066476737
256.39863549257865
274.6786400113145
325.14481142308017
327.49407235526485
324.49352047109517
323.42089107086133
279.40846599226853
298.7515302064166
230.69712919194234
294.4934771401007
291.34156151899634
277.1884968983647
241.8816136315462
235.0287174220764
242.3687021108388
253.07944604848763
280.6376964134057
246.01486263067088
325.07682572021696
279.3503183625702
320.5603320683465
303.11656528427915
315.3694434115786
266.0227085816205
253.90455235908564
259.1988153138772
269.78282786495464
246.35086085782575
291.5736199255683
237.62964951706658
269.00355119209655
295.6673744146872
323.00639189227593
280.62481051977466
293.2726013772776
297.5049183324559
256.3718052616752
298.4228606773398
284.07798592804477
238.2804885379902
230.69119704647002
286.6529306991812
249.61221960329635
275.2320360469054
315.30313463079494
244.43029850000715
242.07546650700326
256.71874934426546
266.01208655315975
324.9398007204976
328.47108050696255
311.1555924563566
233.1055302386338
278.3518294145374
265.44291911339394
307.94191451869085
310.32188843939366
260.62881079560077
263.41284005527336
296.88865023721047
265.97528775491446
279.5953958242069
296.07369125811795
235.96328366324067
260.51036996285745
315.6846150810452
237.21670000887008
277.58561324220244
262.62460717571605
303.9512497908277
265.58002258290827
273.7721377752021
306.37234124573456
287.4040907364183
249.16604439119288
269.14934266669326
301.05899949795935
230.79085747900703
307.16425557656356
326.0187080044093
327.5296745376323
261.4716226799143
286.38925068413215
295.29641026363475
278.2758387990392
259.24578610843315
322.059740270566
306.1235610053205
250.60039194821414
327.61052293332114
243.18635243026466
274.17916383248456
234.64999458636288
260.8062283118961
308.4317674944072
251.18009229272548
277.05312941268085
231.57273391380747
311.4703878373151
294.7785992795135
311.2886757441148
320.71130326170453
263.5367867297412
283.0962640405256
291.4704888312336
309.3874616909096
307.491649453095
238.69084597058261
307.50103932175665
267.14594108747673
261.3714054100277
302.57815592871003
315.48683222821495
247.4541254779427
245.10927899647402
241.15938709594974
330.49390082593436
295.6284375098426
312.19420046374563
302.4072652278217
294.6341882228796
260.34277147285115
262.6616507240667
245.92669593348083
240.51281716954415
304.2971838766399
301.5454012917918
299.19825799281574
294.29052267310277
279.1454462828451
248.05351068287433
250.08472353096195
285.1444591455467
279.0097065975616
241.02807507355124
280.74054997581294
290.88924245707284
286.9445800294837
278.1448350604963
271.9435054169112
252.46439405272434
312.20324252907244
305.3921308571136
285.40672378552944
233.70213032008405
324.88717574176883
301.62909574591356
292.6240114514429
255.14035686008575
280.4341940500876
297.1809764535343
297.54565014815904
264.6906334340546
244.95678492091184
243.37606775334356
230.51785742161906
242.03567346522476
296.92484554377455
291.6991399193385
323.6048736998992
282.0962369722669
314.9811907439996
285.15034330603675
278.042418939063
286.00730628740683
237.69555322869772
300.09922445404095
241.39638887092426
266.9751114541256
233.60722769035306
266.6818328316329
283.5318002226301
280.6871954520741
236.3846201597238
238.67131758216772
312.14725980343314
305.64006306104335
279.0453299515546
296.9170014882812
288.333687914597
329.7020498436598
239.08300075909779
243.9831263141027
302.13036714359265
257.17802993637736
321.12085543460853
296.6533817273823
272.43717245590585
325.28832946143785
284.71647461318156
325.25193786530707
304.96962735526387
264.9810328460034
309.5508290760175
311.6550117007141
321.877915737273
269.31625887735294
272.5248316834173
302.82339548660786
294.00858031241216
231.16512793300356
324.2754250936093
284.0577146006708
260.7104856907436
314.00842917588506
292.17468521260247
322.4773695975782
275.46301596077416
254.88100028963868
307.4580332200302
257.77137567249844
298.5721488847675
265.42352109182195
314.6214280926276
298.97251759399046
244.16063672565235
232.62716870291757
305.8470516080577
322.1672415463546
268.38824677513327
253.93382338382648
315.5167286115418
262.49955882901145
232.87789203665946
247.20422123250196
256.51689271352507
311.75033988362566
284.88012606143775
306.06901181538245
256.51699324305866
297.2560341086207
288.7239100133506
313.97713351212747
253.4252527406418
280.97675018025603
296.2608285400512
231.55704199243263
279.6773936896196
274.00039429077395
290.9158573913303
276.03407807456506
313.84917745156633
256.9387665007836
282.91927855379333
297.29115698647587
284.49526218269693
267.0997863886387
272.8206898599361
270.9450756100267
297.6358232162132
320.6682330294334
289.5395229469344
236.83413466032704
279.758216348349
306.00134384709145
272.3791501898945
318.65312753621805
325.85967985264415
299.4511976278068
271.7785542064291
296.98445748719706
274.8439228484691
266.70871080224106
268.1603950963451
328.3211368015385
245.0343768131866
280.2811657162054
293.06812072155657
258.2032910638607
318.70869747402844
262.0406380420053
330.2459932765643
311.4510630623065
312.5610078028019
289.79713148215257
313.1028676350298
315.64308057489814
288.95069051329494
236.30450514532856
237.54412513841146
310.6574698365653
268.99279324837363
305.5760021540847
246.1744932310587
246.70450011081596
325.9984124279919
280.0678947878459
325.1601917333649
311.6331845453025
289.6154850959603
265.0691596317819
293.75351469393956
271.5341030511784
329.46216975499044
250.06034739160356
270.74845735715337
317.0586452507535
230.28686541983978
291.3035074301694
322.4995159400815
300.0545517673834
313.99886102776134
318.60010797337645
287.4166646531556
258.88537681381325
270.08936834162034
247.50088658213508
274.160317378838
260.80260573167027
254.33834692796165
243.79370477152233
232.2618719679917
300.17043207494584
265.4915563971361
263.06940053268687
251.3997641981399
249.4679074012164
250.42469058453406
253.20097761286922
321.97494484586196
252.98972994884778
282.5912739303874
246.88536695942358
318.9633221920418
253.26061494890058
277.1481933727446
254.54748634949118
300.463773378708
231.18274074177899
304.2748276880642
317.63382281380325
252.56610360116363
320.70841019035055
298.14529903175514
307.95292425537764
261.67282801068365
254.28177313369855
301.5486557274888
266.2636943336334
241.68006279171072
236.8864053271769
269.36557109982766
251.40036058360286
240.6047903498797
258.7944280204068
262.0502419498621
309.80797858499096
250.94514873423662
235.96299080956516
322.03930122899175
264.4699623543964
301.0521805493567
276.1441689302885
316.27913177455036
285.7262465830488
279.3482089700819
291.9046376127694
283.3682627038708
320.858646146207
308.7038135127157
259.89395635011897
267.49830808656566
279.2372523274981
239.21592126974332
301.65553438342533
274.2567181386199
257.32842031618384
259.280990151185
279.41313569629
261.4220930194815
293.02207173538983
242.77502038979992
272.6047174883159
299.1675949529408
314.6372367305061
264.53628796116476
309.49637885917264
246.2804223203781
321.76736125983564
278.1220441582762
255.35164711778023
299.07532558204855
275.3879843408554
264.693030404156
275.3137640667687
255.44421247026588
300.8532961660867
293.0264527027824
305.10245432653994
287.27542053972957
261.59469975089365
240.6327858051539
253.68238379651822
329.35477930440203
307.50030699492754
239.80691299198608
246.35158256684494
252.17942698613155
276.0390781635137
231.76190879308095
257.19134320625864
318.9803760662743
310.48693461620053
260.5881650504973
255.77650229808583
283.63237187767396
268.75094254309454
319.04596087419833
240.57663245260864
290.6265730609601
314.36278958614076
233.69503842125388
275.07006156981424
236.42232917891573
253.83573607451433
327.13354636054976
238.07464651685748
265.7375471459234
239.1437906480304
290.04451500314576
311.6941051106682
297.27635080033684
318.34768805552517
240.04618780492606
283.24987445970055
276.5886005824864
240.78538661716482
298.2627758589857
275.3138788979815
257.6143068724517
286.80590671066585
290.7148094150948
298.0721111807935
243.58939770925272
291.1884500016242
260.6534104877461
284.0023444257659
259.3932165188349
263.9531116936612
257.4659531405813
232.11724514320497
273.1104089900647
299.55774235890595
230.12023834523373
299.4112753400054
244.082626378518
310.1852209912622
275.22943680952585
301.0599151616884
