55.70108248561027
19.926703408006567
44.87254075341156
7.521449624329062
27.156110651621827
30.464083744042338
40.00377967535569
18.646411000191073
38.297324102526424
13.911046703182079
9.798118534547584
48.97612425238718
24.38703353453519
53.98084117181324
3.7722059922443485
9.768414670132579
55.07137001310859
19.570431223984407
22.081907750005467
18.914153468094852
20.107686309572397
28.846710945817296
43.500228895109814
26.602878932912112
41.061291018796204
53.07267514969232
46.23268792755704
25.463917159063925
3.39612899175993
30.357002840132598
44.31003549352816
28.95831576200111
32.809689086285886
19.171649350476073
25.62171448508158
6.525007297054156
3.5656998150363
31.4500430410061
51.25172956414908
45.05026175221876
9.925847633176598
10.470314650299013
8.11102877597676
5.954336177466981
49.17457733559985
3.271156131543581
42.793733561370814
47.0382439701456
44.68031062989435
18.111529030215543
51.997926641341394
28.514175945381808
24.69651658133524
7.231346516472847
53.756163786939425
23.43516062370671
20.98198941314794
17.261775883151234
33.59864651234893
24.536168130886058
25.071561151567668
41.27851578843128
41.159929542577984
19.387697717477565
37.7614625631132
9.702740998501941
21.461721369750737
23.27727278180066
41.334687566866094
19.15025569749279
7.173055924215404
1.9517666373371547
15.878600105350369
13.323872085564542
52.94357891483956
18.392151107362366
16.434361158905688
4.895814155299476
50.19612866188122
35.987555989896464
3.183866167811477
14.116713055097486
14.652821412361659
33.95666164188711
28.25459778188651
40.08646881963186
22.641963793445097
26.99251737281147
43.882491124959515
1.6249941397051089
39.063062952887016
1.0024721475738616
3.4900385899675292
53.64448661222602
37.223186548164435
28.155931841682662
43.97175915715766
45.547617271150116
32.45438919313706
54.256740991172336
82.11077567574533
111.01808875950124
88.14107561590919
91.80751848180701
78.24853835676821
94.58930827902947
83.63821442001893
103.18147600112894
87.18893658967751
121.25895630852864
102.33765237972092
69.16177797836693
67.51116588207879
100.35592472011771
101.15872546264511
119.65652588310289
104.77754247701509
122.7136992422564
129.16682105685425
129.3006963983123
105.26881369715672
97.10436651860923
109.60640469281141
122.08259906078979
81.41081936726964
109.00236885804675
74.33226706786819
71.8626599060604
118.88401555657966
62.07096875727801
77.45661626138644
106.77185928788984
97.8596314246076
80.52734739829611
73.72692963423168
94.86871985165692
107.64371439359059
120.74012267497258
116.19211516158421
128.40369285565362
84.4670071661079
77.45494755089885
106.2570359698624
89.40233981079682
98.2144473198228
98.21943771478657
102.46548610135623
82.33628841253487
63.535692670810995
98.72066733633257
160.70983227692471
218.5622656777487
210.40328668921418
167.09890016268827
200.27030342820575
169.69099193027662
153.98553520036518
210.4379892268075
190.7360227989775
198.26412009237401
221.2581180796268
139.22876757406692
228.43885711908894
202.48960734058807
206.1863200028947
143.7649095311299
198.0795595099071
181.47383223131533
145.49106403006164
153.0555589470368
136.67823230275638
144.0976038994906
154.46657777117983
134.86798674018033
164.34126800953464
175.43285132032676
155.64651938723475
166.9357885365638
216.48412966175715
200.03676148399109
216.70068847852016
163.0090794933646
188.1520196319018
203.8715217848501
154.60716760613718
169.13979007558171
181.82252362757305
195.27292726117665
144.71466249115926
157.48697842399227
211.93490823104014
206.52164050397315
151.63196866799166
156.3029301270687
207.99428731050614
180.6117939648234
142.79946033358829
174.66762240500773
201.89811811863592
214.2140255689228
19.403164059895403
30.475799610251745
18.082128626951103
23.2720714310008
15.340048538458898
20.785712132755382
34.78881176135831
32.00740339139957
36.19846931911727
28.02604666897237
17.2522166076503
32.98990392059365
24.77943433430839
15.41746249943567
17.691350723808572
27.275026300962786
34.73645294394392
33.89066301152364
32.83222116735211
32.91118022329671
17.91351385043877
20.312781717893134
15.705417818551755
17.21694263676672
24.326776347927034
26.817271101503472
17.287428601166937
13.030527837589357
36.078266100892705
36.10107452353261
14.982968921400586
20.146943438046094
36.52470740866837
27.036408699668275
13.590548017846938
26.902628013001202
15.79445543652966
23.08807590298308
17.755144797710415
26.459007637418626
28.716149090057094
36.67742992850711
29.732352117258017
18.239514061506405
27.04767184874163
29.32935891836331
33.704149028937124
19.414339036040033
33.81824105969218
22.214502399116007
14.908118657712052
29.56103611108079
34.00889461167792
29.187409060556636
30.370895907306128
18.440810639773666
20.02724732421997
34.547060979728926
36.04539758775068
20.322089842518437
32.31915308676804
29.47340488670735
31.17727062578367
20.141945247399214
27.495887669432662
25.775520136132716
28.85987537084229
25.458178720676333
13.17098321076009
15.086058632568164
36.65623059340265
23.36953119955217
22.990206246746773
16.662496844642586
26.303804285417137
14.060048644351909
17.520901949226854
34.813259533439705
20.508857000238706
19.665282116144148
22.111892086770297
14.959596537464513
21.52993647839341
34.90054429393825
19.082237739482387
26.353186249231275
26.83700180149203
26.168338179343735
26.448701615035652
29.592379093051935
30.44571004235502
14.471668564060527
33.75886448434489
22.62827624136289
28.963101279184098
17.507126359535196
16.37188046833974
19.04305278177079
23.18232233361989
30.226401256493926
30.766382444361078
28.89163498137585
23.450042558457625
14.333076092946728
30.791628779097376
26.682621360470364
26.43729782886975
23.439772186430474
24.06322237342057
21.19940968139769
30.756104038491856
24.71076495861588
35.495065536857346
17.944280024730034
13.794845362821015
28.46096513000743
27.726325185945228
26.319077029184882
34.124488479320576
20.24339584357879
20.02742398714458
22.725311676332748
28.25131802927779
21.397197057305938
28.93043891954391
33.0025058443805
36.38707167736972
26.610389327182062
18.061648089635618
14.77676984161888
16.569770833194
16.860279734550225
32.79047833732492
29.462575735478655
29.815780281508488
34.860963446383685
18.8485248941642
30.43817817168217
26.15002393787424
24.842227177355195
23.584947048906557
35.23187929384241
23.932851162652273
31.82291310128023
30.162568513588823
27.19110983898493
16.39635170505494
19.4428350071249
29.326424140021373
28.70985377375049
22.132266985834878
32.331810950024646
25.54573477007306
32.098093608410124
13.557769782061273
13.210828724531215
19.375129636516863
20.321306332575155
22.830409235263133
21.203448328134563
17.44036726802137
21.69892283407117
21.665612773286703
27.356034065711718
17.776940397315467
30.76547668839047
34.0910617963022
27.25721879241558
19.1685338061413
30.633082534789953
36.27302969003061
20.701624791468213
15.95759709332196
28.922586189133057
15.878364615800866
25.21103854839387
13.946657218878602
27.69084121103703
23.100454777438888
32.07235458914465
35.2084813292449
21.964768044561456
37.99685840495881
90.93726405764978
56.37404499207807
102.72803609094022
47.86105780628377
58.38825607682219
83.28205454680972
51.54314867189998
92.64417128658735
42.74059273481115
80.69238698255303
80.27470476322799
67.85755313092389
76.90200163767967
71.21077658666115
76.74399226071
56.29078241566779
112.55879427748849
44.48271226649018
104.81173945098485
105.0356801872231
58.676839343167046
45.97312924974477
85.6018550002099
65.21471019501757
94.13301500354783
103.42396463223764
51.85895953103004
69.09562768278666
108.46182977137806
61.21234915882656
62.91509197767737
85.74715694212752
84.8369408898795
111.59595534367357
64.17383427817188
101.22131065820736
104.23764874357062
73.60893053307997
82.6056413616409
66.32885173637663
93.18052370356497
107.52540497969599
58.72674152497319
44.31536919249258
89.66303991013216
61.08905343938543
71.43126743911449
78.81377720518576
68.46704706200444
76.80467763774938
88.10957468185597
93.94480415114255
109.43204159038979
95.99302574371754
104.2290174650681
100.58597433172554
110.7894094666198
69.22211931230473
64.92735774560178
83.69663775417324
70.76076085771984
40.859179496528206
88.888099315073
47.920331678017774
72.47183735549912
93.20558314685759
75.16899066853026
94.65860057152625
54.470120496765276
85.97193334909561
103.97335980224997
66.66614943836271
90.25752479472199
93.26241279227963
90.46791172586015
62.278044112157076
110.07807986952224
101.56253617721575
87.23555235502569
88.27945441468421
83.8391445977486
70.4985204221616
83.18132266027203
86.10276719622932
56.914444717953124
82.8131239248315
54.08667624786004
71.19620062355258
90.57251280834764
52.461593213001564
95.16817047845494
53.01300942390981
42.87890708991985
99.13079352651737
106.01227208222254
46.945632766168906
59.47236315484348
65.23958172525761
103.35250643878156
38.14768114687185
51.43676390802472
44.0086347993654
103.77067926321092
69.36724050034312
77.66848295010973
60.29226279080946
49.20443861681976
72.75889559713141
113.28057845867228
91.66125678541638
38.43988433063348
61.28311386968458
86.03770081044209
71.07905223433663
61.348663858725146
102.143355891411
44.150944051658485
105.85367450046407
90.51442792940138
106.71598165014022
88.21094015239662
57.92505348225783
77.7809352559445
67.83325300887664
86.21590875298057
47.70751953643693
45.41707583394603
70.16657492376336
80.27635755561599
58.93681998905772
61.45224016601245
101.97546577597323
78.22271480542331
104.02776227984332
53.11778819989966
52.41585866848364
75.22514665818288
61.32114948319487
76.21086416794003
53.080977213919965
49.755633151747034
48.026015694225364
114.80056284898569
109.35805829922813
86.10936955849158
72.79148096593319
54.12460625793202
70.39071573680418
83.4488439106772
65.4726800997261
61.207408045519784
67.37300496835644
65.7432817013105
85.69993477873787
90.75953522984913
75.84700427182183
73.81875237709887
111.7870438692012
84.75015911118771
61.08798076132837
54.5888744005462
91.67578519249237
71.10034135795662
82.65995881071592
67.13682930621053
44.665371234010536
97.31162797587615
41.62036702494373
113.36196982908774
46.76138250989527
74.65784111677903
93.38674105070947
71.73747594655086
105.1550260731637
37.968389950474524
71.22288189371145
103.13311178701213
50.910669127346594
81.44790658038225
70.65981828561515
104.93657185715423
40.29601397525098
102.01285990292682
114.3755115461701
69.69969375349316
65.6250336622567
71.96304945628023
84.72480504421013
72.53052314113461
45.31032964686986
85.30846967081798
189.31537810338813
195.6962346244652
222.70938510292638
199.0421881490598
137.5712358793585
198.18222907847664
166.3485431671211
202.2049251701776
172.39865881003362
231.39691488502697
