10.916697057810078
35.77819517511725
17.23835211941278
46.40240595439869
47.30215316569065
34.4316404620234
48.88351794735898
41.323094904006055
34.46089751562883
42.76557508882664
21.320666880099843
1.183058457303357
13.612313632019998
5.643102028705403
42.11881743614882
43.581085728531534
26.51583768061476
32.19147837805429
6.543210277267811
32.08290300769361
12.611227620967924
22.877694667768363
47.677511526461316
33.9418699440545
9.62625230432233
28.017708400036565
30.920308769228157
10.734894679075845
28.00937110027238
17.63548191725748
17.571294045918002
31.30639051343876
42.295453953747185
37.664525270592826
35.49219105787925
22.670330961238044
7.780772027020419
34.02271102548734
13.993588356998703
21.240154536330873
28.097521277552246
26.57380306505445
26.126250996564536
9.8072512575781
26.592000507356914
24.756771220423726
10.362742655489503
41.027508305129516
39.150503366531225
44.86153732544662
75.78043363137492
80.06485362923002
82.78864572971881
77.54572854508405
91.20343195216651
95.14729565101473
89.62086037609393
82.12002411232272
68.50284775954219
60.3067117499005
55.283768754265196
57.05894614800624
79.29939238364598
53.07281213722483
84.47831670049446
73.019409989797
76.38636437911092
72.09912477787411
79.04393942342674
84.0344743132317
85.83722338225525
50.531320994084446
93.16088692420819
85.24440111822074
56.861374333668294
93.56299237429944
93.58286174553626
81.33380169511328
67.11367472094419
93.04420059387684
72.32261608281544
52.38552174499486
76.67700617108474
60.11095196391763
76.87853475269367
50.47569098949124
80.35330826431947
56.25731083773003
87.05158688619555
63.48387985944124
56.57766650056196
88.03195286511246
73.59873846006114
66.07564074560351
88.64186705678837
61.993869244267685
57.89508534048963
89.02806707921712
84.90050347253568
72.81952313441086
76.28403149521829
60.60735294730585
88.62278188895561
89.85390094983414
59.316979843639764
62.029481093816116
90.63312212377144
58.33549636416974
91.34435362554363
78.85964792756144
56.54646317716362
66.50016673164504
74.8334195337772
97.71983857200485
73.27698871084179
81.29034264441579
61.595576682162594
87.99517009380396
65.46606696136992
81.03274206415738
61.52464643611432
70.49578060517186
51.38537304279197
79.02268157863715
73.28601084577193
62.99786341146213
71.141652261611
50.755869239867835
88.64410595262221
69.4167769604546
82.62893794803072
80.06194095490702
83.94086853593205
53.07987243160626
62.82095194360763
84.91250121478186
71.41539140466192
71.3507858423754
91.90101482646796
58.25880228336697
91.02799986480233
80.20016353599691
65.01083908976022
96.50018670865266
71.90985419846749
76.20406789792571
52.98427458896191
68.39235823825467
62.20035123364006
84.09112055963713
146.3395306375677
146.11686727066103
108.82779477560945
124.26748969050131
117.76701795669975
103.6137424482311
106.33100134057321
151.8848768621412
103.1347371858797
118.95995686894571
116.7008976645043
127.11437984001259
121.78114229897893
121.80175728192229
153.74652876742985
125.6475443496446
108.9636283291313
112.32254710292699
140.42595253705824
144.6467186328899
106.95588536468455
101.17505664749575
139.07100296576093
152.97421601623518
137.39846272828544
138.44961625363305
102.36849371299957
108.7239399797766
110.6332664885415
149.95794453983322
131.20969824702615
121.14849390105792
147.51468820648776
152.2811152676072
113.1611331281784
152.75515361420872
135.76973626173697
104.56958806208434
149.10913091064788
131.96997521818952
123.68055412541356
120.91174064586392
148.14864064179918
117.8355517304692
142.61557209140068
133.6073589549073
126.6843281830414
113.56591753733646
125.25536008864698
136.73453637202488
