69.63525774763545
18.057644115052113
20.64033146014936
17.562836406813595
53.61779477017767
60.675573069091485
51.26877993418895
53.29735411541878
57.74179770407594
13.895368407503057
22.651936346422872
33.54265622530073
34.749174077552695
17.798273210274488
52.52616989164396
29.58111028258304
34.609418114448005
19.83222406501094
60.94849299944714
54.890611290501305
46.23620882823626
44.17191787796514
30.89268749123239
52.41023003769939
1.6503389035413107
29.64618489895816
24.817845608081555
3.984410010009249
66.70772351319836
3.5357322878645547
20.894087261004174
38.1795615240832
63.558140439208415
22.794318625074396
19.88612127575105
29.620834607777365
37.73869698149445
25.54185746811678
48.21621079344621
44.8717349629114
30.56236418125259
67.64315909938368
24.92479320657182
59.765708736679166
36.60183929010045
41.08077797672534
31.97910701011567
52.500776891905375
52.17665294151409
17.835262415977347
32.5845533572013
49.86839245824078
59.593893641276345
73.14060087687834
33.419662986497286
58.53320324930288
45.68455601625266
71.58590674679334
73.72580133869646
23.365391998896882
67.30489446067175
23.144572256613735
145.04190241557095
151.66812024007555
114.4254611255122
83.63454489711233
151.43207277428326
88.9455556522554
118.43034174865164
163.42312010917306
86.74048540072567
146.17909368723073
143.18128937096486
170.7386489576188
128.0739194612336
142.63871736705698
191.72813311176773
173.33612318770918
151.3850863898965
112.98347273782123
121.7815787432741
137.65459836564628
146.9497414409635
76.2204919935045
153.0591997935741
168.106428087708
112.46476339076001
156.80791963914268
126.04905441902774
152.97461209503138
127.80602730250473
174.73554355180147
149.58049868093772
78.5647465963922
130.98695865349978
143.5255716187194
122.22698653953594
175.09730488517778
170.71825511450328
178.38327067512216
182.81233095998334
74.26987459253095
170.29723969785522
162.3605575358511
161.7795597450349
153.9324686307066
137.89940222004267
138.74427155839314
126.5330356907358
154.7220778692239
121.23098118195998
114.13002371461593
161.48680277964564
139.74948475908963
197.87468698775632
132.7661213560499
113.51624168978174
141.85717072968953
152.20125346451354
97.14764719779595
97.70515226743883
121.38482348564696
125.14909566151353
121.02973611650323
352.6456037904379
304.0114996037296
342.7451585282985
292.4977130604953
364.4879276348538
329.8217915356903
218.70583339972097
311.5520764453937
286.90226128384217
211.79053562211539
290.0377699950373
202.2744008497093
306.50891177604655
345.53826436243156
258.8514533524342
324.66742847974774
280.9210187962657
223.87334659143357
253.74749419036812
309.23336969646016
273.23258270473207
315.4723901766938
251.74399453568483
266.9848415027998
328.2900773994111
319.36991977819514
319.9562904756431
253.92736210852675
244.14625187987397
292.89743728503186
257.2252076599673
329.6511963828772
274.97130003025757
349.6231360875149
274.69076994837974
333.6275886843388
236.96434527766655
213.39337298681448
319.41503412265513
253.26157877662155
239.93577962686606
323.90601159828446
227.17264769114036
215.98655583178038
246.80825535538133
330.2135227037801
233.4145669920867
267.1939402275513
341.55914755924647
202.1792059294914
300.54837901856365
274.93648895028616
248.52312808956017
237.01367456219262
285.4371841200668
325.3842437388187
314.7853431311438
291.93534524056815
247.3589621019982
202.7157747720686
213.52134227774584
250.76520537914104
48.92279854914369
28.226349989704723
41.93071488691031
4.512076844662033
36.6671999061706
63.75595749720316
64.49821937165804
38.07310909779751
40.074777053587795
7.319140952838797
3.2667518882307114
49.68908089716929
32.37075269142293
60.26399610347745
20.022244287851606
24.811909300841616
3.94208305086077
37.77425783154733
27.006456816116785
41.25413596571424
56.54481378464379
37.75754041897704
59.39326152713869
10.264340560371025
51.54011954495368
54.518966342595505
5.356819896820902
50.764616128827
58.03675837982026
7.665179953688256
46.222523738726125
55.62169598070035
4.950825030292144
30.051338832958027
42.94851675229368
12.128206294066178
49.21344726772469
56.279654912382014
36.749525827466854
17.43680859730624
17.845789782985563
29.93448701656545
1.5859910297828037
51.13330036179454
54.283869396750006
64.23859970574874
73.82145289198394
69.7944031182316
116.27583712151468
97.23921933874875
112.26179276026632
78.85159209324951
71.63293640388302
118.93284565420294
102.30534082953699
127.80599400781671
116.20534525624291
71.96372757970211
81.94195911883703
93.69649031239554
67.39841228997389
121.9692963137312
71.08740142115897
87.19046642384237
100.80041183379937
101.7219197649866
76.75229617553364
80.81415054591166
95.94321316858272
103.90379772935847
124.26396343298066
81.38378374343714
94.88461018362882
85.04313001294238
83.86503566888547
99.25670169471458
114.06750902978243
116.51760738149801
66.08255148423844
79.23958908804137
72.01246566465633
72.3923713470701
116.57212424795492
75.1440386554442
120.9906588238223
111.11478427400823
106.66487626358732
107.91370762879265
110.28999025027149
100.23222526031819
119.0986732057926
73.5164973128872
70.1923348717294
69.12279919730861
89.08971943508818
113.60888068589486
110.94632092661848
67.62800836228865
107.15780248780564
92.92216464608723
104.80979829336799
82.03290831586695
121.89376030890568
108.55040692195028
72.91729262069393
97.54431180989032
107.86170471339533
83.79946012136978
71.51731507869134
117.92286754589242
100.30741185456739
124.88344230867251
101.76547810493481
124.62325482051286
120.94946330938882
111.43868553678546
91.29177772805781
113.0543252214831
83.30697888928331
91.14409104124248
93.46387672784493
129.58186708100538
125.41445265884813
87.20152442130839
80.78104391442078
81.41382945863964
82.29457028637329
115.39946696466528
108.358550222363
103.06575543770157
70.89326443846983
133.1036983768172
116.53912747348883
115.42065815127867
79.58953778367453
84.69887884800062
90.15283995933795
102.07666911217274
113.14538122274524
85.43247128064047
75.7618676451794
103.52476660520091
83.46215303031187
76.55249952253915
79.09922705664343
84.4935713898752
102.14479429887163
126.15795230096023
127.99647038910541
127.22573186455051
104.71758821666003
97.17341774584615
91.37198377368966
95.38548086986073
93.6105587280793
109.54293105084793
96.76317876926642
106.27232378341667
98.48001643090493
121.20366146017331
130.56427418661036
114.71064022255742
103.55950849213812
99.61770089410173
73.46221459363636
94.1878594687561
127.11010405867151
82.52282254029384
134.65377349471538
118.75969866062582
77.47879351977747
115.06445661499653
98.36626349285582
122.83564598414702
66.6502111227139
68.38977388898141
69.468084791354
102.38664720178197
100.23058769734274
68.54920180327082
125.63484510955908
67.54583579375894
122.90868192498965
93.8399325499321
99.74257388971989
116.60733340354034
166.0038908245337
175.40252608991278
135.9951310847522
169.03699398258047
166.08568188970847
182.4450443268299
142.83355754301672
135.94000872088893
164.28893698091863
156.46612861101394
178.0764082257496
139.4489229969983
174.53260914235366
155.104835728186
173.2505469223314
136.88479155853435
172.5507417345353
192.83401199384488
165.25389820590024
159.3665320711613
159.3243645124696
165.04730980327895
149.19271737527927
172.1701776101404
139.84468448303437
163.5469805192029
151.7985145910375
158.9589759405937
167.2424395793005
170.52359346572158
139.24326582402387
136.70979962272344
154.17697864694296
145.38163834721541
161.03302403559675
165.76424103822347
173.55947776470856
150.48497863462165
181.80434040257896
159.17435313126506
149.23210928281645
189.276609946341
145.53275278103348
169.58892444787588
143.03175113234278
167.4801250617958
152.69979009182475
171.27865691404887
175.7623906210426
164.06049757643262
152.03516415984322
136.57394574318707
146.95995266694064
155.27418213485572
157.59174431239344
137.3091392703459
143.5569377895094
185.70342374156147
158.10732725598598
168.3263544386115
153.11520612141447
169.30496319793528
162.27272137138007
156.6195851942364
141.13733889791078
168.14188945553974
167.50306153625002
192.30258146028072
143.7858148234483
164.66557013659423
152.35949304714043
173.73166188916676
191.2065261565287
173.0713186675164
163.8147589325738
145.0571149771154
157.6898043333248
144.34486057557982
175.22279619297103
175.2210925039667
178.98372211602958
184.9445394416152
186.87199016256514
141.05181783092394
186.99062325421974
145.50772768110104
177.39426692028334
150.66677010827925
137.24275740575274
165.46279846088078
179.53194756547563
154.39662380652706
148.78837958969737
150.81592397908543
190.61918983192544
151.1186308007792
185.14134657820614
170.75129827972387
147.22142244956677
175.70422934498202
182.97572500908606
156.2226984029326
144.36753867303688
183.80938644831053
182.2299941023414
137.54718761616573
179.51394307612114
184.286068958376
149.20340631389834
158.74974862308844
178.03417064169432
145.06226732125504
156.90861350028834
141.5542965604559
178.05536719930438
159.561686965327
161.60868728943666
183.9611624933359
143.93257347213765
149.8875648818658
141.5432887775232
166.52673830431013
144.94921343295366
147.69159269851482
159.18272881992308
157.59717963081292
153.922520388464
145.7489876350918
138.9962895782767
145.07862090508226
177.68240909045423
158.18207795692058
174.49793207683092
154.82026408479157
148.100450372473
159.42787815201464
190.9734389236994
178.618105381361
166.9168782188643
186.9021153635248
162.32281070155057
167.05793356044924
158.72044209713152
183.15531143165134
158.61616978411817
155.96963523862036
136.70761097721186
153.00274606940306
145.95524937607576
173.6205547248374
180.89061119038482
139.8106076972323
144.347674047674
138.61483486806338
145.73183307538534
151.51297693441822
165.04388107242616
168.93399704048784
191.1090644957242
147.5503255772819
158.5247594042471
168.50342488201787
160.07532232615512
159.46526181977745
154.6269759658193
179.3590602429462
184.34261588143468
182.30348551433414
188.31373699996195
156.39543945156578
163.28564702431686
144.29098191474463
136.6216224781387
139.77037842449016
171.70859539742415
141.0226974719451
187.42162706087748
169.42160844480424
144.99187283013276
148.5206946505161
172.08312825470105
138.91818168114443
150.25751202730868
149.76222489278558
181.48090915077856
177.62260233709088
150.25629454448335
184.57947742906788
147.91667114619645
144.897515907478
158.14284120109085
142.9577323143845
168.82591403548176
160.99504332015272
157.19210777079712
172.25001500336418
182.3864063233397
135.97485483871483
145.85216387039793
169.0924008088165
183.1957670602509
185.85797072936253
143.3519734284782
149.05384759066533
148.23080301303705
143.64592576420108
160.31573123996225
157.51414454337709
186.67137225319664
138.4564120105889
158.60311703250588
150.23853697595408
158.78526863783082
147.7432651845186
141.3231549174389
138.4063929870279
172.3146839572851
169.2606670910452
146.1291858961291
174.36271892675342
144.18670487671818
158.58915983244836
154.19254401076068
175.16306310987414
162.889665665192
159.89286122492024
152.14786171773403
149.60703236327112
148.27421283742018
141.79166794698529
190.6334754642566
162.5466894988374
159.78305052271298
161.9014161000715
