51.064108537270904
25.851770873023227
27.764760976373683
43.7583814438647
44.00569015340908
24.3628356140823
28.245337164889772
43.598469100502015
9.993827561015628
4.511798145356757
30.692844564539925
19.52368567447146
25.382606382490568
46.069681651449926
7.463082665646684
24.196142894165146
14.562817721090319
4.289742770112699
30.28272222073353
38.078070766871114
15.04432225960495
32.93786764051896
43.83126011570501
16.64551182868799
27.295502867739454
33.49314551546756
26.930262631258532
13.40731212137495
15.256794804546484
38.337656800590054
11.866182097212853
39.327682868748205
39.76088005177865
14.769466251216132
6.8734825414500484
22.659689762374676
22.9111302159422
44.7181342160556
33.62743230935188
22.51298119245779
5.457302114173135
15.714201307111928
24.184373103727648
41.69529744943361
9.444314911767446
34.71809182416728
29.057811973597524
5.6431325625890985
7.0758257931434585
9.685318089065024
44.43294437677838
19.168019841095052
8.570660091385378
48.005457996612904
47.09626739429967
33.5954358559696
17.552610683782362
26.028428074535917
31.600452488058675
18.760740756408534
31.062347994539646
25.05171928759442
125.92142432580978
64.41138261771272
99.53581456412195
98.93416719139086
74.0226084081615
89.36743707039031
91.34686789215053
129.99405022631078
130.72146610243124
94.75174096981094
85.02591366223817
108.927931198006
91.33189237684502
112.70821313851381
94.95980773269918
90.2814330083524
76.68766692099616
68.96590629938649
97.23827503332296
89.25464083316882
106.02809578089223
92.75748641107997
93.74196186910389
62.87997124774161
60.932504715780645
82.2674439595213
80.72132553248278
117.92495939675172
122.44161820407851
89.7894656508286
96.93667925854135
68.98977975495504
71.12249818389883
78.52541686944116
113.2834793159901
77.62895117354778
72.81048202935231
118.60609752025955
60.4996688014603
90.03506868296496
65.98136165030374
68.91137880729698
130.82413808300169
117.4348914043057
70.07626718245986
63.10580525977735
119.58724705175804
128.6931837002378
126.25465668771056
90.97554783685837
120.5446300929944
80.41026208436583
102.31488750990725
110.87926414314259
72.15591203685459
125.56358908648407
59.12016467861481
74.7929286893446
91.91070317843045
85.24874994286263
104.24171130762753
72.58580444087336
192.23315389092448
185.15218236401589
215.90836732686918
210.93904966385196
204.61458804963738
149.24241946248708
172.5521319885137
189.5613746400216
210.82580840689505
182.3416054737573
151.9336014555848
197.1831240640986
160.15711524502234
216.0452463224351
160.61952752915906
135.76020157683257
216.92592347062492
186.29721910794967
206.6129601885268
164.6489453517343
227.08694402401227
230.98945936575183
183.94587297928555
155.9470950840984
168.6113506577736
149.84975021976365
225.43047710293206
132.00745333606605
177.09556179705964
195.5806187518227
208.21479242657935
163.53783780544714
162.16335437266318
178.7923719673764
218.92654508446174
223.60075060432916
175.12967924383878
138.42033764942164
181.12246464171204
142.0804037819393
178.17708599642594
195.57059928356315
181.28274208091617
142.25637901304196
153.1815031549424
145.97808648764027
196.2868142831767
210.65559640339913
185.80965017436236
210.0239074666677
161.4455923952668
189.9124892096518
228.18349707692025
167.39962238044342
155.56949622535404
172.89679520792097
158.61338441274995
155.81759164157828
190.5961208459869
221.9785465877224
142.92135139799964
185.99541366964928
22.60782611968518
14.138998853193556
31.352664685747552
21.887344837727426
15.498334515760769
16.62284637654242
26.732979688268003
24.332872078310093
19.823294304339118
31.031477475598912
15.128323566674041
28.196360892465243
26.828742878355747
32.888408355205115
16.714757843730165
30.278091120763307
25.181661860795785
28.102181203498475
27.588114339683717
29.43431733061043
28.45016941610036
23.145558503138957
14.562298722888439
33.69835276170573
28.621169233771003
86.84332795585948
106.16824934134591
44.19237570089837
71.15977531591673
66.10335728275034
82.45721720594776
77.3091135930852
41.526477451998126
42.02685906262955
70.4576076346702
70.77976566131251
49.89942444484245
45.95716938352372
53.82985212400682
88.32829395108968
47.51470266304906
102.57064406430011
72.23150406979131
71.82080458918105
66.26820294695327
85.02270859685049
56.05748770122345
109.94575445802843
69.5681245129363
77.55324060641755
47.34654437472845
106.44294505966796
79.96753276120258
45.563432789682246
57.50234961117013
56.46169343054525
95.93875577352108
61.66222968954559
46.59366051372068
100.47095950905918
107.64221309725701
37.39636938514499
80.96882457721891
64.48638936989562
81.07600505156665
63.09922556840167
106.57090564053237
104.86510785157584
69.74352122168995
70.25479138025072
42.161571130897414
59.519822688946
69.29982489354025
58.64852533104009
54.087904341953674
60.80116326362881
105.68292308709403
86.64623120786645
37.480180920100054
53.64975465379001
51.21217424842975
94.37307488953343
56.42973998711825
112.8542901716774
95.89573086073334
74.20974110197167
46.248514676810515
87.290877678552
87.51206270841949
57.43475457993085
53.1744038600676
105.50938675476873
83.13615993770841
54.0077140170586
88.33493799834221
51.17480439623068
60.13189949746466
48.65202144654736
111.78505044720043
110.73715520689157
73.5079048895969
85.62160795675982
81.18663511297747
91.48107290149397
43.41136561213251
104.724446435315
88.16724160071078
41.112855030949014
72.77788777879177
64.08612262039603
51.47291297656398
104.32857803965007
105.40117425552565
108.50741479705886
87.62278343963177
61.37876006638361
74.50424178799327
54.98933967707371
113.77043944919666
62.64466364262623
111.55017485859408
80.26002755576431
57.908897780073744
65.03119089752413
85.41281730332096
39.003450944322935
40.45328003472081
63.871959435120154
91.42234686075098
92.307723349204
63.691556632883774
68.16267546105112
46.390596452537864
46.492258704505616
84.23041703386902
85.87254345987013
92.74409409515246
77.54645141650929
112.30992998673608
56.873173275498
39.81473119784833
98.56321200436341
71.27017778497486
45.894588503667386
65.90477742686856
83.41088906367906
100.37022910211526
88.14177913476999
65.74514936611229
110.33937357754235
86.34404328345312
73.03531777803511
67.36968058560251
52.56950569516512
61.01506658237646
66.03033973147613
40.96141520101427
96.8606289578863
39.376628588536384
98.35651794013276
63.01524164034772
80.44228402938367
73.27663534383574
104.90027048855842
41.328332486721614
105.48299272872168
67.74839441365341
55.95177068435245
66.5079736196885
94.84211415687363
84.86353368815152
112.61042309774723
44.91553601280255
85.46290386100284
94.27102472456099
74.81370532534511
75.22553789195275
107.61093545942052
99.2342024450807
97.43002966401829
100.5444183314578
73.31295268629297
52.25490394209653
87.05444059911466
63.09559628116209
112.07490543282486
80.70659305692442
66.6570948883354
55.53950894602528
101.91522425958738
78.38369023835588
78.00907615187963
95.78663167217026
93.97087756268391
83.35452435815498
53.43033786698825
50.5552123320515
73.98400173368617
84.37341362540135
38.26475374596861
113.71101513349655
88.52020369134769
102.47119186653329
79.94115972416205
66.28045248029028
49.1894466352054
187.0639906643273
193.62673949854957
189.34735234739108
201.01071543013666
132.89078854299686
178.95400716122683
155.9021308114343
143.7912560951815
138.76834707635305
214.6385204052943
153.2865354463797
120.19612134844111
122.79585195313362
124.84979903662833
153.3414960718971
139.97189101588503
204.81405089803178
220.23028953202925
160.23444158942192
184.2156546600211
218.64809087970863
230.60775128166543
176.524716253259
160.27122375184038
201.76906134355363
124.28481008837271
144.76380388706167
115.85069345869121
176.7167784291476
154.84638592078122
186.98277580301036
154.02524816645166
159.1796122042539
219.63974029055944
171.22501590240867
167.92748516386467
125.8868268084335
146.18538734041084
171.73088999999774
195.41301166022413
130.62206637042874
218.05841040975648
131.85908072156283
194.70520868232455
134.3416230021394
207.49213313564894
145.64302742981937
174.61568499097106
183.14887861264708
139.19244779052428
199.46471991790443
217.02731098591482
180.03819701451846
221.4154891117395
173.3346899201607
133.07992209705876
146.5352815976265
140.91828031728258
175.62285241134853
190.79676260676064
200.69841589448635
138.15700233323173
177.62292368324347
190.46079323062702
209.59471894145037
148.5900466044152
149.0954942665111
157.00787147557554
194.4733778400352
151.58204339323888
162.8500339338798
179.7837338409793
143.4800786261149
128.47658446749995
191.90164218991598
150.1670304722362
219.25525549431873
125.51594526645609
225.1850004752871
156.16674684287577
203.39181707427966
208.37764129654187
213.24874739499285
159.45834146366033
124.35757533921121
172.97332082436458
149.17786960803474
132.18966740832352
136.65274950385307
130.7641499995181
223.54845045571668
172.20816718504543
170.28892973865007
180.52096090292426
189.5350530362999
134.68894734097978
138.64018262071605
200.46253635318962
197.3500108704521
185.13858749031425
138.85702842501522
210.58172271084317
139.92998466709435
174.9500253384897
159.00107443324106
208.65824334298335
134.83749130450943
218.29484557688343
139.73793412718567
190.4897596247078
159.8424507504681
196.42906270906386
166.14491306957393
198.84666535683243
224.59804965094264
188.29067128568238
168.49448352818828
167.2886244608089
182.45954615108852
185.7681360686118
119.17890356461895
163.41913869788158
228.76797064687293
183.93961889112234
146.81120336304613
169.93773166458834
130.59627305241304
126.08560163570081
137.57397072722082
170.77680802800876
188.31743330130985
176.404260194657
134.90261630151434
176.72690387646475
199.71011755567156
188.13433819996422
175.3791222883605
150.15899346893082
204.2970593908128
225.99610707658445
179.1558784255659
180.87021867084962
228.34528561819158
119.82117916495298
180.07485495623072
205.0413651384217
171.30385452109905
130.17618153500837
172.71134737901696
162.8483007659477
165.48310804037973
154.51738742631437
164.34891255711602
182.5694675777177
136.16691600685544
188.47439993362048
175.96275940295845
140.0656063790811
180.0810849929979
126.99742844373628
180.46142642158793
162.5388286030553
178.2834457194686
224.53383463490528
201.88339289277818
225.87728469732352
120.60318032285386
195.11791922763172
190.3766301734991
158.14705642763045
217.04658787761431
129.33272156224217
138.88120810980342
200.69962562150724
198.97617005212373
221.7789131581247
148.78324192410625
157.2978148211613
218.78164119566333
168.02643541700303
115.05252233602945
175.57934242012368
217.31045064465792
222.32635270807305
206.02386211328724
128.36988017327133
206.45516298690558
196.88974816462607
213.8922839084089
224.7833073306389
162.09765429403149
214.13710003936097
151.32821943365633
132.48460997186302
163.09627868121044
139.13806696364534
223.7855307367462
205.5325520855825
211.28389219670154
123.73680119251563
201.28307854896786
128.3970327977288
163.85399975899549
214.13959808806428
139.5106946829585
165.22160115612806
231.11462209831782
182.11653163393234
187.73424369206313
180.7664787143289
160.83614248132014
200.1474975869129
149.6012744657233
163.90310888665073
231.9961992674386
154.02552038373176
218.66316799279255
178.71905602878533
144.22209901331456
196.0777085531792
193.61888555271992
139.53992806278532
196.3564910057152
116.35230760590312
160.91504396999466
126.29826742463476
159.39202201244024
157.1842514868696
182.1467395840178
214.79607906207082
121.26676896948658
160.9246164754799
