13.421860785968809
31.699606702360395
30.203367409079853
27.607798426937716
30.879690176310024
49.919430481900754
10.137526754055767
35.50258229472203
31.9735418880799
40.80329823761849
32.97364603427072
7.2375158589014035
27.70021834612909
17.050256302188807
27.296083308858623
23.877030404721175
10.822022888310737
19.042923847970528
7.549829293542128
30.877127771806293
22.8029213355291
11.628892949663555
11.793773754901974
33.353841747093526
50.76738922903425
28.36967208090623
23.57817326709681
6.743425179062019
17.233822752580416
39.94398858539775
50.07472576436294
16.563613370202745
53.10739690031911
32.21219443619026
17.3147640643542
14.612269411376973
39.79738180849348
23.541980404270873
35.085758538521226
52.06522215112289
4.171814697826651
14.277752048884562
44.66767767344561
43.18044130019968
35.63669979828546
21.81112843038388
33.104267051915514
52.09499673083572
12.529969626588166
17.50466053851276
50.90641299308005
32.7555836385549
32.0337216342372
30.587246526467894
45.55345237633928
25.454568808226696
8.160816236000475
17.73296153313039
12.815014149541074
19.401080429572207
43.75763162877267
9.902659342544649
72.68076305849274
88.78376085267074
113.37684223136313
106.04678167077678
133.4647811650487
123.54670951024713
121.79814002370873
60.71246527291679
126.70489689747716
109.83500020778047
137.2298613051838
97.84222902710525
101.30940831884749
98.99561654145677
112.11574159337812
85.30378982746498
118.39972453397598
79.57703075238715
94.8928670653487
75.8714370370241
56.84836543067594
57.24945914589735
138.81079203693713
118.47248495366686
56.688712695135166
70.85628191090444
98.66262680162536
99.5294887771532
117.89270462386426
119.12015950295986
126.54133860062046
97.09354733750726
134.42961570326906
72.85011372340655
132.14714682675643
88.20171399907377
102.45065859476932
125.99600676520008
63.919377403431746
76.1794649656678
103.9775054745282
67.66186981697533
66.88099414681469
90.60121716390867
127.61408299258014
99.89309913297832
115.64661530208608
105.4721777112241
102.55025596939109
109.70489605809308
66.11359862230748
110.94665205086046
62.53385308583098
92.26602902932876
127.949867826392
88.12708442927382
93.54262632485609
82.78728377079679
85.91415945522583
132.84806061619258
105.22459799061876
55.26262724052338
282.01094315122526
250.41252414294047
294.6601979832756
264.8642102511925
151.75020349619354
305.7206777804934
233.3141888596796
148.98241608438843
246.09683512371257
240.64243366980565
329.22886955588325
318.41644313354163
312.4559626393059
153.42500271845154
258.2750754405901
326.2994500030759
254.26242943840057
154.99762844156197
323.79058026523467
183.5548794230553
257.37468082589857
333.4624146032773
323.7061267250869
154.6031061377734
182.7002119836898
163.39112986082927
267.0810923611747
318.03248585768677
266.0125584821545
208.03171320362765
226.9263169461226
193.2155433924218
194.04551006249108
278.3129196534275
238.6425465597231
323.56184693936945
231.44081480529366
216.2582248214443
232.84737669416546
168.4830587301178
216.2632866988696
176.9751060846513
281.78378135820634
245.10063338332017
154.92626944317243
219.4787423668172
266.42831286590246
236.82159532560706
204.97354428699862
329.3764139523306
256.5370735817452
237.2071184346512
198.35362936252938
305.3566788356479
183.60512104757177
176.74428500061055
259.2477031722743
153.2478122406613
242.10270820189507
248.21675075024177
143.96521492601246
268.2005161768045
73.50188376622552
47.49659170106203
65.16800656021444
86.05258462486894
43.67049103994657
45.148421328028576
51.06966795127654
65.65505637191532
66.14215350963002
76.32137030959758
103.92824156913187
87.17260639463899
58.410313194495586
10.328308191751418
37.72058708341386
12.902164755257544
67.49885636129753
30.946622553733494
67.77337957097913
73.1410538315281
44.90081919561635
16.46951192693404
93.98891475449366
58.98563099427886
8.034650049267114
104.58383540514811
62.84725507576023
96.13946296101768
85.07468074459774
81.31490713568814
85.27893542820914
66.00331464491978
74.97464781220853
57.46057596499827
92.12146008764853
49.62685338275122
102.66660232942571
9.271480691520708
33.897685151922886
43.65167020253074
30.599544472774365
54.34760627235132
7.269145993906648
47.88663910141882
104.99838548709936
82.02622675333626
82.66100845138573
16.796548621949647
65.01446572801609
67.46721667141037
58.68223144218153
31.057545326271207
74.24588397017362
62.25523736074178
45.06594564593793
17.393656971583553
46.21313372695556
156.05170329618974
166.16000492778667
130.85737843621078
226.35449759754593
111.69172965449235
217.93111559973858
172.0386929891544
133.47877730840653
147.50960780450865
160.9345708089708
217.37056926437322
138.18353124531347
222.78178338384234
203.15158098862508
180.08206047896206
222.29962404483322
146.4168981335551
174.65080528277244
200.4823511535211
202.99111356512987
185.63889378877434
194.49931476891342
213.51813844876517
152.23232855559883
172.34024849987256
186.06203390081185
174.08976595026112
182.40040943113618
164.8458870305408
139.59004962668206
175.62251302602877
206.89660432722442
223.54608364695187
223.38536904756887
229.05117235961868
197.6579301766773
223.59871752859632
111.8067168417366
193.43014528472435
146.5480792109152
189.51698761537335
176.9713931100513
191.9239372489487
196.3664097775264
143.8554722585193
164.7945153662957
183.86336563324608
162.3192448525974
184.59744837092074
205.374508352766
136.43225503322975
226.67364604494603
143.54869018880794
135.8715474802476
214.389924313783
183.7010103758558
145.27795911799438
186.38530086983852
172.8286857963145
193.44933201452815
140.7151930339252
136.01557402648336
135.13917449510754
179.5787445487562
135.55037661126406
154.14178458323525
221.30467670207338
128.30500031352346
132.52796335167588
200.61271342561068
168.90974659423392
157.81386759792713
190.37298757119228
119.61399827935418
208.562857167408
172.6735034748659
223.92680666280594
182.7759082341135
180.19844987622224
188.71322261057443
147.99142884224116
169.25276689210784
204.4269034873014
192.64520846184666
183.8573072590414
156.59378745346285
134.9785479943039
221.75077049716853
225.4655981874436
166.6725916401106
134.47779370526598
181.61156518427924
126.46676132918066
115.85871228844367
150.81023681382845
187.21383467298477
137.92588617223328
138.795510354137
128.04926711178797
135.55002526874833
141.98854438977702
140.20674601978635
150.12787928737626
143.0633241593731
146.38418328213268
165.7019426717695
115.04566651048928
128.13866130184772
158.71922765682191
169.07948349816613
161.72407627114222
167.6532779487048
116.59795175220113
165.6922542023804
124.32429258325739
121.77724065625861
143.96257239859807
222.18540330327335
120.93083462222452
162.27139735876884
163.38089558039883
144.28657996286418
180.28272039452386
139.06412267245253
127.24059375056567
169.65869147053166
179.97675265584127
198.2627152349287
171.72027759881078
147.3816110346991
184.2369595931345
209.16317008093094
196.56477070978528
158.02164354698104
225.02729638510544
144.36330596447308
184.0737494549236
165.37762906392095
181.99485994554936
194.99522727685257
184.8658124974162
192.59657488007792
130.6816984845005
150.48374542204485
151.57015403655515
112.35962459594683
199.76973984313938
140.810670286323
210.9795856395872
210.63166559505737
128.3917377505233
133.7501589083545
176.82138814294194
214.77004534888664
190.94246727234426
222.64935248738462
171.43143699180303
212.95365282667336
202.77614531681704
167.7227757578491
170.66274981400608
160.01906238797528
198.54911409152092
126.81020639811081
164.86113981090483
165.4969863252868
160.61470868953037
192.80757370563012
199.32562372312393
168.07094259723826
134.57511167903846
147.45455024019876
212.99856821582648
178.83397754867048
117.8109669289228
167.9498006619525
137.36490440877236
137.82935519820302
125.30154932223437
209.7897761697069
126.5313793741152
170.38903771408835
143.10868680875407
159.80702296601729
128.9996545853673
131.69631631235293
136.21106661761488
144.04269087069179
178.43226240127723
195.1919174703754
126.59720473979125
182.81982795354406
125.36855039108929
229.23486638832077
196.3155429208358
206.21998714647202
180.25429660689952
128.84099188023697
181.65664883140545
123.19900948314913
132.58062447743131
223.00984458436514
190.61103332237158
202.72919156440386
210.3405597151621
185.230027140041
161.31092220179497
123.47480249276934
149.43670135413538
144.5839261983035
201.110977594781
115.16624404262436
202.9176583110873
130.46345366931436
125.20943360037668
126.4590207860644
192.84414955256904
161.61624623155348
126.53829577333053
172.3504845210179
158.3613863342623
124.45986130901908
220.40032858451963
195.76989158217353
144.48793821899372
159.38685457123154
193.53623259853728
156.577957716121
182.09710834126867
162.17749855804658
124.04997579211854
153.32531428549152
196.26861928756244
135.05885136987382
138.52288497890981
177.67480030077422
149.8726435663682
195.6340043679427
127.39426093406793
159.14938057841962
184.4007416161417
125.84198387172034
152.63555577956984
182.29345661614406
126.98017042161754
128.2712148649205
136.7520602767981
160.43735676929413
127.58402469938055
176.85565553558078
118.44918401669554
196.87968531004896
199.5512948145456
149.43948287974544
202.09084735654483
166.39533076409373
123.32198740855009
178.39423620963714
225.4633666921662
170.68747307501098
217.26018408346334
156.35231811911194
160.51382693240188
156.2306579112074
207.60808505289302
164.07535505361207
223.19571902350606
207.18311325297338
170.79851636184733
228.78605494112554
164.97269653964398
128.24010704793878
152.90684721545878
224.76072546771678
199.90765237677198
208.7065776351894
225.56641450784912
199.336043195424
152.1726198441052
214.8196155780546
116.1293378511553
198.46770515715338
153.07606119192764
143.5629415630453
189.1082344516877
119.67443456629286
156.0718635280295
183.8314206738702
176.83796083716976
118.83835065207927
129.90533763883641
184.53204901962218
165.4211442226858
151.9375465023083
164.32335847745424
145.23424196853665
158.55234765759735
174.3781083775996
132.1205483290678
185.17732875323674
121.39779113261022
150.95458364550376
205.6465911466458
199.57750358118548
189.60213984900926
209.8015193192513
122.86062397239556
179.57568092434423
135.60507627080213
162.5957903275907
186.89348825737585
162.65928116323767
193.50361508012514
115.76514395089912
113.32830906580367
115.65865833480109
165.55844482704148
115.05216183505713
189.996343370911
160.29564778078165
180.56411184460214
143.71072584760705
116.4517338075605
116.8920297970351
135.5771166172608
220.00584413549603
157.97945747822737
215.95132417428857
222.92346741516013
132.48297386952441
166.0129553139951
157.89811721309155
140.57156965414933
198.63165615375326
134.00987717618904
224.3618621370912
151.31834265268074
144.688073484487
147.41412362088624
187.49204385248728
170.5262806198516
160.56522986358374
166.61780212318703
209.33578928751746
127.51550065003823
176.40424611593264
197.6136519959936
134.69163564188105
163.19210368872461
132.562481235218
227.94088967106626
191.1709148125077
166.11797838828582
123.33118670365033
137.2419566308884
110.3275385884309
213.67749912881422
178.02555533007683
192.87305495835278
122.68061302184596
178.37332313582024
175.57354581857655
149.0012997577054
221.65453163335968
135.35214958246434
166.34079271805982
201.22121104573682
227.31012727071308
225.47879024698054
155.78027257609833
123.03813899530597
227.5850124085923
141.3951707919496
153.69824494851835
185.15924592097613
121.38828089134421
173.08947004842997
153.09006982937018
139.51704499388555
214.938137392322
183.31811158465786
154.0338737714255
181.20450161848055
173.5913373557555
142.44557147243927
122.79107200861965
163.49801603775254
175.07194421817235
224.53923034534193
169.46058940386018
144.2681237123556
169.24612653851148
210.12511721411425
164.16458940615024
135.30080463372315
201.6455073507326
215.12802965702662
150.30764126910464
126.90593304053718
148.50622922892705
163.29386911249475
132.5666443876436
143.95917568534236
157.29029078186804
114.02882079614528
133.5930254731274
181.49123741098248
209.22975938234651
124.89607786976866
176.25036089404978
152.46875640267388
227.60127797513
176.48091946856272
113.55439380237073
127.46488803198804
149.87547247438792
151.6854780186304
174.35540342040366
173.27133056652394
133.08853602620752
120.86967334235902
194.17110544349214
201.24909741459393
196.00733023938153
135.9830130435636
196.93361873338907
182.23440420127088
117.28172474764263
208.68074363562198
222.89965381242672
183.15078368689555
145.0225883688296
176.78242997077712
115.6096519082208
145.4039971269122
164.0522562216109
153.85029734450922
143.35056779011325
133.27903384018393
155.78207130866255
150.07986524890998
132.10826660393758
150.45463792924096
226.0709220695511
119.23259489630789
118.06390825656047
120.23127040088514
128.840276093296
185.1504527982062
214.10083093083233
220.0924141708905
214.32508270582937
176.5649701600244
144.58028872590972
177.7893141064574
201.03867578594134
172.1186939009327
170.85065553471088
221.36407932348732
165.72610789326143
224.98325601257727
260.14917984122434
265.5994797547594
250.96981307478342
275.6615982431841
320.9086728434563
296.5989618490761
263.08980897976
274.31217950413185
230.0540102460182
301.4865516549624
323.8265143917367
243.65715106862436
284.72760175593
314.4919589220515
311.55069118981953
236.43911626654267
313.1071778889207
276.480535765691
310.77226049395165
328.21822833467536
234.88892298661978
307.9501458590389
281.02615171989237
326.12856056566943
299.388407637499
246.37727718335748
310.6326390437983
311.44165778498797
328.2697628474197
270.71927589568367
254.63505571753072
331.65064668974566
234.18019323404104
282.51230398025456
239.3839665213306
319.9421587201876
285.4609899936542
295.9040378092492
303.7953201228781
246.3008307955982
264.6227142925427
334.6287212986938
243.80944145507593
269.4336731476518
287.0154000385983
245.00015293552494
258.1564151554868
307.41240930121336
251.50880119323452
278.4125802643351
285.31606812165603
306.14898807575815
303.13939865582364
248.90202145326674
332.054975724828
245.08333522567443
230.16779265005087
