35.04934378613077
66.09845206486766
27.16175752985385
28.13820431689696
48.42216915299089
21.074302355568314
71.22303487346448
41.667266026265786
55.03217903213215
3.0892571868465737
56.524588955236766
52.55961927588078
19.000267813950842
23.474668602275116
17.31762489314501
50.00731914714524
11.35496834349917
70.49988994654512
71.13887876468695
22.12282757521084
53.488346204601555
34.31966293738122
15.021001483869718
4.086666729903449
23.699743350969122
11.985521115513091
33.50355462066629
14.892658781959753
43.30814385600816
31.17215019592487
39.49871076353683
29.406028814522486
42.544968611726446
35.74130602927387
18.463063729422462
57.38397174888675
40.116392038197226
50.22675723918323
48.25886427942332
16.853218110369646
50.94037431673604
41.39850658988627
31.353638308656723
29.65757160375479
50.990650934926805
45.727829751883235
70.36039065384767
70.23022183899164
48.70561752600565
30.23319434242381
66.08280600505049
69.77954039521894
67.67475220832615
71.03448934410997
27.357609880217993
9.542377303573037
28.724674421064087
26.511491620779346
36.486634438218076
60.05739566229586
56.93968823186634
55.49448962563815
109.63751746749469
103.35483669416092
162.3983454362439
196.83884673506927
104.92152316943393
165.60897108261867
105.22757040461694
113.27426810708687
198.3267770667938
144.38058037281237
163.5675898623937
167.34225653779023
100.79578069701658
110.99804102217446
84.5623870807795
95.09332159959202
140.88370756276998
107.2358102562068
96.71319942657736
161.45621196586086
166.69977136822112
128.6518282788955
94.48691324827854
184.92922047918634
193.93852994275215
153.5527036315409
103.12536769251622
140.55813216644725
175.6801171406877
178.88373440339825
146.43648834394756
123.4952182423745
81.45733017004761
89.32283576682252
88.29590978675219
103.18158121716544
136.98982644625326
186.27810905417778
129.6398895079269
147.72021405303914
99.29492561190132
151.61497283305116
90.54398103089457
153.57558015243808
105.30500697665946
141.2936252438353
131.70404175587956
150.45760856068983
193.7411337125894
154.96651209645603
88.41655591859875
161.78668958484639
89.0292811905129
185.82073546820624
182.35563673331387
115.89626627924369
195.8759619888384
169.8947908325697
176.7645613696879
122.86730720308755
87.60108907395235
107.24866262287341
343.7903750854483
284.2479507255445
283.6846491833348
214.6984380709037
261.2170012960584
228.59817227334722
300.4770807426569
258.08036214964227
324.79149719554806
363.1226627606956
212.41901935267032
223.37755390791227
240.80193032694524
294.2070514591675
233.69846678112026
210.5952273319375
309.10977058309766
324.5561142512879
303.67553591607094
282.6452145972358
358.0635209811621
253.90439244941948
292.1747545762931
316.7368403608518
317.5150630350497
353.3570567196577
289.2365803039617
314.6134558791507
279.53252838756066
348.4395605913358
312.4208565980613
362.4425745145473
310.0216949574399
333.4647408611321
268.7430357292982
262.1537921617944
276.6414084934699
301.44571953521375
268.6548960301851
287.7167860233623
294.91576115084376
251.42374996544234
254.30333723171037
332.6460655518565
234.6907858334265
317.76699491800787
237.8066334776469
252.50673966238887
224.0063171732931
229.12909792347108
331.3884046552805
219.62531049272076
282.0047808629884
235.74704485267694
202.85939061720975
242.73351857521595
343.6583966029513
235.38672050468924
324.5618476641116
230.9019302894645
360.4927347674482
294.08072181194507
34.524375217021536
34.20203453146858
44.20293378730946
3.278740947924476
62.33094880985673
25.233811960472504
37.56963032878261
36.347726306238556
21.812877719680046
28.1665617051355
60.168043489768024
37.74424762518152
40.554104808647104
60.5184290291222
24.501777011409594
35.50786472642013
57.07343343903649
17.720320278034315
36.31719425353816
36.7165298660922
17.27731249294103
42.04707722561485
25.101746905882493
48.988285431354385
39.09750686400856
37.008225121746
38.9757430031025
57.11833242370743
48.643044146027236
13.522188011786596
39.11040053522719
1.3498176551473087
46.86043892072419
49.90987055650278
22.18734677303697
40.13074617386425
43.07473006174739
49.195731256384676
9.809401216673958
46.842481469891624
29.31570451143976
14.907547618705848
25.46150001907235
37.97351920818966
28.595008490047185
3.1856788262863915
9.724691900224084
49.888757319093514
53.34145130040963
33.71428265962117
64.0971502407501
62.84736373060612
31.50462569245165
12.368837348251045
38.30126629135787
25.952144614029624
54.302253745182625
44.10097406887696
15.443945029024569
55.78466174474438
56.75608161942356
1.0123596660223733
35.11051626508687
63.66625460409105
27.170249991012703
61.81621958514976
40.86659912178753
40.419749963647575
33.62216858201002
21.684800330564826
55.37104110876618
20.662057942537672
33.25171199458931
15.66756367002423
31.784991496516373
17.880195834447793
7.31936682599445
52.649436909383375
27.437150621772258
31.03303191603246
18.956315179424085
12.815292629321348
34.03236951762059
25.555678678491127
23.72517168801786
33.51376445919914
11.492554336968343
4.702047580299233
15.361272273701516
21.36518770618164
13.717444382096662
55.69774065580823
7.824513199135389
25.250202587980816
7.717321275068883
41.937330211799534
59.33101699294368
15.069739260275721
32.19189679528139
17.54901448176883
6.2469037026361
52.87169790315778
48.69311638924683
56.09017429837887
51.128189769486546
41.09995979215434
44.2546864828876
11.453887775460693
49.85965178475596
10.571429484167194
46.56338183567285
38.388006649780316
38.9686260932102
20.441669961571968
30.572770398837925
9.778731412729098
42.31231534647044
28.481800654461214
41.75098836873146
47.98195211486725
7.466666627509493
13.526407839307893
26.486598387418425
59.992641960685674
21.85590643667863
42.01389641203376
45.01679636049057
23.24623826455467
33.21721772635692
42.04716653264967
35.4390780063912
19.933960281897317
46.53646071353678
56.738879279297606
55.33766310802922
30.35415693752177
27.065987633613194
45.07789688214816
13.632506768241516
56.4849460309385
18.71765828093803
11.14627604694046
35.10855254140149
40.17128793174086
34.77397687554875
19.485773494972936
20.401560487511794
53.32852177722225
43.716685460629336
54.55188094285187
40.63765435096001
45.9099979678593
27.560809147500287
62.42941506115986
13.663384160723318
23.98772452303322
31.277012226606804
5.607766407353182
63.46785932462274
25.924057502046292
48.11208859725257
46.38176680414969
27.9433855162605
43.59925404440778
50.440818298977064
39.32798868396756
33.30438312524114
29.07148228547283
61.341181459506984
43.72655047498863
23.940346297851725
56.694711167719134
43.31067054988321
49.68117206357343
2.522300880633754
52.31967987645258
5.8370734237206605
43.04624378122158
43.58241243212875
26.051075948803362
57.96013650654892
8.553799854080484
52.38459261576406
42.65964319718345
37.62403502423205
41.807359535992845
56.50941727568046
27.615035766458206
15.10909505685143
61.49638059987089
48.14875371468024
54.468925197680036
64.6589356177613
8.819716585552374
28.0682523758761
63.54920194820953
27.977698059780874
52.5695668046679
43.97357093586199
51.12365463581294
28.412627435871677
7.80085708010834
5.840278974936723
12.167522862163874
57.572167527482975
30.253168871084675
11.07467417626064
59.86172297459733
7.606264431069263
43.80561098922621
14.174143577416217
60.22331462214316
2.2757372594958234
24.828754682953054
8.088611550651233
3.100166792969649
34.839071408348836
7.99051562834379
16.741836871372406
59.224151860115526
10.553503311516039
45.26826192907976
39.570691932837455
33.18159542745159
19.36380398735762
21.502826912141003
34.00568835852151
37.59505041473782
5.8654469005164565
39.9247978084244
10.458753173357195
11.140223300399349
20.637207790983844
58.15425981809838
1.3639946031508572
56.420646590919155
18.116297169128636
1.7410215439509464
33.20661441630445
32.18802557442382
18.232180359202385
34.09911374137243
12.484386206766498
37.71223695189568
64.34447269676033
39.967360642985795
20.36529681016878
20.948077473472047
14.538562088580008
32.89308100068148
121.91931714876083
122.08766160177001
120.35025512526136
78.41765004225942
75.76019837034227
86.32536425044209
103.77636743628072
116.14264871704766
89.96382040960746
90.81202997859762
110.70252751989999
116.12289593134146
95.61030714796357
68.54012628111799
92.20097825192151
103.80797833521379
80.68404848674078
66.35309210557308
79.10707631585925
119.81695638627768
76.84118744302631
82.2972153802018
86.97861813769751
88.22641012582537
72.74311044325734
123.15136968830583
131.31974061769446
116.7078314503548
74.43014476599876
84.46362897575327
86.58367626939506
128.35710630842908
90.77248954188434
121.48193197479378
128.89785985190633
82.10498389569348
127.21721998028363
100.53470803058195
112.63135733499887
110.48796084441193
65.00350269195548
102.58247662384531
97.5119265272972
79.26564598638056
120.86466973264021
79.20117971926454
126.71082307664467
94.37319447961778
131.5263589715285
116.96825140972192
117.67380429070265
75.60136827679213
119.30448966516397
108.74239594026368
89.18721373645653
66.18046501511694
117.45322734323605
103.90576680925946
91.23545986641783
128.16045880223908
72.15853072017492
69.06431451692268
68.15630886163561
104.65345140408468
69.08137996478199
101.11669809457412
96.80192203611624
107.4513402533803
119.1489302218013
115.69924925532318
128.71405874562285
70.265459163061
75.5352660863167
106.22341659233192
108.70591060900097
126.7634674772488
119.87771278404904
76.49169995529573
117.31187763088157
102.32430315713431
65.4266331760752
65.71926369205073
95.36558724405718
112.88050589080545
126.20068954439725
129.40874027906216
124.77358862194338
97.62578573247302
72.0807207201198
123.36202045732753
127.91913360989415
107.31727621569475
86.96839317959765
130.9332175518953
90.86792311048342
86.6739784419887
79.73479614504143
116.10789084894672
78.82828431077452
124.2773686217138
88.86566384518687
73.28212806392852
120.14364175671093
105.04098974644927
122.43128995242853
79.46424955095492
75.63300919089686
72.93227611365111
119.84110792788258
80.07846617904099
115.1025906245784
70.5869029274935
100.05995891964862
134.5686702730897
119.43343801173268
98.40757870232596
103.2550571605158
111.916950836001
133.80523321631273
69.82495795413696
73.45312434001383
110.53459445670289
95.63884100133586
104.16231609520165
74.83022053381372
85.91718220322055
77.29680983551027
122.4915084231843
83.30546383781041
96.28738717699646
133.2268319188487
84.20197255495714
81.58048651981426
125.50329993853147
172.90460381926698
178.23625895979595
154.9173943663348
167.60641808911313
136.2703257669678
167.08019570070388
168.1167526052243
176.584067634605
187.22115145282723
190.74270213601235
183.44303923872485
152.937187259592
187.6191024914221
169.93415095678935
184.69081412498508
181.74609742781203
135.50316829657652
182.46990794111963
152.7091005878491
