4.0
4.0
4.0
4.0
6.844751054947361
9.613843240150672
9.613843240150672
6.844751054947361
4.0
4.0
4.0
4.0
6.844751054947361
9.613843240150672
6.844751054947361
9.613843240150672
6.844751054947361
28.74837459885049
28.74837459885049
28.74837459885049
28.74837459885049
28.74837459885049
28.74837459885049
28.74837459885049
9.613843240150672
9.613843240150672
6.844751054947361
4.0
4.0
9.613843240150672
4.0
5.933724944348802
4.0
5.933724944348802
5.933724944348802
7.31082521717257
6.844751054947361
4.0
4.0
7.31082521717257
7.31082521717257
9.022236669865986
9.022236669865986
7.31082521717257
9.022236669865986
5.933724944348802
7.31082521717257
9.022236669865986
5.933724944348802
9.022236669865986
7.31082521717257
9.022236669865986
5.933724944348802
7.31082521717257
9.022236669865986
5.933724944348802
